DATA_TYPE,TIS_DATA_REQUEST,SITE_XN_ROUTE,LOC_LEG,DATE,TIME,CLASS,LANE,SPEED,WHEELBASE,HEADWAY,GAP,AXLE,AXLE_GROUPING,RHO,VEHICLE,DIRECTION
IND,208,6423,59460,29/07/2019,00:41:44,15,0,23.0,1.1,0.0,0.0,2,1,1.00,CYCLE,N
IND,208,6423,59460,29/07/2019,04:38:14,15,0,28.4,1.0,14190.1,14189.9,2,1,1.00,CYCLE,N
IND,208,6423,59460,29/07/2019,05:24:30,15,0,23.9,1.1,2776.2,2776.1,2,1,1.00,CYCLE,N
IND,208,6423,59460,29/07/2019,06:33:40,15,0,29.1,1.0,4150.0,4149.8,2,1,1.00,CYCLE,N
IND,208,6423,59460,29/07/2019,06:34:03,15,0,16.4,1.1,22.6,22.5,2,1,1.00,CYCLE,N
IND,208,6423,59461,29/07/2019,06:38:55,15,1,26.2,1.0,21430.7,21430.7,2,1,1.00,CYCLE,S
IND,208,6423,59461,29/07/2019,06:39:03,15,1,24.8,1.0,8.2,8.1,2,1,1.00,CYCLE,S
IND,208,6423,59460,29/07/2019,06:45:08,15,0,9.4,1.0,665.0,664.9,2,1,0.40,CYCLE,N
IND,208,6423,59461,29/07/2019,06:57:21,15,1,19.0,1.1,1098.1,1098.0,2,1,1.00,CYCLE,S
IND,208,6423,59461,29/07/2019,07:04:09,15,1,7.3,1.0,407.3,407.2,2,1,0.86,CYCLE,S
IND,208,6423,59460,29/07/2019,07:07:28,15,0,27.1,1.1,1340.4,1339.9,2,1,1.00,CYCLE,N
IND,208,6423,59461,29/07/2019,07:21:23,15,1,22.7,1.1,1034.5,1034.0,2,1,1.00,CYCLE,S
IND,208,6423,59461,29/07/2019,07:28:31,15,1,27.0,1.0,427.7,427.5,2,1,1.00,CYCLE,S
IND,208,6423,59461,29/07/2019,07:28:33,15,1,18.6,1.0,2.0,1.9,2,1,1.00,CYCLE,S
IND,208,6423,59461,29/07/2019,07:28:35,15,1,20.0,1.0,2.0,1.8,2,1,1.00,CYCLE,S
IND,208,6423,59460,29/07/2019,07:33:21,15,0,21.1,1.0,1553.0,1552.9,2,1,1.00,CYCLE,N
IND,208,6423,59461,29/07/2019,07:38:32,15,1,22.8,1.1,597.8,597.6,2,1,1.00,CYCLE,S
IND,208,6423,59461,29/07/2019,07:44:36,15,1,24.6,1.0,363.4,363.2,2,1,1.00,CYCLE,S
IND,208,6423,59460,29/07/2019,07:45:34,15,0,25.5,1.0,732.4,732.2,2,1,1.00,CYCLE,N
IND,208,6423,59461,29/07/2019,07:46:26,15,1,21.5,1.0,109.9,109.7,2,1,1.00,CYCLE,S
IND,208,6423,59460,29/07/2019,07:53:12,15,0,28.3,1.1,457.9,457.8,2,1,1.00,CYCLE,N
IND,208,6423,59460,29/07/2019,07:54:24,15,0,29.8,1.0,71.7,71.6,2,1,1.00,CYCLE,N
IND,208,6423,59460,29/07/2019,07:58:41,15,0,19.8,1.1,257.0,256.9,2,1,1.00,CYCLE,N
IND,208,6423,59461,29/07/2019,08:04:21,15,1,3.9,1.0,373.1,372.9,2,1,0.67,CYCLE,S
IND,208,6423,59460,29/07/2019,08:23:53,15,0,26.4,1.0,1512.1,1512.0,2,1,1.00,CYCLE,N
IND,208,6423,59461,29/07/2019,08:36:43,15,1,27.7,1.0,1942.9,1941.3,2,1,0.80,CYCLE,S
IND,208,6423,59460,29/07/2019,08:44:47,15,0,27.9,1.0,1254.5,1254.4,2,1,1.00,CYCLE,N
IND,208,6423,59461,29/07/2019,08:56:25,15,1,2.8,0.2,1181.9,1182.1,2,1,0.80,CYCLE,S
IND,208,6423,59461,29/07/2019,09:20:22,15,1,23.8,1.0,1436.3,1435.5,2,1,1.00,CYCLE,S
IND,208,6423,59461,29/07/2019,09:23:05,15,1,20.1,1.0,163.5,163.4,2,1,1.00,CYCLE,S
IND,208,6423,59460,29/07/2019,09:26:37,15,0,6.1,1.0,2510.3,2510.4,2,1,0.36,CYCLE,N
IND,208,6423,59460,29/07/2019,09:30:04,15,0,6.2,1.0,207.0,206.0,2,1,0.67,CYCLE,N
IND,208,6423,59461,29/07/2019,11:04:00,15,1,25.1,1.0,716.0,715.6,2,1,1.00,CYCLE,S
IND,208,6423,59460,29/07/2019,11:08:25,15,0,4.8,0.6,5900.9,5900.4,2,1,1.00,CYCLE,N
IND,208,6423,59460,29/07/2019,11:11:28,15,0,24.2,1.0,182.6,182.2,2,1,1.00,CYCLE,N
IND,208,6423,59461,29/07/2019,11:34:41,15,1,2.7,0.3,1841.2,1841.5,2,1,0.80,CYCLE,S
IND,208,6423,59461,29/07/2019,12:24:12,15,1,4.3,1.0,2971.0,2970.5,2,1,0.86,CYCLE,S
IND,208,6423,59461,29/07/2019,12:58:58,15,1,4.7,1.0,406.7,406.6,2,1,0.50,CYCLE,S
IND,208,6423,59460,29/07/2019,12:58:58,15,0,4.7,1.0,0.0,0.0,2,1,0.50,CYCLE,N
IND,208,6423,59461,29/07/2019,13:01:22,15,1,27.0,1.0,143.5,142.1,2,1,1.00,CYCLE,S
IND,208,6423,59460,29/07/2019,13:43:57,15,0,5.4,0.6,9148.7,9148.5,2,1,0.80,CYCLE,N
IND,208,6423,59460,29/07/2019,13:51:24,15,0,5.6,1.0,447.1,446.7,2,1,0.57,CYCLE,N
IND,208,6423,59460,29/07/2019,13:51:24,15,0,5.6,1.0,0.0,0.0,2,1,0.57,CYCLE,N
IND,208,6423,59461,29/07/2019,14:02:28,15,1,28.6,1.0,3665.9,3665.8,2,1,1.00,CYCLE,S
IND,208,6423,59461,29/07/2019,14:05:03,15,1,5.0,1.0,155.6,155.6,2,1,0.57,CYCLE,S
IND,208,6423,59461,29/07/2019,14:15:06,15,1,15.6,1.1,303.2,303.0,2,1,1.00,CYCLE,S
IND,208,6423,59461,29/07/2019,14:31:38,15,1,21.2,1.1,991.4,991.2,2,1,1.00,CYCLE,S
IND,208,6423,59461,29/07/2019,14:31:52,15,1,2.5,0.2,14.3,14.6,2,1,1.00,CYCLE,S
IND,208,6423,59460,29/07/2019,14:36:44,15,0,17.5,1.1,2720.6,2719.5,2,1,1.00,CYCLE,N
IND,208,6423,59460,29/07/2019,15:12:33,15,0,13.3,1.0,2149.2,2149.0,2,1,1.00,CYCLE,N
IND,208,6423,59460,29/07/2019,15:12:37,15,0,18.4,1.1,3.7,3.4,2,1,1.00,CYCLE,N
IND,208,6423,59460,29/07/2019,15:15:23,15,0,18.7,1.1,166.0,165.8,2,1,1.00,CYCLE,N
IND,208,6423,59460,29/07/2019,15:39:13,15,0,20.0,1.1,1429.4,1429.2,2,1,1.00,CYCLE,N
IND,208,6423,59461,29/07/2019,15:42:07,15,1,14.6,1.1,3.6,3.2,2,1,1.00,CYCLE,S
IND,208,6423,59461,29/07/2019,16:40:04,15,1,15.6,1.0,3477.2,3476.9,2,1,1.00,CYCLE,S
IND,208,6423,59460,29/07/2019,16:55:00,15,0,23.3,1.1,4547.0,4546.8,2,1,1.00,CYCLE,N
IND,208,6423,59461,29/07/2019,17:01:48,15,1,34.2,1.0,1303.8,1303.5,2,1,0.25,CYCLE,S
IND,208,6423,59460,29/07/2019,17:04:29,15,0,29.5,1.0,569.0,568.8,2,1,1.00,CYCLE,N
IND,208,6423,59460,29/07/2019,17:06:15,15,0,25.4,1.0,106.1,106.0,2,1,1.00,CYCLE,N
IND,208,6423,59461,29/07/2019,17:07:10,15,1,19.1,1.0,321.9,321.8,2,1,1.00,CYCLE,S
IND,208,6423,59461,29/07/2019,17:09:08,15,1,11.3,1.0,118.4,118.3,2,1,1.00,CYCLE,S
IND,208,6423,59461,29/07/2019,17:12:35,15,1,31.3,1.0,207.3,206.9,2,1,1.00,CYCLE,S
IND,208,6423,59460,29/07/2019,17:15:36,15,0,24.7,1.0,560.9,560.8,2,1,1.00,CYCLE,N
IND,208,6423,59460,29/07/2019,17:29:54,15,0,6.6,1.0,858.7,858.5,2,1,0.57,CYCLE,N
IND,208,6423,59460,29/07/2019,17:30:35,15,0,18.2,1.0,41.0,40.5,2,1,1.00,CYCLE,N
IND,208,6423,59461,29/07/2019,17:31:11,15,1,24.1,1.0,511.5,510.6,2,1,1.00,CYCLE,S
IND,208,6423,59461,29/07/2019,17:42:26,15,1,3.4,1.0,622.8,622.9,2,1,0.33,CYCLE,S
IND,208,6423,59461,29/07/2019,17:42:53,15,1,28.2,1.0,26.9,25.3,2,1,1.00,CYCLE,S
IND,208,6423,59460,29/07/2019,18:04:23,15,0,22.3,1.0,2027.5,2027.3,2,1,1.00,CYCLE,N
IND,208,6423,59461,29/07/2019,18:16:04,15,1,16.2,1.0,1990.7,1990.6,2,1,1.00,CYCLE,S
IND,208,6423,59460,29/07/2019,18:19:24,15,0,19.0,1.0,901.0,900.8,2,1,1.00,CYCLE,N
IND,208,6423,59460,29/07/2019,18:22:28,15,0,19.6,1.0,184.0,183.8,2,1,1.00,CYCLE,N
IND,208,6423,59461,29/07/2019,18:35:27,15,1,30.8,1.0,1163.7,1163.4,2,1,1.00,CYCLE,S
IND,208,6423,59460,29/07/2019,18:44:44,15,0,26.9,1.1,1336.4,1336.2,2,1,1.00,CYCLE,N
IND,208,6423,59461,29/07/2019,19:17:09,15,1,24.3,1.0,2501.7,2501.6,2,1,1.00,CYCLE,S
IND,208,6423,59460,30/07/2019,05:22:44,15,0,24.5,1.1,35619.6,35619.6,2,1,1.00,CYCLE,N
IND,208,6423,59461,30/07/2019,05:56:28,15,1,21.4,1.0,38358.8,38358.7,2,1,1.00,CYCLE,S
IND,208,6423,59460,30/07/2019,06:31:14,15,0,15.8,1.1,4109.7,4109.6,2,1,1.00,CYCLE,N
IND,208,6423,59461,30/07/2019,06:35:11,15,1,18.0,1.1,2323.1,2322.9,2,1,1.00,CYCLE,S
IND,208,6423,59460,30/07/2019,06:45:37,15,0,1.9,0.2,863.1,862.8,2,1,1.00,CYCLE,N
IND,208,6423,59460,30/07/2019,06:45:43,15,0,20.5,1.1,6.0,5.6,2,1,1.00,CYCLE,N
IND,208,6423,59461,30/07/2019,06:54:27,15,1,14.3,1.0,1156.1,1155.9,2,1,1.00,CYCLE,S
IND,208,6423,59461,30/07/2019,07:22:10,15,1,24.1,1.1,1663.1,1662.8,2,1,1.00,CYCLE,S
IND,208,6423,59461,30/07/2019,07:24:18,15,1,20.0,1.0,127.9,127.7,2,1,0.67,CYCLE,S
IND,208,6423,59461,30/07/2019,07:24:23,15,1,18.9,1.0,5.1,4.9,2,1,1.00,CYCLE,S
IND,208,6423,59460,30/07/2019,07:27:59,15,0,25.7,1.0,2535.9,2535.7,2,1,1.00,CYCLE,N
IND,208,6423,59460,30/07/2019,07:27:59,15,0,25.7,1.0,0.0,0.0,2,1,1.00,CYCLE,N
IND,208,6423,59460,30/07/2019,07:29:19,15,0,23.9,1.0,79.8,79.5,2,1,1.00,CYCLE,N
IND,208,6423,59460,30/07/2019,07:33:03,15,0,32.5,1.0,224.6,224.4,2,1,1.00,CYCLE,N
IND,208,6423,59461,30/07/2019,07:43:04,15,1,26.7,1.0,1120.8,1120.6,2,1,1.00,CYCLE,S
IND,208,6423,59460,30/07/2019,07:55:32,15,0,35.0,1.0,1348.3,1348.2,2,1,1.00,CYCLE,N
IND,208,6423,59460,30/07/2019,07:59:03,15,0,27.6,1.0,211.8,211.7,2,1,1.00,CYCLE,N
IND,208,6423,59460,30/07/2019,08:03:22,15,0,27.4,1.0,258.8,258.7,2,1,1.00,CYCLE,N
IND,208,6423,59460,30/07/2019,08:08:57,15,0,29.1,1.0,334.6,334.4,2,1,1.00,CYCLE,N
IND,208,6423,59461,30/07/2019,08:27:16,15,1,25.2,1.0,2651.8,2651.7,2,1,1.00,CYCLE,S
IND,208,6423,59461,30/07/2019,08:45:55,15,1,21.4,1.1,1118.8,1118.7,2,1,1.00,CYCLE,S
IND,208,6423,59461,30/07/2019,08:46:17,15,1,23.5,1.0,22.6,22.4,2,1,1.00,CYCLE,S
IND,208,6423,59460,30/07/2019,09:27:45,15,0,3.9,1.0,4728.2,4728.4,2,1,0.22,CYCLE,N
IND,208,6423,59460,30/07/2019,09:27:45,15,0,3.9,1.0,0.0,0.0,2,1,0.22,CYCLE,N
IND,208,6423,59460,30/07/2019,09:27:45,15,0,3.9,1.0,0.0,0.0,2,1,0.22,CYCLE,N
IND,208,6423,59460,30/07/2019,09:27:45,15,0,3.9,1.0,0.0,0.0,2,1,0.22,CYCLE,N
IND,208,6423,59461,30/07/2019,09:40:22,15,1,3.6,0.5,3244.3,3244.6,2,1,0.80,CYCLE,S
IND,208,6423,59460,30/07/2019,09:42:00,15,0,6.1,0.5,854.6,850.4,2,1,1.00,CYCLE,N
IND,208,6423,59460,30/07/2019,09:49:35,15,0,3.9,1.0,455.4,455.5,2,1,0.33,CYCLE,N
IND,208,6423,59460,30/07/2019,09:49:35,15,0,3.9,1.0,0.0,0.0,2,1,0.33,CYCLE,N
IND,208,6423,59460,30/07/2019,09:49:35,15,0,3.9,1.0,0.0,0.0,2,1,0.33,CYCLE,N
IND,208,6423,59460,30/07/2019,10:37:08,15,0,20.0,1.0,2853.5,2849.1,2,1,1.00,CYCLE,N
IND,208,6423,59460,30/07/2019,10:37:11,15,0,20.4,1.0,2.6,2.5,2,1,1.20,CYCLE,N
IND,208,6423,59460,30/07/2019,10:37:16,15,0,21.3,1.0,4.7,4.5,2,1,0.89,CYCLE,N
IND,208,6423,59460,30/07/2019,10:37:16,15,0,21.3,1.0,0.0,0.0,2,1,0.89,CYCLE,N
IND,208,6423,59461,30/07/2019,11:03:55,15,1,23.3,1.0,1718.5,1718.0,2,1,1.00,CYCLE,S
IND,208,6423,59461,30/07/2019,11:17:39,15,1,19.5,1.0,823.2,823.0,2,1,1.00,CYCLE,S
IND,208,6423,59460,30/07/2019,11:22:33,15,0,24.0,1.0,2716.9,2716.4,2,1,1.00,CYCLE,N
IND,208,6423,59460,30/07/2019,11:42:05,15,0,11.8,1.1,1171.9,1171.7,2,1,1.00,CYCLE,N
IND,208,6423,59460,30/07/2019,12:04:56,15,0,27.2,1.0,1371.8,1371.4,2,1,0.86,CYCLE,N
IND,208,6423,59460,30/07/2019,12:08:18,15,0,52.8,1.0,201.6,201.4,2,1,1.00,CYCLE,N
IND,208,6423,59460,30/07/2019,12:46:17,15,0,32.8,1.0,2279.0,2279.0,2,1,0.33,CYCLE,N
IND,208,6423,59460,30/07/2019,13:45:58,15,0,38.2,1.0,3581.3,3580.8,2,1,0.36,CYCLE,N
IND,208,6423,59460,30/07/2019,13:45:59,15,0,36.5,0.7,0.7,0.3,2,1,1.00,CYCLE,N
IND,208,6423,59460,30/07/2019,13:58:47,15,0,26.4,1.0,767.9,767.8,2,1,1.00,CYCLE,N
IND,208,6423,59460,30/07/2019,14:07:16,15,0,4.5,1.0,509.7,509.8,2,1,0.67,CYCLE,N
IND,208,6423,59460,30/07/2019,14:07:16,15,0,4.5,1.0,0.0,0.0,2,1,0.67,CYCLE,N
IND,208,6423,59461,30/07/2019,14:42:39,15,1,19.0,1.1,9178.2,9177.8,2,1,1.00,CYCLE,S
IND,208,6423,59460,30/07/2019,15:05:06,15,0,30.0,1.0,3470.0,3468.2,2,1,1.00,CYCLE,N
IND,208,6423,59460,30/07/2019,15:13:11,15,0,2.7,0.3,485.1,484.9,2,1,1.00,CYCLE,N
IND,208,6423,59461,30/07/2019,15:24:51,15,1,21.1,1.1,2531.9,2531.7,2,1,1.00,CYCLE,S
IND,208,6423,59461,30/07/2019,16:48:10,15,1,17.0,1.1,4999.5,4999.3,2,1,1.00,CYCLE,S
IND,208,6423,59461,30/07/2019,17:02:44,15,1,29.1,1.0,874.5,874.2,2,1,1.00,CYCLE,S
IND,208,6423,59461,30/07/2019,17:02:51,15,1,19.4,1.0,6.1,6.0,2,1,1.00,CYCLE,S
IND,208,6423,59461,30/07/2019,17:06:32,15,1,28.0,1.0,221.7,221.5,2,1,1.00,CYCLE,S
IND,208,6423,59460,30/07/2019,17:15:47,15,0,26.3,1.0,7355.0,7354.7,2,1,1.00,CYCLE,N
IND,208,6423,59461,30/07/2019,17:20:50,15,1,26.0,1.0,857.5,857.4,2,1,1.00,CYCLE,S
IND,208,6423,59461,30/07/2019,17:21:37,15,1,25.6,1.0,47.2,47.0,2,1,1.00,CYCLE,S
IND,208,6423,59461,30/07/2019,17:32:27,15,1,26.1,1.0,59.6,59.2,2,1,1.00,CYCLE,S
IND,208,6423,59461,30/07/2019,17:33:13,15,1,29.7,1.0,46.4,46.2,2,1,1.00,CYCLE,S
IND,208,6423,59461,30/07/2019,17:43:02,15,1,7.7,0.7,588.4,588.5,2,1,0.80,CYCLE,S
IND,208,6423,59461,30/07/2019,17:43:04,15,1,7.7,1.0,1.9,1.4,2,1,0.40,CYCLE,S
IND,208,6423,59461,30/07/2019,17:50:34,15,1,23.5,1.0,450.1,449.5,2,1,1.00,CYCLE,S
IND,208,6423,59461,30/07/2019,17:50:34,15,1,23.5,1.0,0.0,0.0,2,1,1.00,CYCLE,S
IND,208,6423,59460,30/07/2019,17:57:18,15,0,23.8,1.0,2491.9,2491.7,2,1,1.00,CYCLE,N
IND,208,6423,59460,30/07/2019,18:12:31,15,0,22.6,1.0,912.8,912.7,2,1,1.00,CYCLE,N
IND,208,6423,59461,30/07/2019,18:48:37,15,1,27.5,1.0,3482.9,3482.5,2,1,1.00,CYCLE,S
IND,208,6423,59460,30/07/2019,20:42:14,15,0,5.8,1.0,8982.3,8982.3,2,1,0.25,CYCLE,N
IND,208,6423,59460,31/07/2019,04:19:45,15,0,20.8,1.0,27451.3,27449.2,2,1,1.00,CYCLE,N
IND,208,6423,59460,31/07/2019,04:31:37,15,0,25.9,1.0,711.8,711.6,2,1,1.00,CYCLE,N
IND,208,6423,59460,31/07/2019,05:22:43,15,0,23.4,1.1,3066.0,3065.9,2,1,1.00,CYCLE,N
IND,208,6423,59460,31/07/2019,06:31:50,15,0,16.5,1.1,4147.4,4147.3,2,1,1.00,CYCLE,N
IND,208,6423,59461,31/07/2019,06:36:18,15,1,25.3,1.0,42461.4,42461.3,2,1,1.00,CYCLE,S
IND,208,6423,59460,31/07/2019,06:36:24,15,0,24.3,1.1,273.9,273.7,2,1,1.00,CYCLE,N
IND,208,6423,59461,31/07/2019,06:43:00,15,1,22.9,1.0,402.2,402.1,2,1,1.00,CYCLE,S
IND,208,6423,59461,31/07/2019,06:45:27,15,1,24.7,1.1,147.0,146.9,2,1,1.00,CYCLE,S
IND,208,6423,59461,31/07/2019,06:55:29,15,1,25.1,1.0,601.5,601.3,2,1,0.57,CYCLE,S
IND,208,6423,59461,31/07/2019,06:55:29,15,1,25.1,1.0,0.0,0.0,2,1,0.57,CYCLE,S
IND,208,6423,59461,31/07/2019,07:21:28,15,1,19.7,1.0,1559.4,1559.3,2,1,1.00,CYCLE,S
IND,208,6423,59461,31/07/2019,07:23:51,15,1,21.7,1.1,142.3,142.1,2,1,1.00,CYCLE,S
IND,208,6423,59461,31/07/2019,07:34:31,15,1,2.8,0.2,640.9,641.1,2,1,1.00,CYCLE,S
IND,208,6423,59460,31/07/2019,07:36:01,15,0,27.8,1.0,566.7,566.3,2,1,1.00,CYCLE,N
IND,208,6423,59461,31/07/2019,07:45:41,15,1,26.2,1.0,669.6,668.9,2,1,1.00,CYCLE,S
IND,208,6423,59461,31/07/2019,07:47:40,15,1,26.4,1.1,119.4,119.2,2,1,1.00,CYCLE,S
IND,208,6423,59461,31/07/2019,08:01:23,15,1,1.9,0.3,822.4,822.8,2,1,1.00,CYCLE,S
IND,208,6423,59460,31/07/2019,08:03:06,15,0,25.5,1.0,1625.5,1625.4,2,1,1.00,CYCLE,N
IND,208,6423,59460,31/07/2019,08:06:35,15,0,31.1,1.0,208.4,208.3,2,1,1.00,CYCLE,N
IND,208,6423,59461,31/07/2019,08:13:36,15,1,26.6,1.1,733.6,732.6,2,1,1.00,CYCLE,S
IND,208,6423,59461,31/07/2019,08:19:31,15,1,22.1,1.0,354.6,354.4,2,1,1.00,CYCLE,S
IND,208,6423,59461,31/07/2019,08:32:27,15,1,6.6,1.0,776.4,776.2,2,1,0.67,CYCLE,S
IND,208,6423,59460,31/07/2019,08:37:43,15,0,12.0,1.1,1868.7,1868.6,2,1,1.00,CYCLE,N
IND,208,6423,59460,31/07/2019,08:46:17,15,0,6.0,1.0,513.2,513.0,2,1,0.40,CYCLE,N
IND,208,6423,59460,31/07/2019,08:56:27,15,0,24.7,1.0,610.2,609.4,2,1,1.00,CYCLE,N
IND,208,6423,59460,31/07/2019,09:16:30,15,0,31.4,1.0,1203.3,1203.1,2,1,1.00,CYCLE,N
IND,208,6423,59461,31/07/2019,09:19:58,15,1,4.7,1.0,1274.5,1273.6,2,1,0.29,CYCLE,S
IND,208,6423,59460,31/07/2019,10:24:07,15,0,16.4,1.0,4056.7,4056.7,2,1,0.67,CYCLE,N
IND,208,6423,59460,31/07/2019,10:24:07,15,0,16.4,1.0,0.0,0.0,2,1,0.67,CYCLE,N
IND,208,6423,59461,31/07/2019,10:39:43,15,1,15.6,1.1,3492.0,3491.9,2,1,1.00,CYCLE,S
IND,208,6423,59460,31/07/2019,10:55:50,15,0,8.9,1.0,1902.8,1902.4,2,1,1.00,CYCLE,N
IND,208,6423,59461,31/07/2019,10:57:06,15,1,8.5,1.0,1042.7,1042.5,2,1,1.00,CYCLE,S
IND,208,6423,59461,31/07/2019,11:01:19,15,1,23.2,1.1,253.6,253.1,2,1,1.00,CYCLE,S
IND,208,6423,59461,31/07/2019,11:02:13,15,1,20.8,1.0,54.4,54.2,2,1,1.00,CYCLE,S
IND,208,6423,59460,31/07/2019,11:06:42,15,0,24.6,1.0,652.1,651.7,2,1,1.00,CYCLE,N
IND,208,6423,59461,31/07/2019,11:17:52,15,1,22.4,1.1,938.9,938.7,2,1,1.00,CYCLE,S
IND,208,6423,59461,31/07/2019,11:56:03,15,1,11.3,1.0,2290.5,2290.3,2,1,0.44,CYCLE,S
IND,208,6423,59461,31/07/2019,11:56:03,15,1,11.3,1.0,0.0,0.0,2,1,0.44,CYCLE,S
IND,208,6423,59461,31/07/2019,11:56:03,15,1,11.3,1.0,0.0,0.0,2,1,0.44,CYCLE,S
IND,208,6423,59460,31/07/2019,12:02:33,15,0,11.9,1.0,3351.1,3351.0,2,1,1.00,CYCLE,N
IND,208,6423,59461,31/07/2019,12:53:32,15,1,4.1,1.0,3449.5,3449.1,2,1,0.29,CYCLE,S
IND,208,6423,59461,31/07/2019,12:54:50,15,1,15.5,1.1,77.8,77.1,2,1,1.00,CYCLE,S
IND,208,6423,59461,31/07/2019,12:54:51,15,1,16.3,1.1,0.4,0.1,2,1,1.00,CYCLE,S
IND,208,6423,59460,31/07/2019,13:07:17,15,0,12.4,1.0,3883.8,3883.5,2,1,1.00,CYCLE,N
IND,208,6423,59461,31/07/2019,13:57:20,15,1,24.4,1.0,3749.7,3749.4,2,1,1.00,CYCLE,S
IND,208,6423,59460,31/07/2019,14:10:13,15,0,26.1,1.0,3776.3,3776.1,2,1,1.00,CYCLE,N
IND,208,6423,59460,31/07/2019,14:13:44,15,0,26.7,1.1,211.4,211.3,2,1,1.00,CYCLE,N
IND,208,6423,59460,31/07/2019,14:17:20,15,0,23.5,1.0,215.7,215.6,2,1,0.22,CYCLE,N
IND,208,6423,59461,31/07/2019,14:52:27,15,1,19.7,1.1,3306.2,3306.1,2,1,1.00,CYCLE,S
IND,208,6423,59460,31/07/2019,15:08:03,15,0,20.8,1.0,3043.1,3042.5,2,1,1.00,CYCLE,N
IND,208,6423,59461,31/07/2019,15:14:45,15,1,27.0,1.0,1338.6,1338.3,2,1,1.00,CYCLE,S
IND,208,6423,59461,31/07/2019,15:34:55,15,1,15.1,1.1,1209.4,1209.3,2,1,1.00,CYCLE,S
IND,208,6423,59460,31/07/2019,15:42:45,15,0,30.1,1.0,2081.4,2081.3,2,1,1.00,CYCLE,N
IND,208,6423,59461,31/07/2019,15:47:16,15,1,26.5,1.0,741.2,741.0,2,1,1.00,CYCLE,S
IND,208,6423,59460,31/07/2019,15:53:40,15,0,21.9,1.1,158.0,158.0,2,1,1.00,CYCLE,N
IND,208,6423,59460,31/07/2019,15:55:48,15,0,32.0,1.0,128.1,127.9,2,1,1.00,CYCLE,N
IND,208,6423,59461,31/07/2019,16:22:54,15,1,22.2,1.0,2138.4,2138.3,2,1,1.00,CYCLE,S
IND,208,6423,59461,31/07/2019,16:34:46,15,1,13.5,1.0,712.2,712.1,2,1,1.00,CYCLE,S
IND,208,6423,59460,31/07/2019,16:43:19,15,0,23.7,1.1,2850.5,2850.4,2,1,1.00,CYCLE,N
IND,208,6423,59460,31/07/2019,16:50:03,15,0,25.2,1.1,404.6,404.5,2,1,1.00,CYCLE,N
IND,208,6423,59461,31/07/2019,16:52:30,15,1,24.3,1.0,1063.9,1063.6,2,1,1.00,CYCLE,S
IND,208,6423,59460,31/07/2019,16:59:49,15,0,28.3,1.0,586.1,585.9,2,1,1.00,CYCLE,N
IND,208,6423,59460,31/07/2019,17:04:30,15,0,23.9,1.0,280.3,280.2,2,1,1.00,CYCLE,N
IND,208,6423,59460,31/07/2019,17:05:31,15,0,22.8,1.0,61.4,61.2,2,1,1.00,CYCLE,N
IND,208,6423,59461,31/07/2019,17:10:48,15,1,25.1,1.0,1097.4,1097.3,2,1,1.00,CYCLE,S
IND,208,6423,59461,31/07/2019,17:22:26,15,1,21.7,1.0,38.7,37.2,2,1,1.00,CYCLE,S
IND,208,6423,59460,31/07/2019,17:25:04,15,0,26.2,1.0,1172.9,1172.8,2,1,1.00,CYCLE,N
IND,208,6423,59460,31/07/2019,17:25:05,15,0,27.8,1.0,0.8,0.7,2,1,1.00,CYCLE,N
IND,208,6423,59460,31/07/2019,17:27:24,15,0,2.0,1.0,139.4,139.3,2,1,0.89,CYCLE,N
IND,208,6423,59461,31/07/2019,17:28:47,15,1,23.8,1.0,380.8,380.6,2,1,1.00,CYCLE,S
IND,208,6423,59461,31/07/2019,17:28:51,15,1,23.8,1.0,4.2,4.1,2,1,1.00,CYCLE,S
IND,208,6423,59460,31/07/2019,17:31:14,15,0,24.9,1.0,230.3,228.8,2,1,1.00,CYCLE,N
IND,208,6423,59461,31/07/2019,17:35:40,15,1,19.0,1.0,66.0,65.4,2,1,1.00,CYCLE,S
IND,208,6423,59461,31/07/2019,17:40:27,15,1,29.6,1.0,287.4,287.2,2,1,1.00,CYCLE,S
IND,208,6423,59460,31/07/2019,18:08:07,15,0,21.9,1.0,2212.9,2212.8,2,1,1.00,CYCLE,N
IND,208,6423,59460,31/07/2019,18:13:02,15,0,19.7,1.0,294.5,294.3,2,1,1.00,CYCLE,N
IND,208,6423,59460,31/07/2019,18:25:22,15,0,18.1,1.0,739.9,739.7,2,1,1.00,CYCLE,N
IND,208,6423,59460,31/07/2019,18:42:55,15,0,20.7,1.0,1053.7,1053.5,2,1,1.00,CYCLE,N
IND,208,6423,59461,31/07/2019,19:13:20,15,1,24.5,1.0,5220.3,5219.5,2,1,1.00,CYCLE,S
IND,208,6423,59461,31/07/2019,19:42:15,15,1,21.3,1.0,1735.3,1735.1,2,1,1.00,CYCLE,S
IND,208,6423,59460,01/08/2019,04:24:52,15,0,20.2,1.0,34916.9,34916.7,2,1,1.00,CYCLE,N
IND,208,6423,59460,01/08/2019,04:48:59,15,0,28.5,1.0,1446.9,1446.7,2,1,1.00,CYCLE,N
IND,208,6423,59460,01/08/2019,05:25:27,15,0,23.4,1.1,2187.6,2187.5,2,1,1.00,CYCLE,N
IND,208,6423,59461,01/08/2019,05:51:20,15,1,21.5,1.0,36544.7,36544.5,2,1,1.00,CYCLE,S
IND,208,6423,59461,01/08/2019,06:21:14,15,1,28.2,1.0,1794.1,1793.9,2,1,1.00,CYCLE,S
IND,208,6423,59460,01/08/2019,06:27:15,15,0,15.5,1.1,3708.3,3708.1,2,1,1.00,CYCLE,N
IND,208,6423,59460,01/08/2019,06:51:32,15,0,26.4,1.1,1456.6,1456.3,2,1,1.00,CYCLE,N
IND,208,6423,59461,01/08/2019,07:03:06,15,1,20.2,1.0,275.4,275.4,2,1,1.00,CYCLE,S
IND,208,6423,59461,01/08/2019,07:05:15,15,1,27.6,1.1,129.4,129.2,2,1,1.00,CYCLE,S
IND,208,6423,59461,01/08/2019,07:13:25,15,1,14.7,1.1,489.7,489.6,2,1,1.00,CYCLE,S
IND,208,6423,59461,01/08/2019,07:19:16,15,1,25.2,1.1,351.5,351.2,2,1,1.00,CYCLE,S
IND,208,6423,59461,01/08/2019,07:27:56,15,1,23.7,1.0,519.9,519.8,2,1,1.00,CYCLE,S
IND,208,6423,59460,01/08/2019,07:28:17,15,0,8.6,1.0,2205.4,2205.4,2,1,0.40,CYCLE,N
IND,208,6423,59460,01/08/2019,07:33:21,15,0,23.8,1.0,303.7,303.2,2,1,1.00,CYCLE,N
IND,208,6423,59461,01/08/2019,07:55:15,15,1,19.6,1.0,185.9,185.0,2,1,1.00,CYCLE,S
IND,208,6423,59460,01/08/2019,08:01:40,15,0,23.8,1.0,1699.1,1699.0,2,1,1.00,CYCLE,N
IND,208,6423,59461,01/08/2019,08:03:46,15,1,25.5,1.0,511.0,510.8,2,1,1.00,CYCLE,S
IND,208,6423,59460,01/08/2019,08:06:33,15,0,23.6,1.0,293.6,293.5,2,1,1.00,CYCLE,N
IND,208,6423,59460,01/08/2019,08:26:57,15,0,26.6,1.0,1223.6,1223.4,2,1,1.00,CYCLE,N
IND,208,6423,59461,01/08/2019,08:27:30,15,1,4.7,0.4,1424.2,1424.3,2,1,0.80,CYCLE,S
IND,208,6423,59461,01/08/2019,08:33:58,15,1,22.2,1.0,387.7,387.5,2,1,1.00,CYCLE,S
IND,208,6423,59461,01/08/2019,08:50:10,15,1,2.7,0.2,972.7,972.9,2,1,1.00,CYCLE,S
IND,208,6423,59461,01/08/2019,08:59:26,15,1,21.0,1.1,555.4,554.6,2,1,1.00,CYCLE,S
IND,208,6423,59461,01/08/2019,09:11:04,15,1,25.0,1.0,698.0,697.8,2,1,1.00,CYCLE,S
IND,208,6423,59461,01/08/2019,09:50:24,15,1,26.1,1.0,2360.4,2360.2,2,1,0.57,CYCLE,S
IND,208,6423,59461,01/08/2019,09:50:24,15,1,26.1,1.0,0.0,0.0,2,1,0.57,CYCLE,S
IND,208,6423,59461,01/08/2019,09:57:25,15,1,16.6,1.0,421.1,421.0,2,1,1.00,CYCLE,S
IND,208,6423,59461,01/08/2019,09:57:26,15,1,18.7,1.0,0.4,0.1,2,1,1.00,CYCLE,S
IND,208,6423,59461,01/08/2019,09:57:27,15,1,17.3,1.0,1.1,0.9,2,1,1.00,CYCLE,S
IND,208,6423,59461,01/08/2019,09:57:29,15,1,16.0,1.0,2.3,2.1,2,1,0.89,CYCLE,S
IND,208,6423,59461,01/08/2019,09:57:29,15,1,16.0,1.0,0.0,0.0,2,1,0.89,CYCLE,S
IND,208,6423,59461,01/08/2019,11:03:05,15,1,20.4,1.0,3936.0,3935.6,2,1,1.00,CYCLE,S
IND,208,6423,59460,01/08/2019,11:07:52,15,0,20.8,1.0,9654.9,9654.8,2,1,1.00,CYCLE,N
IND,208,6423,59460,01/08/2019,11:12:14,15,0,20.4,1.0,261.5,261.4,2,1,1.00,CYCLE,N
IND,208,6423,59461,01/08/2019,11:29:50,15,1,26.4,1.0,1604.4,1604.3,2,1,1.00,CYCLE,S
IND,208,6423,59460,01/08/2019,11:34:35,15,0,23.9,1.0,1341.6,1341.4,2,1,1.00,CYCLE,N
IND,208,6423,59461,01/08/2019,13:29:53,15,1,15.2,1.1,7203.1,7203.0,2,1,1.00,CYCLE,S
IND,208,6423,59461,01/08/2019,13:50:06,15,1,22.5,1.0,1213.7,1213.4,2,1,1.00,CYCLE,S
IND,208,6423,59460,01/08/2019,14:00:24,15,0,22.0,1.0,8748.8,8748.7,2,1,1.00,CYCLE,N
IND,208,6423,59461,01/08/2019,14:43:01,15,1,28.7,1.0,3175.0,3174.8,2,1,1.00,CYCLE,S
IND,208,6423,59461,01/08/2019,14:56:07,15,1,17.9,1.0,785.5,785.4,2,1,1.00,CYCLE,S
IND,208,6423,59460,01/08/2019,15:15:54,15,0,1.9,1.0,4529.7,4529.5,2,1,0.29,CYCLE,N
IND,208,6423,59461,01/08/2019,15:19:12,15,1,21.7,1.1,1384.9,1384.6,2,1,1.00,CYCLE,S
IND,208,6423,59461,01/08/2019,15:30:38,15,1,23.4,1.0,685.8,685.7,2,1,1.00,CYCLE,S
IND,208,6423,59461,01/08/2019,15:36:41,15,1,15.7,1.1,363.2,363.1,2,1,1.00,CYCLE,S
IND,208,6423,59460,01/08/2019,16:12:08,15,0,25.9,1.0,3374.1,3372.1,2,1,1.00,CYCLE,N
IND,208,6423,59461,01/08/2019,16:17:21,15,1,2.9,0.4,2440.2,2440.3,2,1,0.80,CYCLE,S
IND,208,6423,59460,01/08/2019,16:22:38,15,0,15.6,1.0,630.1,630.0,2,1,1.00,CYCLE,N
IND,208,6423,59460,01/08/2019,16:26:15,15,0,31.1,1.0,217.0,216.8,2,1,1.00,CYCLE,N
IND,208,6423,59461,01/08/2019,16:33:56,15,1,27.2,1.0,995.1,994.7,2,1,1.00,CYCLE,S
IND,208,6423,59461,01/08/2019,16:48:04,15,1,20.6,1.1,847.7,847.6,2,1,1.00,CYCLE,S
IND,208,6423,59461,01/08/2019,16:49:07,15,1,21.4,1.0,63.6,63.4,2,1,1.00,CYCLE,S
IND,208,6423,59460,01/08/2019,16:50:23,15,0,22.4,1.1,1448.7,1448.6,2,1,1.00,CYCLE,N
IND,208,6423,59460,01/08/2019,16:57:49,15,0,8.5,1.0,445.6,445.4,2,1,0.13,CYCLE,N
IND,208,6423,59460,01/08/2019,16:57:49,15,0,8.5,1.0,0.0,0.0,2,1,0.13,CYCLE,N
IND,208,6423,59460,01/08/2019,16:57:49,15,0,8.5,1.0,0.0,0.0,2,1,0.13,CYCLE,N
IND,208,6423,59461,01/08/2019,17:05:39,15,1,27.0,1.0,991.6,991.4,2,1,1.00,CYCLE,S
IND,208,6423,59461,01/08/2019,17:08:08,15,1,24.6,1.1,149.2,149.1,2,1,1.00,CYCLE,S
IND,208,6423,59460,01/08/2019,17:10:57,15,0,25.0,1.0,787.8,785.4,2,1,1.00,CYCLE,N
IND,208,6423,59460,01/08/2019,17:15:15,15,0,3.3,0.4,257.8,257.7,2,1,1.00,CYCLE,N
IND,208,6423,59460,01/08/2019,17:18:52,15,0,34.4,1.1,217.0,216.6,2,1,1.00,CYCLE,N
IND,208,6423,59461,01/08/2019,17:19:09,15,1,22.3,1.0,660.5,660.4,2,1,1.00,CYCLE,S
IND,208,6423,59460,01/08/2019,17:21:35,15,0,2.9,1.0,162.8,162.7,2,1,0.33,CYCLE,N
IND,208,6423,59460,01/08/2019,17:27:33,15,0,24.0,1.0,358.8,357.2,2,1,1.00,CYCLE,N
IND,208,6423,59460,01/08/2019,17:33:42,15,0,17.2,1.0,368.3,368.2,2,1,1.00,CYCLE,N
IND,208,6423,59460,01/08/2019,17:33:42,15,0,17.2,1.0,0.0,0.0,2,1,1.00,CYCLE,N
IND,208,6423,59460,01/08/2019,17:43:48,15,0,24.9,1.0,606.4,605.9,2,1,1.00,CYCLE,N
IND,208,6423,59461,01/08/2019,17:48:25,15,1,10.7,1.1,1755.9,1755.7,2,1,1.00,CYCLE,S
IND,208,6423,59461,01/08/2019,17:59:20,15,1,28.2,0.8,655.1,654.6,2,1,1.00,CYCLE,S
IND,208,6423,59460,01/08/2019,18:07:20,15,0,22.8,1.0,1412.0,1411.9,2,1,1.00,CYCLE,N
IND,208,6423,59461,01/08/2019,18:09:46,15,1,17.6,1.0,464.2,463.3,2,1,1.00,CYCLE,S
IND,208,6423,59460,01/08/2019,19:17:53,15,0,21.8,1.0,4232.8,4232.6,2,1,1.00,CYCLE,N
IND,208,6423,59461,02/08/2019,03:33:58,15,1,13.3,1.0,33852.6,33852.4,2,1,0.80,CYCLE,S
IND,208,6423,59460,02/08/2019,04:19:25,15,0,19.3,1.0,32492.1,32492.0,2,1,1.00,CYCLE,N
IND,208,6423,59460,02/08/2019,05:24:08,15,0,24.5,1.1,3883.1,3882.9,2,1,1.00,CYCLE,N
IND,208,6423,59460,02/08/2019,06:23:36,15,0,15.7,1.0,3567.9,3567.7,2,1,1.00,CYCLE,N
IND,208,6423,59460,02/08/2019,06:36:12,15,0,23.7,1.0,756.1,755.9,2,1,1.00,CYCLE,N
IND,208,6423,59461,02/08/2019,06:38:26,15,1,25.5,1.0,11067.2,11066.7,2,1,1.00,CYCLE,S
IND,208,6423,59461,02/08/2019,06:38:26,15,1,25.4,1.0,0.2,0.1,2,1,1.00,CYCLE,S
IND,208,6423,59461,02/08/2019,06:40:37,15,1,25.3,1.0,130.9,130.8,2,1,1.00,CYCLE,S
IND,208,6423,59461,02/08/2019,06:44:32,15,1,23.3,1.0,235.7,235.6,2,1,1.00,CYCLE,S
IND,208,6423,59461,02/08/2019,06:52:48,15,1,27.3,1.0,495.3,495.1,2,1,1.00,CYCLE,S
IND,208,6423,59461,02/08/2019,07:10:55,15,1,27.1,1.0,1087.5,1087.4,2,1,1.00,CYCLE,S
IND,208,6423,59461,02/08/2019,07:21:08,15,1,22.7,1.1,612.5,612.3,2,1,1.00,CYCLE,S
IND,208,6423,59461,02/08/2019,07:44:53,15,1,25.9,1.0,942.4,941.0,2,1,0.67,CYCLE,S
IND,208,6423,59461,02/08/2019,07:44:53,15,1,25.9,1.0,0.0,0.0,2,1,0.67,CYCLE,S
IND,208,6423,59460,02/08/2019,08:01:15,15,0,19.9,1.1,1924.5,1924.5,2,1,1.00,CYCLE,N
IND,208,6423,59460,02/08/2019,08:05:07,15,0,26.8,1.0,232.0,231.8,2,1,1.00,CYCLE,N
IND,208,6423,59461,02/08/2019,08:27:09,15,1,18.8,1.0,2535.3,2535.2,2,1,1.00,CYCLE,S
IND,208,6423,59460,02/08/2019,08:54:38,15,0,49.7,1.1,2970.8,2970.7,2,1,1.00,CYCLE,N
IND,208,6423,59460,02/08/2019,08:56:02,15,0,5.7,1.0,84.5,84.4,2,1,0.60,CYCLE,N
IND,208,6423,59461,02/08/2019,10:24:56,15,1,21.6,1.0,7067.8,7067.6,2,1,1.00,CYCLE,S
IND,208,6423,59460,02/08/2019,10:29:14,15,0,24.2,1.0,5592.0,5591.0,2,1,1.00,CYCLE,N
IND,208,6423,59460,02/08/2019,10:47:20,15,0,29.6,1.0,1085.5,1085.3,2,1,1.00,CYCLE,N
IND,208,6423,59461,02/08/2019,11:30:49,15,1,20.8,1.0,3952.2,3952.0,2,1,1.00,CYCLE,S
IND,208,6423,59460,02/08/2019,11:35:38,15,0,20.3,1.0,2897.9,2897.8,2,1,1.00,CYCLE,N
IND,208,6423,59461,02/08/2019,12:15:16,15,1,4.8,1.0,2667.3,2667.3,2,1,0.50,CYCLE,S
IND,208,6423,59461,02/08/2019,12:15:16,15,1,4.8,1.0,0.0,0.0,2,1,0.50,CYCLE,S
IND,208,6423,59460,02/08/2019,12:37:17,15,0,4.9,1.3,1334.9,1334.4,2,1,0.80,CYCLE,N
IND,208,6423,59460,02/08/2019,13:01:00,15,0,27.2,1.0,1423.2,1422.8,2,1,1.00,CYCLE,N
IND,208,6423,59460,02/08/2019,13:35:30,15,0,10.1,1.0,2070.3,2070.1,2,1,0.40,CYCLE,N
IND,208,6423,59461,02/08/2019,14:27:28,15,1,21.6,1.1,1974.4,1974.2,2,1,1.00,CYCLE,S
IND,208,6423,59460,02/08/2019,15:07:32,15,0,29.3,1.0,5522.4,5522.1,2,1,1.00,CYCLE,N
IND,208,6423,59461,02/08/2019,15:34:51,15,1,21.5,1.2,4043.0,4042.8,2,1,1.00,CYCLE,S
IND,208,6423,59460,02/08/2019,15:38:15,15,0,31.0,1.0,1842.9,1842.8,2,1,1.00,CYCLE,N
IND,208,6423,59461,02/08/2019,16:36:04,15,1,18.7,1.0,3673.4,3673.2,2,1,1.00,CYCLE,S
IND,208,6423,59461,02/08/2019,16:42:31,15,1,14.2,1.1,387.1,386.9,2,1,1.00,CYCLE,S
IND,208,6423,59460,02/08/2019,16:52:20,15,0,29.2,1.0,4444.4,4444.3,2,1,1.00,CYCLE,N
IND,208,6423,59460,02/08/2019,17:12:43,15,0,15.3,1.0,1223.5,1223.4,2,1,1.00,CYCLE,N
IND,208,6423,59461,02/08/2019,17:18:34,15,1,28.4,1.0,2162.6,2162.3,2,1,1.00,CYCLE,S
IND,208,6423,59461,02/08/2019,17:30:48,15,1,19.1,1.0,734.3,734.2,2,1,1.00,CYCLE,S
IND,208,6423,59461,02/08/2019,17:42:29,15,1,21.2,1.1,701.0,700.8,2,1,1.00,CYCLE,S
IND,208,6423,59461,02/08/2019,17:56:10,15,1,16.8,1.0,820.8,820.6,2,1,1.00,CYCLE,S
IND,208,6423,59460,02/08/2019,17:59:57,15,0,28.1,1.0,2833.7,2833.5,2,1,1.00,CYCLE,N
IND,208,6423,59460,02/08/2019,19:09:33,15,0,22.7,1.0,4175.6,4175.5,2,1,1.00,CYCLE,N
IND,208,6423,59460,03/08/2019,04:40:11,15,0,20.5,1.0,34238.7,34238.6,2,1,1.00,CYCLE,N
IND,208,6423,59460,03/08/2019,06:58:12,15,0,24.3,1.0,8280.7,8280.5,2,1,1.00,CYCLE,N
IND,208,6423,59461,03/08/2019,07:46:29,15,1,21.9,1.0,49819.0,49818.8,2,1,1.00,CYCLE,S
IND,208,6423,59461,03/08/2019,07:49:36,15,1,3.2,0.3,187.1,187.2,2,1,0.80,CYCLE,S
IND,208,6423,59461,03/08/2019,08:04:27,15,1,19.9,1.1,891.1,890.8,2,1,1.00,CYCLE,S
IND,208,6423,59461,03/08/2019,08:49:23,15,1,2.2,0.3,2695.9,2696.2,2,1,0.80,CYCLE,S
IND,208,6423,59461,03/08/2019,09:08:38,15,1,32.0,1.0,36.5,36.4,2,1,1.00,CYCLE,S
IND,208,6423,59460,03/08/2019,09:16:11,15,0,21.1,1.0,8279.4,8279.3,2,1,1.00,CYCLE,N
IND,208,6423,59461,03/08/2019,09:59:23,15,1,26.8,1.0,3044.9,3044.8,2,1,1.00,CYCLE,S
IND,208,6423,59461,03/08/2019,10:13:32,15,1,10.0,1.1,849.1,849.1,2,1,1.00,CYCLE,S
IND,208,6423,59460,03/08/2019,10:15:05,15,0,18.7,1.1,3533.2,3533.0,2,1,1.00,CYCLE,N
IND,208,6423,59461,03/08/2019,10:19:01,15,1,4.9,1.0,329.2,328.7,2,1,0.57,CYCLE,S
IND,208,6423,59460,03/08/2019,10:21:31,15,0,25.2,1.0,386.4,386.2,2,1,1.00,CYCLE,N
IND,208,6423,59461,03/08/2019,10:21:40,15,1,4.3,0.4,158.7,158.2,2,1,0.80,CYCLE,S
IND,208,6423,59460,03/08/2019,10:22:15,15,0,22.5,1.1,44.2,44.1,2,1,1.00,CYCLE,N
IND,208,6423,59461,03/08/2019,10:29:30,15,1,23.7,1.0,470.2,469.9,2,1,1.00,CYCLE,S
IND,208,6423,59460,03/08/2019,10:38:54,15,0,24.0,1.0,998.6,998.4,2,1,1.00,CYCLE,N
IND,208,6423,59460,03/08/2019,10:44:43,15,0,25.0,1.0,349.6,349.4,2,1,1.00,CYCLE,N
IND,208,6423,59461,03/08/2019,10:55:39,15,1,20.3,1.0,1568.7,1568.6,2,1,1.00,CYCLE,S
IND,208,6423,59460,03/08/2019,11:17:25,15,0,16.1,1.1,1961.4,1961.2,2,1,1.00,CYCLE,N
IND,208,6423,59460,03/08/2019,11:17:28,15,0,18.5,0.9,2.8,2.5,2,1,1.00,CYCLE,N
IND,208,6423,59461,03/08/2019,11:17:33,15,1,21.7,1.0,1314.6,1314.4,2,1,1.00,CYCLE,S
IND,208,6423,59460,03/08/2019,11:22:13,15,0,24.8,1.0,285.0,284.8,2,1,1.00,CYCLE,N
IND,208,6423,59460,03/08/2019,11:22:21,15,0,13.9,1.0,8.8,8.6,2,1,0.86,CYCLE,N
IND,208,6423,59461,03/08/2019,11:27:33,15,1,24.9,0.8,259.4,258.9,2,1,1.00,CYCLE,S
IND,208,6423,59461,03/08/2019,11:44:58,15,1,27.2,1.0,1045.3,1045.2,2,1,1.00,CYCLE,S
IND,208,6423,59461,03/08/2019,11:45:08,15,1,23.6,1.0,9.4,9.3,2,1,1.00,CYCLE,S
IND,208,6423,59460,03/08/2019,12:06:21,15,0,33.9,1.0,27.2,27.2,2,1,1.00,CYCLE,N
IND,208,6423,59461,03/08/2019,12:12:52,15,1,25.8,1.0,1664.6,1664.4,2,1,1.00,CYCLE,S
IND,208,6423,59461,03/08/2019,12:17:11,15,1,21.7,1.0,258.9,258.7,2,1,1.00,CYCLE,S
IND,208,6423,59460,03/08/2019,12:25:01,15,0,18.5,1.0,1120.6,1120.5,2,1,1.00,CYCLE,N
IND,208,6423,59461,03/08/2019,13:03:18,15,1,26.1,0.9,2766.3,2766.1,2,1,1.00,CYCLE,S
IND,208,6423,59461,03/08/2019,13:31:48,15,1,8.6,1.0,1710.3,1710.3,2,1,1.00,CYCLE,S
IND,208,6423,59461,03/08/2019,13:31:54,15,1,10.9,1.0,6.3,5.8,2,1,1.00,CYCLE,S
IND,208,6423,59461,03/08/2019,13:38:02,15,1,3.3,0.6,367.7,367.6,2,1,0.80,CYCLE,S
IND,208,6423,59461,03/08/2019,14:36:57,15,1,22.7,1.1,3535.6,3535.0,2,1,1.00,CYCLE,S
IND,208,6423,59460,03/08/2019,15:30:36,15,0,15.4,1.0,11134.2,11134.0,2,1,1.00,CYCLE,N
IND,208,6423,59460,03/08/2019,15:30:37,15,0,20.7,1.0,1.6,1.4,2,1,1.00,CYCLE,N
IND,208,6423,59461,03/08/2019,15:31:41,15,1,17.9,1.0,3283.6,3283.5,2,1,1.00,CYCLE,S
IND,208,6423,59461,03/08/2019,15:31:49,15,1,26.8,1.0,7.6,7.3,2,1,1.00,CYCLE,S
IND,208,6423,59461,03/08/2019,15:31:55,15,1,27.1,1.0,6.0,5.9,2,1,1.00,CYCLE,S
IND,208,6423,59461,03/08/2019,15:39:10,15,1,12.9,1.0,435.0,434.8,2,1,0.50,CYCLE,S
IND,208,6423,59461,03/08/2019,15:39:10,15,1,12.9,1.0,0.0,0.0,2,1,0.50,CYCLE,S
IND,208,6423,59461,03/08/2019,16:46:50,15,1,3.1,1.0,4060.1,4059.7,2,1,0.57,CYCLE,S
IND,208,6423,59460,03/08/2019,16:49:03,15,0,24.1,1.0,2366.6,2365.6,2,1,1.00,CYCLE,N
IND,208,6423,59461,03/08/2019,16:54:04,15,1,23.5,1.1,434.0,432.9,2,1,1.00,CYCLE,S
IND,208,6423,59460,03/08/2019,17:10:02,15,0,16.7,1.1,1259.6,1259.4,2,1,1.00,CYCLE,N
IND,208,6423,59461,03/08/2019,17:14:51,15,1,25.6,0.9,1246.9,1246.7,2,1,1.00,CYCLE,S
IND,208,6423,59461,03/08/2019,17:18:48,15,1,14.6,1.0,237.0,236.9,2,1,1.00,CYCLE,S
IND,208,6423,59460,03/08/2019,17:43:15,15,0,17.2,1.0,1992.1,1991.8,2,1,1.00,CYCLE,N
IND,208,6423,59461,03/08/2019,17:48:06,15,1,26.9,1.1,1758.6,1758.3,2,1,1.00,CYCLE,S
IND,208,6423,59461,03/08/2019,17:48:07,15,1,26.5,1.1,0.9,0.8,2,1,1.00,CYCLE,S
IND,208,6423,59460,03/08/2019,18:33:37,15,0,26.9,1.1,3022.7,3022.5,2,1,1.00,CYCLE,N
IND,208,6423,59460,03/08/2019,18:39:24,15,0,20.6,1.0,347.1,347.0,2,1,1.00,CYCLE,N
IND,208,6423,59461,03/08/2019,19:04:27,15,1,12.8,1.0,4579.5,4579.4,2,1,1.00,CYCLE,S
IND,208,6423,59461,04/08/2019,07:44:51,15,1,21.8,1.0,45624.3,45624.0,2,1,1.00,CYCLE,S
IND,208,6423,59461,04/08/2019,07:44:57,15,1,24.1,1.0,5.7,5.5,2,1,1.00,CYCLE,S
IND,208,6423,59461,04/08/2019,08:11:28,15,1,21.9,1.0,1590.8,1590.6,2,1,1.00,CYCLE,S
IND,208,6423,59461,04/08/2019,08:11:28,15,1,23.2,1.0,0.6,0.5,2,1,0.80,CYCLE,S
IND,208,6423,59461,04/08/2019,08:11:28,15,1,23.2,1.0,0.0,0.0,2,1,0.80,CYCLE,S
IND,208,6423,59460,04/08/2019,08:15:35,15,0,22.8,1.0,48971.0,48970.8,2,1,0.67,CYCLE,N
IND,208,6423,59460,04/08/2019,08:15:35,15,0,22.8,1.0,0.0,0.0,2,1,0.67,CYCLE,N
IND,208,6423,59460,04/08/2019,08:16:22,15,0,28.7,1.0,46.8,46.6,2,1,1.00,CYCLE,N
IND,208,6423,59460,04/08/2019,08:16:22,15,0,28.7,1.0,0.0,0.0,2,1,1.00,CYCLE,N
IND,208,6423,59461,04/08/2019,08:18:42,15,1,5.0,1.0,433.4,433.3,2,1,0.73,CYCLE,S
IND,208,6423,59461,04/08/2019,08:21:16,15,1,22.6,1.0,154.8,153.6,2,1,1.00,CYCLE,S
IND,208,6423,59461,04/08/2019,08:30:04,15,1,22.8,1.0,527.8,527.6,2,1,1.00,CYCLE,S
IND,208,6423,59460,04/08/2019,08:36:04,15,0,23.4,1.0,1182.1,1182.0,2,1,1.00,CYCLE,N
IND,208,6423,59460,04/08/2019,08:50:04,15,0,26.9,1.0,840.2,840.0,2,1,1.00,CYCLE,N
IND,208,6423,59460,04/08/2019,09:03:25,15,0,27.7,1.0,800.7,800.6,2,1,1.00,CYCLE,N
IND,208,6423,59460,04/08/2019,09:04:55,15,0,26.3,1.0,89.9,89.8,2,1,1.00,CYCLE,N
IND,208,6423,59460,04/08/2019,09:04:55,15,0,26.3,1.0,0.0,0.0,2,1,1.00,CYCLE,N
IND,208,6423,59460,04/08/2019,09:04:55,15,0,26.3,1.0,0.0,0.0,2,1,1.00,CYCLE,N
IND,208,6423,59461,04/08/2019,09:10:55,15,1,21.5,1.1,2451.3,2451.1,2,1,1.00,CYCLE,S
IND,208,6423,59461,04/08/2019,09:20:41,15,1,21.5,1.0,585.5,585.3,2,1,1.00,CYCLE,S
IND,208,6423,59461,04/08/2019,09:20:41,15,1,21.5,1.0,0.0,0.0,2,1,1.00,CYCLE,S
IND,208,6423,59461,04/08/2019,09:25:25,15,1,20.6,1.0,284.2,284.0,2,1,1.00,CYCLE,S
IND,208,6423,59461,04/08/2019,09:41:35,15,1,22.6,1.0,969.4,969.2,2,1,1.00,CYCLE,S
IND,208,6423,59460,04/08/2019,09:53:36,15,0,18.4,1.1,2816.6,2816.6,2,1,1.00,CYCLE,N
IND,208,6423,59460,04/08/2019,09:57:03,15,0,22.0,1.0,207.0,206.8,2,1,1.00,CYCLE,N
IND,208,6423,59461,04/08/2019,09:59:17,15,1,19.8,1.0,1062.4,1062.3,2,1,1.00,CYCLE,S
IND,208,6423,59461,04/08/2019,09:59:18,15,1,19.4,1.0,0.9,0.7,2,1,1.00,CYCLE,S
IND,208,6423,59460,04/08/2019,10:10:55,15,0,5.9,1.0,518.6,518.8,2,1,0.57,CYCLE,N
IND,208,6423,59461,04/08/2019,10:18:39,15,1,17.3,1.0,1007.7,1007.0,2,1,0.67,CYCLE,S
IND,208,6423,59461,04/08/2019,10:39:32,15,1,24.4,1.0,199.9,199.4,2,1,1.00,CYCLE,S
IND,208,6423,59461,04/08/2019,10:57:36,15,1,2.1,0.5,1084.0,1084.4,2,1,0.80,CYCLE,S
IND,208,6423,59460,04/08/2019,10:59:38,15,0,19.5,1.0,2923.2,2922.2,2,1,1.00,CYCLE,N
IND,208,6423,59460,04/08/2019,11:00:48,15,0,29.2,1.0,69.8,69.6,2,1,1.00,CYCLE,N
IND,208,6423,59461,04/08/2019,11:08:46,15,1,20.8,1.0,669.6,668.9,2,1,0.67,CYCLE,S
IND,208,6423,59461,04/08/2019,11:08:46,15,1,20.8,1.0,0.0,0.0,2,1,0.67,CYCLE,S
IND,208,6423,59461,04/08/2019,11:08:46,15,1,20.8,1.0,0.0,0.0,2,1,0.67,CYCLE,S
IND,208,6423,59461,04/08/2019,11:19:40,15,1,16.9,1.0,654.3,654.1,2,1,0.86,CYCLE,S
IND,208,6423,59460,04/08/2019,11:36:18,15,0,22.6,1.0,1229.6,1229.1,2,1,1.00,CYCLE,N
IND,208,6423,59461,04/08/2019,11:43:01,15,1,28.3,1.0,1401.4,1401.1,2,1,1.00,CYCLE,S
IND,208,6423,59460,04/08/2019,11:47:12,15,0,19.9,1.1,654.3,654.1,2,1,1.00,CYCLE,N
IND,208,6423,59460,04/08/2019,12:08:39,15,0,23.3,1.0,1287.5,1287.3,2,1,1.00,CYCLE,N
IND,208,6423,59460,04/08/2019,12:27:06,15,0,26.8,1.0,1106.5,1106.3,2,1,1.00,CYCLE,N
IND,208,6423,59460,04/08/2019,12:57:03,15,0,27.0,1.0,1797.4,1797.2,2,1,1.00,CYCLE,N
IND,208,6423,59461,04/08/2019,13:23:13,15,1,25.9,1.0,6011.8,6011.7,2,1,1.00,CYCLE,S
IND,208,6423,59461,04/08/2019,13:23:46,15,1,3.2,0.0,32.5,32.7,2,1,1.00,CYCLE,S
IND,208,6423,59461,04/08/2019,13:37:19,15,1,16.2,1.0,812.9,812.4,2,1,1.00,CYCLE,S
IND,208,6423,59461,04/08/2019,13:37:37,15,1,19.6,1.1,18.1,17.9,2,1,1.00,CYCLE,S
IND,208,6423,59461,04/08/2019,13:56:18,15,1,20.0,1.1,1120.9,1120.7,2,1,1.00,CYCLE,S
IND,208,6423,59461,04/08/2019,13:56:19,15,1,21.3,1.0,0.9,0.7,2,1,1.00,CYCLE,S
IND,208,6423,59461,04/08/2019,13:56:20,15,1,20.5,1.0,1.7,1.5,2,1,1.00,CYCLE,S
IND,208,6423,59461,04/08/2019,13:56:24,15,1,17.7,1.0,3.5,3.3,2,1,0.80,CYCLE,S
IND,208,6423,59461,04/08/2019,13:57:15,15,1,25.7,1.0,51.4,51.1,2,1,1.00,CYCLE,S
IND,208,6423,59461,04/08/2019,13:57:35,15,1,21.7,1.0,19.7,19.6,2,1,1.00,CYCLE,S
IND,208,6423,59460,04/08/2019,14:00:55,15,0,27.6,1.0,1018.7,1018.1,2,1,1.00,CYCLE,N
IND,208,6423,59460,04/08/2019,14:02:45,15,0,25.0,1.0,109.8,109.7,2,1,1.00,CYCLE,N
IND,208,6423,59460,04/08/2019,14:28:00,15,0,4.5,1.0,1515.4,1515.3,2,1,0.80,CYCLE,N
IND,208,6423,59460,04/08/2019,14:28:00,15,0,4.5,1.0,0.0,0.0,2,1,0.80,CYCLE,N
IND,208,6423,59461,04/08/2019,14:36:17,15,1,17.1,1.1,2322.7,2322.5,2,1,1.00,CYCLE,S
IND,208,6423,59461,04/08/2019,14:36:22,15,1,10.9,1.0,4.6,4.4,2,1,1.00,CYCLE,S
IND,208,6423,59461,04/08/2019,14:51:44,15,1,23.5,1.0,377.7,377.3,2,1,1.00,CYCLE,S
IND,208,6423,59461,04/08/2019,14:58:24,15,1,19.7,1.0,399.9,399.7,2,1,1.00,CYCLE,S
IND,208,6423,59461,04/08/2019,15:19:54,15,1,4.0,1.0,1290.2,1290.3,2,1,0.40,CYCLE,S
IND,208,6423,59461,04/08/2019,15:23:09,15,1,25.0,1.0,195.3,194.3,2,1,1.00,CYCLE,S
IND,208,6423,59460,04/08/2019,15:41:00,15,0,22.8,1.0,2146.7,2146.5,2,1,1.00,CYCLE,N
IND,208,6423,59461,04/08/2019,15:59:55,15,1,21.2,1.1,2205.9,2205.8,2,1,1.00,CYCLE,S
IND,208,6423,59460,04/08/2019,16:00:46,15,0,25.2,1.0,1186.0,1185.8,2,1,1.00,CYCLE,N
IND,208,6423,59461,04/08/2019,16:06:43,15,1,3.9,0.2,407.7,407.8,2,1,1.00,CYCLE,S
IND,208,6423,59461,04/08/2019,16:18:34,15,1,18.9,1.0,710.7,710.3,2,1,1.00,CYCLE,S
IND,208,6423,59461,04/08/2019,17:39:14,15,1,1.6,1.0,4839.8,4840.3,2,1,0.25,CYCLE,S
IND,208,6423,59461,04/08/2019,17:39:14,15,1,1.6,1.0,0.0,0.0,2,1,0.25,CYCLE,S
