DATA_TYPE,TIS_DATA_REQUEST,SITE_XN_ROUTE,LOC_LEG,DATE,TIME,CLASS,LANE,SPEED,WHEELBASE,HEADWAY,GAP,AXLE,AXLE_GROUPING,RHO,VEHICLE,DIRECTION
IND,208,6592,59452,14/01/2019,01:06:06,15,1,14.7,1.1,0.0,0.1,2,1,1.00,CYCLE,N
IND,208,6592,59453,14/01/2019,01:49:32,15,0,3.1,0.8,2605.5,2605.5,2,1,0.80,CYCLE,S
IND,208,6592,59452,14/01/2019,01:56:27,15,1,18.5,1.0,3021.4,3021.2,2,1,1.00,CYCLE,N
IND,208,6592,59453,14/01/2019,02:29:07,15,0,32.7,1.0,2375.4,2374.9,2,1,1.00,CYCLE,S
IND,208,6592,59452,14/01/2019,02:50:24,15,1,23.2,1.0,3236.1,3235.9,2,1,1.00,CYCLE,N
IND,208,6592,59453,14/01/2019,03:32:07,15,0,29.1,1.0,3780.3,3780.2,2,1,1.00,CYCLE,S
IND,208,6592,59452,14/01/2019,03:49:26,15,1,17.3,1.1,3542.2,3542.0,2,1,1.00,CYCLE,N
IND,208,6592,59452,14/01/2019,03:51:12,15,1,18.1,1.0,105.9,105.7,2,1,1.00,CYCLE,N
IND,208,6592,59453,14/01/2019,03:51:40,15,0,28.4,1.0,1172.6,1172.5,2,1,1.00,CYCLE,S
IND,208,6592,59453,14/01/2019,04:10:07,15,0,30.4,1.0,1107.6,1107.4,2,1,1.00,CYCLE,S
IND,208,6592,59453,14/01/2019,04:15:54,15,0,26.9,1.1,346.6,346.5,2,1,1.00,CYCLE,S
IND,208,6592,59453,14/01/2019,04:18:23,15,0,30.5,1.1,148.5,148.4,2,1,1.00,CYCLE,S
IND,208,6592,59453,14/01/2019,04:22:22,15,0,24.5,1.1,239.2,239.1,2,1,1.00,CYCLE,S
IND,208,6592,59453,14/01/2019,04:24:27,15,0,25.6,1.0,125.6,125.4,2,1,1.00,CYCLE,S
IND,208,6592,59453,14/01/2019,04:25:06,15,0,27.8,1.0,38.9,38.8,2,1,1.00,CYCLE,S
IND,208,6592,59453,14/01/2019,04:28:38,15,0,24.3,1.0,212.1,212.0,2,1,1.00,CYCLE,S
IND,208,6592,59453,14/01/2019,04:28:47,15,0,18.2,1.1,8.2,8.1,2,1,1.00,CYCLE,S
IND,208,6592,59453,14/01/2019,04:31:43,15,0,23.2,1.1,176.3,176.1,2,1,1.00,CYCLE,S
IND,208,6592,59453,14/01/2019,04:33:18,15,0,19.1,1.1,95.2,95.1,2,1,1.00,CYCLE,S
IND,208,6592,59452,14/01/2019,04:33:19,15,1,23.3,1.0,2527.2,2527.0,2,1,1.00,CYCLE,N
IND,208,6592,59453,14/01/2019,04:35:22,15,0,27.7,1.0,123.5,123.3,2,1,1.00,CYCLE,S
IND,208,6592,59453,14/01/2019,04:38:40,15,0,23.0,1.1,198.1,198.0,2,1,1.00,CYCLE,S
IND,208,6592,59452,14/01/2019,04:38:45,15,1,18.7,1.0,326.4,326.2,2,1,1.00,CYCLE,N
IND,208,6592,59453,14/01/2019,04:39:02,15,0,22.0,1.0,22.6,22.4,2,1,1.00,CYCLE,S
IND,208,6592,59453,14/01/2019,04:40:38,15,0,30.8,1.0,95.6,95.4,2,1,1.00,CYCLE,S
IND,208,6592,59453,14/01/2019,04:40:40,15,0,29.5,1.0,2.0,1.9,2,1,1.00,CYCLE,S
IND,208,6592,59453,14/01/2019,04:40:45,15,0,32.9,1.1,4.9,4.7,2,1,1.00,CYCLE,S
IND,208,6592,59452,14/01/2019,04:41:48,15,1,24.0,1.0,182.3,182.1,2,1,1.00,CYCLE,N
IND,208,6592,59452,14/01/2019,04:42:56,15,1,18.8,1.1,68.6,68.5,2,1,1.00,CYCLE,N
IND,208,6592,59453,14/01/2019,04:43:10,15,0,28.3,1.1,145.7,145.6,2,1,1.00,CYCLE,S
IND,208,6592,59453,14/01/2019,04:43:59,15,0,21.8,1.1,48.4,48.2,2,1,1.00,CYCLE,S
IND,208,6592,59453,14/01/2019,04:45:46,15,0,21.9,1.1,107.7,107.5,2,1,1.00,CYCLE,S
IND,208,6592,59453,14/01/2019,04:46:10,15,0,32.3,1.1,23.1,22.9,2,1,1.00,CYCLE,S
IND,208,6592,59453,14/01/2019,04:47:10,15,0,25.9,1.0,60.5,60.4,2,1,1.00,CYCLE,S
IND,208,6592,59452,14/01/2019,04:49:07,15,1,15.1,1.1,338.5,338.3,2,1,1.00,CYCLE,N
IND,208,6592,59453,14/01/2019,04:49:12,15,0,31.0,1.0,122.2,122.1,2,1,1.00,CYCLE,S
IND,208,6592,59453,14/01/2019,04:49:20,15,0,25.6,1.0,8.1,7.9,2,1,1.00,CYCLE,S
IND,208,6592,59453,14/01/2019,04:51:11,15,0,26.1,1.0,110.8,110.7,2,1,1.00,CYCLE,S
IND,208,6592,59453,14/01/2019,04:55:13,15,0,23.5,1.0,241.9,241.7,2,1,1.00,CYCLE,S
IND,208,6592,59452,14/01/2019,04:55:25,15,1,22.8,1.1,378.7,378.5,2,1,1.00,CYCLE,N
IND,208,6592,59453,14/01/2019,04:55:27,15,0,23.0,1.1,14.0,13.8,2,1,1.00,CYCLE,S
IND,208,6592,59453,14/01/2019,04:58:40,15,0,26.8,1.1,193.0,192.8,2,1,1.00,CYCLE,S
IND,208,6592,59453,14/01/2019,04:58:48,15,0,23.9,1.0,7.6,7.5,2,1,1.00,CYCLE,S
IND,208,6592,59453,14/01/2019,04:59:12,15,0,30.1,1.0,24.3,24.1,2,1,1.00,CYCLE,S
IND,208,6592,59453,14/01/2019,05:01:04,15,0,29.5,1.0,112.1,112.0,2,1,1.00,CYCLE,S
IND,208,6592,59452,14/01/2019,05:02:30,15,1,29.2,1.0,425.1,425.0,2,1,1.00,CYCLE,N
IND,208,6592,59453,14/01/2019,05:03:05,15,0,21.6,1.1,121.4,121.3,2,1,1.00,CYCLE,S
IND,208,6592,59453,14/01/2019,05:04:41,15,0,25.9,1.0,95.9,95.7,2,1,1.00,CYCLE,S
IND,208,6592,59453,14/01/2019,05:05:30,15,0,29.3,1.0,48.8,48.6,2,1,1.00,CYCLE,S
IND,208,6592,59453,14/01/2019,05:06:35,15,0,25.2,1.0,64.5,64.3,2,1,1.00,CYCLE,S
IND,208,6592,59453,14/01/2019,05:06:35,15,0,28.2,1.0,0.9,0.8,2,1,1.00,CYCLE,S
IND,208,6592,59453,14/01/2019,05:07:01,15,0,27.2,1.1,25.6,25.5,2,1,1.00,CYCLE,S
IND,208,6592,59452,14/01/2019,05:07:05,15,1,25.7,1.0,274.8,274.7,2,1,1.00,CYCLE,N
IND,208,6592,59453,14/01/2019,05:07:43,15,0,23.4,1.1,41.8,41.7,2,1,1.00,CYCLE,S
IND,208,6592,59453,14/01/2019,05:08:13,15,0,29.6,1.1,30.5,30.3,2,1,1.00,CYCLE,S
IND,208,6592,59453,14/01/2019,05:08:30,15,0,22.1,1.1,16.5,16.4,2,1,1.00,CYCLE,S
IND,208,6592,59453,14/01/2019,05:09:11,15,0,24.2,1.1,41.4,41.3,2,1,1.00,CYCLE,S
IND,208,6592,59452,14/01/2019,05:10:16,15,1,23.1,1.1,190.8,190.6,2,1,1.00,CYCLE,N
IND,208,6592,59453,14/01/2019,05:11:02,15,0,27.8,1.0,110.5,110.3,2,1,1.00,CYCLE,S
IND,208,6592,59453,14/01/2019,05:11:21,15,0,23.1,1.0,18.9,18.8,2,1,1.00,CYCLE,S
IND,208,6592,59453,14/01/2019,05:12:32,15,0,25.3,1.1,71.4,71.3,2,1,1.00,CYCLE,S
IND,208,6592,59453,14/01/2019,05:12:34,15,0,25.9,1.0,1.8,1.7,2,1,1.00,CYCLE,S
IND,208,6592,59453,14/01/2019,05:14:02,15,0,29.2,1.0,87.8,87.7,2,1,1.00,CYCLE,S
IND,208,6592,59452,14/01/2019,05:14:20,15,1,19.4,1.1,243.5,243.4,2,1,1.00,CYCLE,N
IND,208,6592,59453,14/01/2019,05:14:29,15,0,26.8,1.0,27.1,27.0,2,1,1.00,CYCLE,S
IND,208,6592,59453,14/01/2019,05:14:34,15,0,26.5,1.1,5.1,4.9,2,1,1.00,CYCLE,S
IND,208,6592,59453,14/01/2019,05:14:51,15,0,26.4,1.1,16.8,16.7,2,1,1.00,CYCLE,S
IND,208,6592,59452,14/01/2019,05:15:54,15,1,20.2,1.1,94.7,94.5,2,1,1.00,CYCLE,N
IND,208,6592,59453,14/01/2019,05:16:28,15,0,23.7,1.0,97.7,97.6,2,1,1.00,CYCLE,S
IND,208,6592,59453,14/01/2019,05:17:57,15,0,32.3,1.0,88.9,88.7,2,1,1.00,CYCLE,S
IND,208,6592,59453,14/01/2019,05:19:14,15,0,30.2,1.0,77.1,77.0,2,1,1.00,CYCLE,S
IND,208,6592,59453,14/01/2019,05:19:23,15,0,23.0,1.0,8.3,8.2,2,1,1.00,CYCLE,S
IND,208,6592,59453,14/01/2019,05:20:08,15,0,20.7,1.0,45.3,45.1,2,1,1.00,CYCLE,S
IND,208,6592,59453,14/01/2019,05:20:29,15,0,30.7,1.0,21.0,20.8,2,1,1.00,CYCLE,S
IND,208,6592,59453,14/01/2019,05:20:33,15,0,27.6,1.0,4.4,4.3,2,1,1.00,CYCLE,S
IND,208,6592,59453,14/01/2019,05:20:46,15,0,25.8,1.0,12.7,12.6,2,1,1.00,CYCLE,S
IND,208,6592,59453,14/01/2019,05:21:14,15,0,22.3,1.1,28.4,28.2,2,1,1.00,CYCLE,S
IND,208,6592,59453,14/01/2019,05:21:18,15,0,22.8,1.0,3.1,2.9,2,1,1.00,CYCLE,S
IND,208,6592,59453,14/01/2019,05:21:19,15,0,23.7,1.0,1.5,1.4,2,1,1.00,CYCLE,S
IND,208,6592,59453,14/01/2019,05:21:39,15,0,26.5,1.0,1.9,1.7,2,1,1.00,CYCLE,S
IND,208,6592,59453,14/01/2019,05:21:41,15,0,29.8,1.1,1.9,1.8,2,1,1.00,CYCLE,S
IND,208,6592,59453,14/01/2019,05:22:01,15,0,16.4,1.0,20.4,20.2,2,1,1.00,CYCLE,S
IND,208,6592,59453,14/01/2019,05:22:24,15,0,29.7,1.0,22.9,22.7,2,1,1.00,CYCLE,S
IND,208,6592,59453,14/01/2019,05:22:36,15,0,29.1,1.0,11.5,11.4,2,1,1.00,CYCLE,S
IND,208,6592,59453,14/01/2019,05:23:00,15,0,28.0,1.0,24.1,24.0,2,1,1.00,CYCLE,S
IND,208,6592,59453,14/01/2019,05:23:41,15,0,28.2,1.0,41.2,41.1,2,1,1.00,CYCLE,S
IND,208,6592,59453,14/01/2019,05:23:48,15,0,26.7,1.1,7.0,6.9,2,1,1.00,CYCLE,S
IND,208,6592,59453,14/01/2019,05:24:22,15,0,28.8,1.0,33.5,33.4,2,1,1.00,CYCLE,S
IND,208,6592,59453,14/01/2019,05:24:37,15,0,32.2,1.0,15.5,15.3,2,1,1.00,CYCLE,S
IND,208,6592,59453,14/01/2019,05:24:56,15,0,19.9,1.0,19.0,18.9,2,1,1.00,CYCLE,S
IND,208,6592,59453,14/01/2019,05:25:24,15,0,20.3,1.1,28.1,28.0,2,1,1.00,CYCLE,S
IND,208,6592,59453,14/01/2019,05:25:31,15,0,25.8,1.0,6.8,6.6,2,1,1.00,CYCLE,S
IND,208,6592,59453,14/01/2019,05:26:42,15,0,21.8,1.0,71.1,70.9,2,1,1.00,CYCLE,S
IND,208,6592,59452,14/01/2019,05:27:43,15,1,24.2,1.1,708.4,708.2,2,1,1.00,CYCLE,N
IND,208,6592,59453,14/01/2019,05:27:49,15,0,22.8,1.1,67.1,66.9,2,1,1.00,CYCLE,S
IND,208,6592,59453,14/01/2019,05:27:56,15,0,28.3,1.0,6.5,6.3,2,1,1.00,CYCLE,S
IND,208,6592,59453,14/01/2019,05:28:50,15,0,31.7,1.0,53.9,53.8,2,1,1.00,CYCLE,S
IND,208,6592,59453,14/01/2019,05:29:03,15,0,29.9,1.0,12.9,12.8,2,1,1.00,CYCLE,S
IND,208,6592,59453,14/01/2019,05:29:12,15,0,28.9,1.0,9.5,9.4,2,1,1.00,CYCLE,S
IND,208,6592,59453,14/01/2019,05:29:25,15,0,24.4,1.0,13.3,13.2,2,1,1.00,CYCLE,S
IND,208,6592,59453,14/01/2019,05:29:38,15,0,23.6,1.1,12.4,12.2,2,1,1.00,CYCLE,S
IND,208,6592,59453,14/01/2019,05:30:03,15,0,24.0,1.0,25.1,25.0,2,1,1.00,CYCLE,S
IND,208,6592,59453,14/01/2019,05:30:26,15,0,30.2,1.0,22.9,22.8,2,1,1.00,CYCLE,S
IND,208,6592,59453,14/01/2019,05:30:29,15,0,28.1,1.0,3.5,3.4,2,1,1.00,CYCLE,S
IND,208,6592,59453,14/01/2019,05:30:31,15,0,32.5,1.1,1.3,1.2,2,1,1.00,CYCLE,S
IND,208,6592,59453,14/01/2019,05:30:38,15,0,20.3,1.0,7.8,7.6,2,1,1.00,CYCLE,S
IND,208,6592,59453,14/01/2019,05:31:18,15,0,25.8,1.0,39.8,39.6,2,1,1.00,CYCLE,S
IND,208,6592,59453,14/01/2019,05:31:29,15,0,24.8,1.1,10.5,10.3,2,1,1.00,CYCLE,S
IND,208,6592,59453,14/01/2019,05:31:38,15,0,24.0,1.1,9.0,8.8,2,1,1.00,CYCLE,S
IND,208,6592,59453,14/01/2019,05:32:05,15,0,24.9,1.0,27.3,27.1,2,1,1.00,CYCLE,S
IND,208,6592,59453,14/01/2019,05:32:06,15,0,24.2,1.0,0.7,0.5,2,1,1.00,CYCLE,S
IND,208,6592,59453,14/01/2019,05:32:06,15,0,25.1,1.0,0.6,0.5,2,1,1.00,CYCLE,S
IND,208,6592,59453,14/01/2019,05:32:16,15,0,20.9,1.1,9.4,9.2,2,1,1.00,CYCLE,S
IND,208,6592,59453,14/01/2019,05:32:49,15,0,28.5,1.0,33.3,33.1,2,1,1.00,CYCLE,S
IND,208,6592,59453,14/01/2019,05:32:55,15,0,28.0,1.0,6.0,5.9,2,1,1.00,CYCLE,S
IND,208,6592,59453,14/01/2019,05:33:01,15,0,35.1,1.0,6.1,6.0,2,1,1.00,CYCLE,S
IND,208,6592,59453,14/01/2019,05:33:30,15,0,24.8,1.1,29.1,29.0,2,1,1.00,CYCLE,S
IND,208,6592,59453,14/01/2019,05:33:48,15,0,30.7,1.0,17.3,17.2,2,1,1.00,CYCLE,S
IND,208,6592,59453,14/01/2019,05:33:56,15,0,27.7,1.1,8.4,8.2,2,1,1.00,CYCLE,S
IND,208,6592,59453,14/01/2019,05:34:21,15,0,23.4,1.0,24.8,24.6,2,1,1.00,CYCLE,S
IND,208,6592,59453,14/01/2019,05:35:08,15,0,32.4,1.0,47.3,47.2,2,1,1.00,CYCLE,S
IND,208,6592,59453,14/01/2019,05:35:09,15,0,27.8,1.0,0.9,0.8,2,1,1.00,CYCLE,S
IND,208,6592,59453,14/01/2019,05:35:12,15,0,29.5,1.1,3.3,3.1,2,1,1.00,CYCLE,S
IND,208,6592,59453,14/01/2019,05:35:13,15,0,32.3,1.0,1.1,1.0,2,1,1.00,CYCLE,S
IND,208,6592,59453,14/01/2019,05:35:41,15,0,27.7,1.0,27.4,27.3,2,1,1.00,CYCLE,S
IND,208,6592,59453,14/01/2019,05:36:55,15,0,32.1,1.0,74.6,74.5,2,1,1.00,CYCLE,S
IND,208,6592,59453,14/01/2019,05:37:24,15,0,30.9,1.0,28.8,28.7,2,1,1.00,CYCLE,S
IND,208,6592,59453,14/01/2019,05:38:13,15,0,21.8,1.0,49.0,48.8,2,1,1.00,CYCLE,S
IND,208,6592,59453,14/01/2019,05:38:13,15,0,24.2,1.0,0.3,0.2,2,1,1.00,CYCLE,S
IND,208,6592,59453,14/01/2019,05:38:16,15,0,23.3,1.1,2.2,2.1,2,1,1.00,CYCLE,S
IND,208,6592,59453,14/01/2019,05:38:25,15,0,17.2,1.0,9.4,9.3,2,1,1.00,CYCLE,S
IND,208,6592,59452,14/01/2019,05:38:31,15,1,23.6,1.0,648.4,648.2,2,1,1.00,CYCLE,N
IND,208,6592,59453,14/01/2019,05:38:37,15,0,30.2,1.1,12.1,11.9,2,1,1.00,CYCLE,S
IND,208,6592,59453,14/01/2019,05:38:48,15,0,22.1,1.0,10.6,10.5,2,1,1.00,CYCLE,S
IND,208,6592,59453,14/01/2019,05:38:57,15,0,27.1,1.0,9.4,9.3,2,1,1.00,CYCLE,S
IND,208,6592,59453,14/01/2019,05:40:07,15,0,30.0,1.1,70.2,70.1,2,1,1.00,CYCLE,S
IND,208,6592,59453,14/01/2019,05:40:08,15,0,26.6,1.1,0.9,0.7,2,1,1.00,CYCLE,S
IND,208,6592,59453,14/01/2019,05:40:11,15,0,26.4,1.0,2.4,2.2,2,1,1.00,CYCLE,S
IND,208,6592,59453,14/01/2019,05:40:18,15,0,21.3,1.1,7.7,7.6,2,1,1.00,CYCLE,S
IND,208,6592,59453,14/01/2019,05:40:35,15,0,29.0,1.0,17.1,17.0,2,1,1.00,CYCLE,S
IND,208,6592,59453,14/01/2019,05:40:36,15,0,29.8,1.1,0.4,0.3,2,1,1.00,CYCLE,S
IND,208,6592,59453,14/01/2019,05:40:41,15,0,26.4,1.0,5.2,5.1,2,1,1.00,CYCLE,S
IND,208,6592,59453,14/01/2019,05:41:59,15,0,23.3,1.0,78.2,78.1,2,1,1.00,CYCLE,S
IND,208,6592,59453,14/01/2019,05:42:50,15,0,24.7,1.0,50.5,50.3,2,1,1.00,CYCLE,S
IND,208,6592,59453,14/01/2019,05:43:47,15,0,29.7,1.0,56.8,56.7,2,1,1.00,CYCLE,S
IND,208,6592,59453,14/01/2019,05:43:53,15,0,28.5,1.0,6.8,6.7,2,1,1.00,CYCLE,S
IND,208,6592,59453,14/01/2019,05:43:55,15,0,29.5,1.0,2.0,1.9,2,1,1.00,CYCLE,S
IND,208,6592,59453,14/01/2019,05:43:56,15,0,22.7,1.1,0.3,0.2,2,1,1.00,CYCLE,S
IND,208,6592,59452,14/01/2019,05:43:57,15,1,28.1,1.1,326.4,326.3,2,1,1.00,CYCLE,N
IND,208,6592,59453,14/01/2019,05:44:28,15,0,29.9,1.0,32.5,32.3,2,1,1.00,CYCLE,S
IND,208,6592,59453,14/01/2019,05:44:31,15,0,26.3,1.1,2.4,2.2,2,1,1.00,CYCLE,S
IND,208,6592,59453,14/01/2019,05:44:33,15,0,24.8,1.1,2.8,2.7,2,1,1.00,CYCLE,S
IND,208,6592,59452,14/01/2019,05:44:40,15,1,26.6,1.0,42.5,42.3,2,1,1.00,CYCLE,N
IND,208,6592,59452,14/01/2019,05:44:43,15,1,23.6,1.0,3.1,3.0,2,1,1.00,CYCLE,N
IND,208,6592,59452,14/01/2019,05:45:42,15,1,18.5,1.0,58.7,58.6,2,1,1.00,CYCLE,N
IND,208,6592,59453,14/01/2019,05:45:49,15,0,27.9,1.1,75.8,75.6,2,1,1.00,CYCLE,S
IND,208,6592,59453,14/01/2019,05:45:57,15,0,25.8,1.0,7.4,7.2,2,1,1.00,CYCLE,S
IND,208,6592,59453,14/01/2019,05:46:36,15,0,28.2,1.0,39.5,39.4,2,1,1.00,CYCLE,S
IND,208,6592,59453,14/01/2019,05:46:42,15,0,24.2,1.1,5.8,5.7,2,1,1.00,CYCLE,S
IND,208,6592,59452,14/01/2019,05:47:34,15,1,25.6,1.0,112.7,112.4,2,1,1.00,CYCLE,N
IND,208,6592,59453,14/01/2019,05:47:36,15,0,35.3,1.0,54.1,54.0,2,1,0.25,CYCLE,S
IND,208,6592,59453,14/01/2019,05:47:36,15,0,35.3,1.0,0.0,0.0,2,1,0.25,CYCLE,S
IND,208,6592,59453,14/01/2019,05:47:48,15,0,31.6,1.0,12.2,11.9,2,1,1.00,CYCLE,S
IND,208,6592,59453,14/01/2019,05:47:52,15,0,27.1,1.1,3.4,3.3,2,1,1.00,CYCLE,S
IND,208,6592,59453,14/01/2019,05:47:53,15,0,27.0,1.1,1.3,1.1,2,1,1.00,CYCLE,S
IND,208,6592,59453,14/01/2019,05:47:58,15,0,22.5,1.0,5.2,5.1,2,1,1.00,CYCLE,S
IND,208,6592,59453,14/01/2019,05:47:58,15,0,22.5,1.0,0.0,0.0,2,1,1.00,CYCLE,S
IND,208,6592,59453,14/01/2019,05:48:17,15,0,27.4,1.1,18.8,18.6,2,1,1.00,CYCLE,S
IND,208,6592,59453,14/01/2019,05:48:38,15,0,22.6,1.0,21.2,21.0,2,1,1.00,CYCLE,S
IND,208,6592,59452,14/01/2019,05:48:41,15,1,23.3,1.0,66.6,66.4,2,1,0.67,CYCLE,N
IND,208,6592,59452,14/01/2019,05:48:41,15,1,23.3,1.0,0.0,0.0,2,1,0.67,CYCLE,N
IND,208,6592,59453,14/01/2019,05:49:51,15,0,30.1,1.0,73.4,73.2,2,1,1.00,CYCLE,S
IND,208,6592,59453,14/01/2019,05:49:54,15,0,26.1,1.0,2.3,2.1,2,1,1.00,CYCLE,S
IND,208,6592,59453,14/01/2019,05:49:54,15,0,24.0,1.1,0.7,0.6,2,1,1.00,CYCLE,S
IND,208,6592,59453,14/01/2019,05:49:57,15,0,24.1,1.0,2.6,2.5,2,1,1.00,CYCLE,S
IND,208,6592,59453,14/01/2019,05:50:00,15,0,23.9,1.1,2.8,2.6,2,1,1.00,CYCLE,S
IND,208,6592,59453,14/01/2019,05:50:28,15,0,33.5,1.1,28.6,28.5,2,1,1.00,CYCLE,S
IND,208,6592,59453,14/01/2019,05:50:29,15,0,33.5,1.0,0.3,0.2,2,1,1.00,CYCLE,S
IND,208,6592,59453,14/01/2019,05:50:29,15,0,33.3,1.0,0.3,0.2,2,1,1.00,CYCLE,S
IND,208,6592,59453,14/01/2019,05:50:31,15,0,33.4,1.0,2.1,2.0,2,1,1.00,CYCLE,S
IND,208,6592,59453,14/01/2019,05:50:32,15,0,33.8,1.1,0.5,0.4,2,1,1.00,CYCLE,S
IND,208,6592,59453,14/01/2019,05:50:38,15,0,35.0,1.0,6.8,6.7,2,1,1.00,CYCLE,S
IND,208,6592,59453,14/01/2019,05:50:45,15,0,31.4,1.0,7.1,7.0,2,1,1.00,CYCLE,S
IND,208,6592,59453,14/01/2019,05:50:55,15,0,29.4,1.1,9.6,9.4,2,1,1.00,CYCLE,S
IND,208,6592,59452,14/01/2019,05:50:56,15,1,19.5,1.1,134.8,134.5,2,1,1.00,CYCLE,N
IND,208,6592,59453,14/01/2019,05:51:12,15,0,24.1,1.1,17.1,17.0,2,1,1.00,CYCLE,S
IND,208,6592,59453,14/01/2019,05:51:15,15,0,25.0,1.0,2.5,2.3,2,1,1.00,CYCLE,S
IND,208,6592,59453,14/01/2019,05:51:19,15,0,24.6,1.1,4.2,4.1,2,1,1.00,CYCLE,S
IND,208,6592,59453,14/01/2019,05:51:44,15,0,26.4,1.2,24.9,24.7,2,1,1.00,CYCLE,S
IND,208,6592,59453,14/01/2019,05:51:48,15,0,30.4,1.0,4.6,4.5,2,1,1.00,CYCLE,S
IND,208,6592,59453,14/01/2019,05:51:49,15,0,24.0,1.0,0.2,0.1,2,1,1.00,CYCLE,S
IND,208,6592,59453,14/01/2019,05:52:29,15,0,27.1,1.0,40.2,40.0,2,1,1.00,CYCLE,S
IND,208,6592,59453,14/01/2019,05:52:32,15,0,26.5,1.1,2.9,2.7,2,1,1.00,CYCLE,S
IND,208,6592,59452,14/01/2019,05:52:36,15,1,25.3,1.1,99.7,99.5,2,1,1.00,CYCLE,N
IND,208,6592,59452,14/01/2019,05:52:44,15,1,23.3,1.0,8.3,8.1,2,1,1.00,CYCLE,N
IND,208,6592,59452,14/01/2019,05:52:44,15,1,22.4,1.0,0.7,0.5,2,1,1.00,CYCLE,N
IND,208,6592,59453,14/01/2019,05:52:48,15,0,26.8,1.0,16.9,16.7,2,1,1.00,CYCLE,S
IND,208,6592,59453,14/01/2019,05:52:50,15,0,27.3,1.0,1.9,1.8,2,1,1.00,CYCLE,S
IND,208,6592,59453,14/01/2019,05:53:20,15,0,32.8,1.0,29.3,29.2,2,1,1.00,CYCLE,S
IND,208,6592,59453,14/01/2019,05:53:24,15,0,26.6,1.0,4.6,4.5,2,1,1.00,CYCLE,S
IND,208,6592,59453,14/01/2019,05:53:37,15,0,21.0,1.1,13.2,13.0,2,1,1.00,CYCLE,S
IND,208,6592,59453,14/01/2019,05:53:55,15,0,23.3,1.1,18.0,17.8,2,1,1.00,CYCLE,S
IND,208,6592,59452,14/01/2019,05:54:35,15,1,28.0,1.0,110.2,110.0,2,1,1.00,CYCLE,N
IND,208,6592,59452,14/01/2019,05:54:40,15,1,26.1,1.0,5.3,5.2,2,1,1.00,CYCLE,N
IND,208,6592,59453,14/01/2019,05:55:22,15,0,34.3,1.0,86.2,86.0,2,1,1.00,CYCLE,S
IND,208,6592,59453,14/01/2019,05:55:38,15,0,25.3,1.1,16.0,15.9,2,1,1.00,CYCLE,S
IND,208,6592,59453,14/01/2019,05:56:15,15,0,29.0,1.0,37.5,37.3,2,1,1.00,CYCLE,S
IND,208,6592,59453,14/01/2019,05:56:38,15,0,33.2,1.0,22.9,22.8,2,1,1.00,CYCLE,S
IND,208,6592,59453,14/01/2019,05:56:49,15,0,29.8,1.0,10.8,10.7,2,1,1.00,CYCLE,S
IND,208,6592,59453,14/01/2019,05:57:28,15,0,27.3,1.0,39.6,39.5,2,1,1.00,CYCLE,S
IND,208,6592,59453,14/01/2019,05:57:33,15,0,25.2,1.1,4.8,4.6,2,1,1.00,CYCLE,S
IND,208,6592,59453,14/01/2019,05:57:34,15,0,25.9,1.1,0.4,0.2,2,1,1.00,CYCLE,S
IND,208,6592,59453,14/01/2019,05:57:42,15,0,20.6,1.0,8.9,8.8,2,1,1.00,CYCLE,S
IND,208,6592,59453,14/01/2019,05:58:17,15,0,22.5,1.0,34.8,34.6,2,1,0.50,CYCLE,S
IND,208,6592,59452,14/01/2019,05:58:17,15,1,22.5,1.0,0.0,0.0,2,1,0.50,CYCLE,N
IND,208,6592,59453,14/01/2019,05:58:19,15,0,23.4,1.1,2.0,1.8,2,1,1.00,CYCLE,S
IND,208,6592,59453,14/01/2019,05:58:24,15,0,32.5,1.0,4.6,4.4,2,1,1.00,CYCLE,S
IND,208,6592,59453,14/01/2019,05:58:25,15,0,28.7,1.1,1.1,1.0,2,1,1.00,CYCLE,S
IND,208,6592,59453,14/01/2019,05:58:26,15,0,31.7,1.0,0.8,0.7,2,1,1.00,CYCLE,S
IND,208,6592,59453,14/01/2019,05:58:29,15,0,29.8,1.0,2.7,2.6,2,1,1.00,CYCLE,S
IND,208,6592,59453,14/01/2019,05:58:35,15,0,35.1,1.0,6.0,5.9,2,1,1.00,CYCLE,S
IND,208,6592,59453,14/01/2019,05:58:36,15,0,27.0,1.0,1.1,1.0,2,1,1.00,CYCLE,S
IND,208,6592,59453,14/01/2019,05:58:36,15,0,30.6,1.0,0.6,0.5,2,1,1.00,CYCLE,S
IND,208,6592,59453,14/01/2019,05:58:37,15,0,33.0,1.0,1.0,0.9,2,1,1.00,CYCLE,S
IND,208,6592,59453,14/01/2019,05:59:13,15,0,28.1,1.0,36.2,36.0,2,1,1.00,CYCLE,S
IND,208,6592,59453,14/01/2019,05:59:23,15,0,27.7,1.0,9.2,9.1,2,1,1.00,CYCLE,S
IND,208,6592,59453,14/01/2019,05:59:29,15,0,26.4,1.0,6.0,5.9,2,1,1.00,CYCLE,S
IND,208,6592,59453,14/01/2019,05:59:29,15,0,27.2,1.1,0.7,0.6,2,1,1.00,CYCLE,S
IND,208,6592,59453,14/01/2019,05:59:39,15,0,23.3,1.1,9.7,9.5,2,1,1.00,CYCLE,S
IND,208,6592,59453,14/01/2019,05:59:53,15,0,28.8,1.0,14.3,14.1,2,1,1.00,CYCLE,S
IND,208,6592,59453,14/01/2019,05:59:54,15,0,30.7,1.1,1.1,0.9,2,1,1.00,CYCLE,S
IND,208,6592,59453,14/01/2019,05:59:55,15,0,30.8,1.0,0.7,0.6,2,1,1.00,CYCLE,S
IND,208,6592,59453,14/01/2019,06:01:17,15,0,30.9,1.0,81.6,81.4,2,1,1.00,CYCLE,S
IND,208,6592,59452,14/01/2019,06:01:23,15,1,26.1,1.0,403.2,403.0,2,1,1.00,CYCLE,N
IND,208,6592,59453,14/01/2019,06:01:26,15,0,28.7,1.0,8.9,8.8,2,1,1.00,CYCLE,S
IND,208,6592,59453,14/01/2019,06:01:28,15,0,27.3,1.1,2.7,2.6,2,1,1.00,CYCLE,S
IND,208,6592,59453,14/01/2019,06:01:29,15,0,28.5,1.0,0.7,0.6,2,1,1.00,CYCLE,S
IND,208,6592,59453,14/01/2019,06:01:29,15,0,32.7,1.0,0.3,0.2,2,1,1.00,CYCLE,S
IND,208,6592,59453,14/01/2019,06:01:29,15,0,24.5,1.0,0.2,0.1,2,1,1.00,CYCLE,S
IND,208,6592,59453,14/01/2019,06:01:30,15,0,27.7,1.0,1.0,0.8,2,1,1.00,CYCLE,S
IND,208,6592,59453,14/01/2019,06:01:37,15,0,23.5,1.1,6.9,6.7,2,1,1.00,CYCLE,S
IND,208,6592,59453,14/01/2019,06:01:52,15,0,22.7,1.0,15.2,15.0,2,1,1.00,CYCLE,S
IND,208,6592,59453,14/01/2019,06:02:41,15,0,23.2,1.1,48.3,48.1,2,1,1.00,CYCLE,S
IND,208,6592,59453,14/01/2019,06:03:28,15,0,27.8,1.0,47.3,47.2,2,1,1.00,CYCLE,S
IND,208,6592,59453,14/01/2019,06:03:33,15,0,25.4,1.1,4.8,4.7,2,1,1.00,CYCLE,S
IND,208,6592,59453,14/01/2019,06:03:34,15,0,24.9,1.0,1.2,1.1,2,1,1.00,CYCLE,S
IND,208,6592,59453,14/01/2019,06:03:35,15,0,23.1,1.1,0.8,0.7,2,1,1.00,CYCLE,S
IND,208,6592,59453,14/01/2019,06:03:37,15,0,23.5,1.1,2.2,2.1,2,1,1.00,CYCLE,S
IND,208,6592,59453,14/01/2019,06:04:10,15,0,20.6,1.1,33.1,32.9,2,1,1.00,CYCLE,S
IND,208,6592,59452,14/01/2019,06:04:16,15,1,23.1,1.1,172.8,172.7,2,1,1.00,CYCLE,N
IND,208,6592,59453,14/01/2019,06:04:24,15,0,30.5,1.0,14.3,14.1,2,1,1.00,CYCLE,S
IND,208,6592,59453,14/01/2019,06:04:25,15,0,31.3,1.0,0.8,0.7,2,1,1.00,CYCLE,S
IND,208,6592,59453,14/01/2019,06:04:28,15,0,25.9,1.1,2.5,2.4,2,1,1.00,CYCLE,S
IND,208,6592,59453,14/01/2019,06:05:18,15,0,25.7,1.2,50.1,49.9,2,1,1.00,CYCLE,S
IND,208,6592,59453,14/01/2019,06:05:27,15,0,25.7,1.1,9.7,9.5,2,1,1.00,CYCLE,S
IND,208,6592,59453,14/01/2019,06:05:31,15,0,25.7,1.0,3.1,3.0,2,1,1.00,CYCLE,S
IND,208,6592,59453,14/01/2019,06:05:31,15,0,25.0,1.0,0.6,0.5,2,1,1.00,CYCLE,S
IND,208,6592,59453,14/01/2019,06:05:35,15,0,23.3,1.0,3.4,3.3,2,1,1.00,CYCLE,S
IND,208,6592,59453,14/01/2019,06:05:50,15,0,23.1,1.1,15.5,15.3,2,1,1.00,CYCLE,S
IND,208,6592,59452,14/01/2019,06:06:06,15,1,30.5,1.0,110.2,110.0,2,1,1.00,CYCLE,N
IND,208,6592,59452,14/01/2019,06:06:07,15,1,33.1,1.0,1.3,1.1,2,1,1.00,CYCLE,N
IND,208,6592,59453,14/01/2019,06:06:16,15,0,27.7,1.1,26.0,25.9,2,1,1.00,CYCLE,S
IND,208,6592,59453,14/01/2019,06:06:29,15,0,26.6,1.1,12.4,12.2,2,1,1.00,CYCLE,S
IND,208,6592,59453,14/01/2019,06:06:39,15,0,25.3,1.0,10.7,10.5,2,1,1.00,CYCLE,S
IND,208,6592,59453,14/01/2019,06:06:54,15,0,25.3,1.1,15.2,15.0,2,1,1.00,CYCLE,S
IND,208,6592,59453,14/01/2019,06:06:55,15,0,30.9,1.1,0.3,0.2,2,1,1.00,CYCLE,S
IND,208,6592,59453,14/01/2019,06:06:57,15,0,28.2,1.1,2.3,2.2,2,1,1.00,CYCLE,S
IND,208,6592,59452,14/01/2019,06:07:21,15,1,24.5,1.1,74.0,73.9,2,1,1.00,CYCLE,N
IND,208,6592,59453,14/01/2019,06:07:25,15,0,30.0,1.0,28.0,27.8,2,1,1.00,CYCLE,S
IND,208,6592,59453,14/01/2019,06:07:28,15,0,25.4,1.0,3.3,3.1,2,1,1.00,CYCLE,S
IND,208,6592,59453,14/01/2019,06:07:29,15,0,25.9,1.0,0.8,0.6,2,1,1.00,CYCLE,S
IND,208,6592,59453,14/01/2019,06:07:31,15,0,26.4,1.1,2.0,1.9,2,1,1.00,CYCLE,S
IND,208,6592,59453,14/01/2019,06:07:33,15,0,24.5,1.0,1.5,1.4,2,1,1.00,CYCLE,S
IND,208,6592,59453,14/01/2019,06:07:34,15,0,26.6,1.0,1.3,1.2,2,1,1.00,CYCLE,S
IND,208,6592,59453,14/01/2019,06:07:36,15,0,21.1,1.1,2.4,2.3,2,1,1.00,CYCLE,S
IND,208,6592,59453,14/01/2019,06:07:56,15,0,27.0,1.1,20.0,19.8,2,1,1.00,CYCLE,S
IND,208,6592,59453,14/01/2019,06:08:02,15,0,24.9,1.0,5.6,5.4,2,1,1.00,CYCLE,S
IND,208,6592,59453,14/01/2019,06:08:04,15,0,25.4,1.1,1.8,1.7,2,1,1.00,CYCLE,S
IND,208,6592,59453,14/01/2019,06:08:12,15,0,30.5,1.0,7.9,7.7,2,1,1.00,CYCLE,S
IND,208,6592,59453,14/01/2019,06:08:44,15,0,28.6,1.0,32.1,31.9,2,1,1.00,CYCLE,S
IND,208,6592,59453,14/01/2019,06:09:03,15,0,29.9,1.0,19.4,19.3,2,1,1.00,CYCLE,S
IND,208,6592,59453,14/01/2019,06:09:34,15,0,29.2,1.0,31.2,31.1,2,1,1.00,CYCLE,S
IND,208,6592,59453,14/01/2019,06:09:35,15,0,29.4,1.0,0.6,0.5,2,1,1.00,CYCLE,S
IND,208,6592,59453,14/01/2019,06:09:38,15,0,30.4,1.1,2.7,2.6,2,1,1.00,CYCLE,S
IND,208,6592,59453,14/01/2019,06:09:39,15,0,25.4,1.1,1.7,1.6,2,1,1.00,CYCLE,S
IND,208,6592,59453,14/01/2019,06:09:40,15,0,29.4,1.0,0.4,0.3,2,1,1.00,CYCLE,S
IND,208,6592,59453,14/01/2019,06:09:44,15,0,25.4,1.1,4.1,4.0,2,1,1.00,CYCLE,S
IND,208,6592,59453,14/01/2019,06:09:44,15,0,22.8,1.1,0.4,0.3,2,1,1.00,CYCLE,S
IND,208,6592,59453,14/01/2019,06:10:06,15,0,31.6,1.0,21.6,21.4,2,1,1.00,CYCLE,S
IND,208,6592,59453,14/01/2019,06:10:09,15,0,31.7,1.0,2.8,2.7,2,1,1.00,CYCLE,S
IND,208,6592,59453,14/01/2019,06:10:09,15,0,31.5,1.0,0.5,0.4,2,1,1.00,CYCLE,S
IND,208,6592,59453,14/01/2019,06:10:09,15,0,26.7,1.0,0.4,0.3,2,1,1.00,CYCLE,S
IND,208,6592,59452,14/01/2019,06:10:16,15,1,31.7,1.0,174.6,174.4,2,1,1.00,CYCLE,N
IND,208,6592,59453,14/01/2019,06:10:20,15,0,30.0,1.1,10.1,9.9,2,1,1.00,CYCLE,S
IND,208,6592,59452,14/01/2019,06:10:27,15,1,26.9,1.0,10.7,10.6,2,1,1.00,CYCLE,N
IND,208,6592,59453,14/01/2019,06:10:36,15,0,32.4,1.0,16.6,16.5,2,1,1.00,CYCLE,S
IND,208,6592,59453,14/01/2019,06:11:21,15,0,27.6,1.0,45.1,44.9,2,1,1.00,CYCLE,S
IND,208,6592,59453,14/01/2019,06:11:23,15,0,27.7,1.0,1.7,1.6,2,1,1.00,CYCLE,S
IND,208,6592,59453,14/01/2019,06:11:25,15,0,23.4,1.0,1.6,1.5,2,1,0.91,CYCLE,S
IND,208,6592,59453,14/01/2019,06:11:25,15,0,23.4,1.0,0.0,0.0,2,1,0.91,CYCLE,S
IND,208,6592,59453,14/01/2019,06:11:25,15,0,24.2,1.0,0.9,0.6,2,1,1.00,CYCLE,S
IND,208,6592,59453,14/01/2019,06:11:26,15,0,25.1,1.1,0.7,0.6,2,1,1.00,CYCLE,S
IND,208,6592,59453,14/01/2019,06:11:29,15,0,30.7,1.1,2.7,2.5,2,1,1.00,CYCLE,S
IND,208,6592,59453,14/01/2019,06:11:57,15,0,30.9,1.0,27.7,27.6,2,1,1.00,CYCLE,S
IND,208,6592,59453,14/01/2019,06:12:03,15,0,28.8,1.0,6.4,6.3,2,1,1.00,CYCLE,S
IND,208,6592,59453,14/01/2019,06:12:04,15,0,31.3,1.0,1.5,1.3,2,1,1.00,CYCLE,S
IND,208,6592,59453,14/01/2019,06:12:06,15,0,21.9,1.0,1.5,1.4,2,1,1.00,CYCLE,S
IND,208,6592,59453,14/01/2019,06:12:12,15,0,31.0,1.0,6.5,6.3,2,1,1.00,CYCLE,S
IND,208,6592,59452,14/01/2019,06:12:25,15,1,21.0,1.1,118.7,118.5,2,1,1.00,CYCLE,N
IND,208,6592,59453,14/01/2019,06:13:06,15,0,29.4,1.0,53.9,53.8,2,1,1.00,CYCLE,S
IND,208,6592,59453,14/01/2019,06:13:09,15,0,28.3,1.0,2.9,2.7,2,1,1.00,CYCLE,S
IND,208,6592,59453,14/01/2019,06:13:10,15,0,23.5,1.0,0.7,0.5,2,1,1.00,CYCLE,S
IND,208,6592,59453,14/01/2019,06:13:10,15,0,29.9,1.1,0.6,0.5,2,1,1.00,CYCLE,S
IND,208,6592,59453,14/01/2019,06:13:12,15,0,25.2,1.1,1.2,1.1,2,1,1.00,CYCLE,S
IND,208,6592,59453,14/01/2019,06:13:14,15,0,4.0,0.4,2.1,1.9,2,1,0.80,CYCLE,S
IND,208,6592,59453,14/01/2019,06:13:23,15,0,19.7,1.0,9.0,8.6,2,1,1.00,CYCLE,S
IND,208,6592,59453,14/01/2019,06:13:26,15,0,20.5,1.1,3.5,3.3,2,1,1.00,CYCLE,S
IND,208,6592,59453,14/01/2019,06:13:35,15,0,28.3,1.1,8.3,8.1,2,1,1.00,CYCLE,S
IND,208,6592,59453,14/01/2019,06:13:43,15,0,27.5,1.0,8.1,7.9,2,1,1.00,CYCLE,S
IND,208,6592,59453,14/01/2019,06:13:53,15,0,31.8,1.1,9.9,9.8,2,1,1.00,CYCLE,S
IND,208,6592,59452,14/01/2019,06:13:54,15,1,23.6,1.1,88.6,88.4,2,1,1.00,CYCLE,N
IND,208,6592,59453,14/01/2019,06:14:23,15,0,32.0,1.1,30.2,30.1,2,1,1.00,CYCLE,S
IND,208,6592,59453,14/01/2019,06:14:23,15,0,25.2,1.0,0.7,0.6,2,1,1.00,CYCLE,S
IND,208,6592,59453,14/01/2019,06:14:28,15,0,28.4,1.1,4.7,4.6,2,1,1.00,CYCLE,S
IND,208,6592,59453,14/01/2019,06:14:43,15,0,31.6,1.1,14.9,14.8,2,1,1.00,CYCLE,S
IND,208,6592,59453,14/01/2019,06:15:00,15,0,26.6,1.0,16.9,16.8,2,1,1.00,CYCLE,S
IND,208,6592,59453,14/01/2019,06:15:09,15,0,34.4,1.0,9.4,9.3,2,1,1.00,CYCLE,S
IND,208,6592,59453,14/01/2019,06:15:12,15,0,27.9,1.0,2.6,2.5,2,1,1.00,CYCLE,S
IND,208,6592,59453,14/01/2019,06:15:13,15,0,27.7,1.1,1.0,0.8,2,1,1.00,CYCLE,S
IND,208,6592,59453,14/01/2019,06:15:20,15,0,23.7,1.1,6.6,6.5,2,1,1.00,CYCLE,S
IND,208,6592,59453,14/01/2019,06:15:21,15,0,23.7,1.0,1.3,1.1,2,1,1.00,CYCLE,S
IND,208,6592,59453,14/01/2019,06:15:23,15,0,22.9,1.1,2.3,2.1,2,1,1.00,CYCLE,S
IND,208,6592,59452,14/01/2019,06:15:40,15,1,33.0,1.1,106.3,106.1,2,1,1.00,CYCLE,N
IND,208,6592,59452,14/01/2019,06:15:45,15,1,28.5,1.1,4.9,4.8,2,1,1.00,CYCLE,N
IND,208,6592,59453,14/01/2019,06:16:02,15,0,28.4,1.0,38.9,38.7,2,1,1.00,CYCLE,S
IND,208,6592,59453,14/01/2019,06:17:08,15,0,26.3,1.0,66.2,66.1,2,1,1.00,CYCLE,S
IND,208,6592,59453,14/01/2019,06:17:11,15,0,26.7,1.0,2.7,2.5,2,1,1.00,CYCLE,S
IND,208,6592,59452,14/01/2019,06:17:18,15,1,24.9,1.0,93.2,93.1,2,1,1.00,CYCLE,N
IND,208,6592,59453,14/01/2019,06:17:27,15,0,28.1,1.0,16.5,16.4,2,1,1.00,CYCLE,S
IND,208,6592,59453,14/01/2019,06:17:33,15,0,27.5,1.1,5.6,5.5,2,1,1.00,CYCLE,S
IND,208,6592,59453,14/01/2019,06:17:42,15,0,28.1,1.0,8.6,8.5,2,1,1.00,CYCLE,S
IND,208,6592,59453,14/01/2019,06:17:42,15,0,25.1,1.1,0.8,0.6,2,1,1.00,CYCLE,S
IND,208,6592,59453,14/01/2019,06:18:04,15,0,30.5,1.0,21.9,21.7,2,1,1.00,CYCLE,S
IND,208,6592,59453,14/01/2019,06:18:08,15,0,20.6,1.0,3.9,3.8,2,1,1.00,CYCLE,S
IND,208,6592,59453,14/01/2019,06:18:24,15,0,26.3,1.1,15.8,15.6,2,1,1.00,CYCLE,S
IND,208,6592,59453,14/01/2019,06:18:25,15,0,28.7,1.1,0.9,0.7,2,1,1.00,CYCLE,S
IND,208,6592,59453,14/01/2019,06:18:26,15,0,25.3,1.0,1.5,1.4,2,1,1.00,CYCLE,S
IND,208,6592,59453,14/01/2019,06:18:48,15,0,27.7,1.1,21.4,21.2,2,1,1.00,CYCLE,S
IND,208,6592,59453,14/01/2019,06:18:51,15,0,26.9,1.0,3.3,3.2,2,1,1.00,CYCLE,S
IND,208,6592,59453,14/01/2019,06:18:59,15,0,21.7,1.0,8.1,8.0,2,1,1.00,CYCLE,S
IND,208,6592,59452,14/01/2019,06:19:05,15,1,30.6,1.0,106.3,106.1,2,1,1.00,CYCLE,N
IND,208,6592,59453,14/01/2019,06:19:06,15,0,23.5,1.1,6.6,6.4,2,1,1.00,CYCLE,S
IND,208,6592,59452,14/01/2019,06:19:08,15,1,25.6,1.0,3.1,3.0,2,1,1.00,CYCLE,N
IND,208,6592,59453,14/01/2019,06:19:15,15,0,16.9,1.1,8.9,8.8,2,1,1.00,CYCLE,S
IND,208,6592,59453,14/01/2019,06:19:40,15,0,32.6,1.0,24.9,24.7,2,1,1.00,CYCLE,S
IND,208,6592,59453,14/01/2019,06:19:40,15,0,33.0,1.0,0.5,0.4,2,1,1.00,CYCLE,S
IND,208,6592,59453,14/01/2019,06:19:40,15,0,33.3,1.0,0.3,0.2,2,1,1.00,CYCLE,S
IND,208,6592,59453,14/01/2019,06:19:42,15,0,26.1,1.1,1.5,1.4,2,1,1.00,CYCLE,S
IND,208,6592,59453,14/01/2019,06:20:55,15,0,27.4,1.0,72.7,72.5,2,1,1.00,CYCLE,S
IND,208,6592,59453,14/01/2019,06:20:55,15,0,27.4,1.0,0.0,0.0,2,1,1.00,CYCLE,S
IND,208,6592,59453,14/01/2019,06:20:55,15,0,28.7,1.0,0.6,0.4,2,1,1.00,CYCLE,S
IND,208,6592,59453,14/01/2019,06:20:58,15,0,22.5,1.0,2.6,2.5,2,1,1.00,CYCLE,S
IND,208,6592,59453,14/01/2019,06:21:24,15,0,28.8,1.0,25.9,25.7,2,1,1.00,CYCLE,S
IND,208,6592,59453,14/01/2019,06:21:26,15,0,28.0,1.0,2.1,1.9,2,1,1.00,CYCLE,S
IND,208,6592,59453,14/01/2019,06:21:27,15,0,29.4,1.0,1.6,1.5,2,1,1.00,CYCLE,S
IND,208,6592,59453,14/01/2019,06:21:29,15,0,36.1,1.0,1.2,1.0,2,1,1.00,CYCLE,S
IND,208,6592,59453,14/01/2019,06:21:29,15,0,28.8,1.0,0.4,0.3,2,1,1.00,CYCLE,S
IND,208,6592,59453,14/01/2019,06:21:30,15,0,27.6,1.1,0.8,0.7,2,1,1.00,CYCLE,S
IND,208,6592,59453,14/01/2019,06:21:32,15,0,25.9,1.1,2.2,2.1,2,1,1.00,CYCLE,S
IND,208,6592,59452,14/01/2019,06:21:33,15,1,24.2,1.0,145.3,145.1,2,1,1.00,CYCLE,N
IND,208,6592,59452,14/01/2019,06:21:34,15,1,20.8,1.1,1.0,0.8,2,1,1.00,CYCLE,N
IND,208,6592,59453,14/01/2019,06:21:47,15,0,30.5,1.0,15.5,15.3,2,1,1.00,CYCLE,S
IND,208,6592,59453,14/01/2019,06:21:50,15,0,36.5,1.1,2.7,2.6,2,1,1.00,CYCLE,S
IND,208,6592,59453,14/01/2019,06:21:50,15,0,28.6,1.0,0.2,0.1,2,1,1.00,CYCLE,S
IND,208,6592,59453,14/01/2019,06:21:51,15,0,37.5,1.1,0.2,0.1,2,1,1.00,CYCLE,S
IND,208,6592,59453,14/01/2019,06:22:13,15,0,33.3,1.0,22.5,22.4,2,1,1.00,CYCLE,S
IND,208,6592,59453,14/01/2019,06:22:24,15,0,20.5,1.1,11.1,11.0,2,1,1.00,CYCLE,S
IND,208,6592,59453,14/01/2019,06:22:53,15,0,25.9,1.1,29.2,29.0,2,1,1.00,CYCLE,S
IND,208,6592,59453,14/01/2019,06:22:57,15,0,23.6,1.0,3.3,3.1,2,1,1.00,CYCLE,S
IND,208,6592,59453,14/01/2019,06:22:58,15,0,24.2,1.1,1.1,0.9,2,1,1.00,CYCLE,S
IND,208,6592,59453,14/01/2019,06:23:00,15,0,21.5,1.1,2.0,1.9,2,1,1.00,CYCLE,S
IND,208,6592,59453,14/01/2019,06:23:03,15,0,22.2,1.1,2.9,2.7,2,1,1.00,CYCLE,S
IND,208,6592,59453,14/01/2019,06:23:04,15,0,22.7,1.0,1.1,1.0,2,1,1.00,CYCLE,S
IND,208,6592,59453,14/01/2019,06:23:04,15,0,23.0,1.1,0.6,0.4,2,1,1.00,CYCLE,S
IND,208,6592,59452,14/01/2019,06:23:13,15,1,23.1,1.0,99.1,99.0,2,1,1.00,CYCLE,N
IND,208,6592,59453,14/01/2019,06:23:40,15,0,33.3,1.0,35.8,35.7,2,1,1.00,CYCLE,S
IND,208,6592,59453,14/01/2019,06:23:40,15,0,28.3,1.1,0.3,0.2,2,1,1.00,CYCLE,S
IND,208,6592,59453,14/01/2019,06:23:41,15,0,36.9,1.0,0.7,0.6,2,1,1.00,CYCLE,S
IND,208,6592,59453,14/01/2019,06:24:02,15,0,24.7,1.0,20.5,20.4,2,1,1.00,CYCLE,S
IND,208,6592,59453,14/01/2019,06:24:05,15,0,25.9,1.0,3.4,3.2,2,1,1.00,CYCLE,S
IND,208,6592,59453,14/01/2019,06:24:14,15,0,30.8,1.0,9.1,9.0,2,1,1.00,CYCLE,S
IND,208,6592,59453,14/01/2019,06:24:52,15,0,30.1,1.0,37.6,37.5,2,1,1.00,CYCLE,S
IND,208,6592,59453,14/01/2019,06:24:54,15,0,24.9,1.0,2.3,2.1,2,1,1.00,CYCLE,S
IND,208,6592,59453,14/01/2019,06:24:57,15,0,23.8,1.0,2.8,2.7,2,1,1.00,CYCLE,S
IND,208,6592,59453,14/01/2019,06:24:57,15,0,26.3,1.0,0.6,0.5,2,1,1.00,CYCLE,S
IND,208,6592,59453,14/01/2019,06:25:00,15,0,27.4,1.0,2.3,2.2,2,1,1.00,CYCLE,S
IND,208,6592,59453,14/01/2019,06:25:01,15,0,27.5,1.0,1.6,1.5,2,1,1.00,CYCLE,S
IND,208,6592,59453,14/01/2019,06:25:03,15,0,24.6,1.0,1.5,1.4,2,1,1.00,CYCLE,S
IND,208,6592,59453,14/01/2019,06:25:05,15,0,23.6,1.0,2.2,2.0,2,1,1.00,CYCLE,S
IND,208,6592,59453,14/01/2019,06:25:07,15,0,22.2,1.1,2.0,1.8,2,1,1.00,CYCLE,S
IND,208,6592,59453,14/01/2019,06:25:27,15,0,30.4,1.0,20.1,19.9,2,1,1.00,CYCLE,S
IND,208,6592,59453,14/01/2019,06:25:33,15,0,31.5,1.1,5.7,5.6,2,1,1.00,CYCLE,S
IND,208,6592,59453,14/01/2019,06:25:35,15,0,33.4,1.0,2.1,2.0,2,1,1.00,CYCLE,S
IND,208,6592,59453,14/01/2019,06:25:36,15,0,30.8,1.0,0.6,0.5,2,1,1.00,CYCLE,S
IND,208,6592,59453,14/01/2019,06:25:39,15,0,30.1,1.0,3.4,3.2,2,1,1.00,CYCLE,S
IND,208,6592,59453,14/01/2019,06:25:40,15,0,27.5,1.1,0.9,0.8,2,1,1.00,CYCLE,S
IND,208,6592,59453,14/01/2019,06:25:43,15,0,28.4,1.0,3.5,3.3,2,1,1.00,CYCLE,S
IND,208,6592,59453,14/01/2019,06:26:10,15,0,31.9,1.1,27.0,26.8,2,1,1.00,CYCLE,S
IND,208,6592,59453,14/01/2019,06:26:11,15,0,30.6,1.0,1.0,0.9,2,1,1.00,CYCLE,S
IND,208,6592,59453,14/01/2019,06:26:13,15,0,29.9,1.0,1.3,1.2,2,1,1.00,CYCLE,S
IND,208,6592,59453,14/01/2019,06:26:13,15,0,23.6,1.1,0.5,0.3,2,1,1.00,CYCLE,S
IND,208,6592,59453,14/01/2019,06:26:46,15,0,28.5,1.0,33.2,33.1,2,1,1.00,CYCLE,S
IND,208,6592,59453,14/01/2019,06:26:48,15,0,30.4,1.1,1.4,1.3,2,1,1.00,CYCLE,S
IND,208,6592,59453,14/01/2019,06:26:52,15,0,30.8,1.1,4.5,4.4,2,1,1.00,CYCLE,S
IND,208,6592,59453,14/01/2019,06:26:53,15,0,26.2,1.0,0.5,0.4,2,1,1.00,CYCLE,S
IND,208,6592,59453,14/01/2019,06:26:53,15,0,24.4,1.0,0.7,0.6,2,1,1.00,CYCLE,S
IND,208,6592,59453,14/01/2019,06:26:59,15,0,26.5,1.0,5.9,5.7,2,1,1.00,CYCLE,S
IND,208,6592,59453,14/01/2019,06:27:00,15,0,25.3,1.0,0.3,0.2,2,1,1.00,CYCLE,S
IND,208,6592,59453,14/01/2019,06:27:05,15,0,21.4,1.1,5.4,5.3,2,1,1.00,CYCLE,S
IND,208,6592,59453,14/01/2019,06:27:28,15,0,29.6,1.0,22.6,22.4,2,1,1.00,CYCLE,S
IND,208,6592,59453,14/01/2019,06:27:30,15,0,28.3,1.0,2.6,2.5,2,1,1.00,CYCLE,S
IND,208,6592,59453,14/01/2019,06:27:31,15,0,28.7,1.1,0.4,0.3,2,1,1.00,CYCLE,S
IND,208,6592,59453,14/01/2019,06:27:32,15,0,36.8,1.0,1.0,0.9,2,1,1.00,CYCLE,S
IND,208,6592,59453,14/01/2019,06:27:32,15,0,27.9,1.0,0.7,0.6,2,1,1.00,CYCLE,S
IND,208,6592,59453,14/01/2019,06:27:33,15,0,28.5,1.0,0.7,0.5,2,1,1.00,CYCLE,S
IND,208,6592,59453,14/01/2019,06:27:34,15,0,28.4,1.0,1.1,1.0,2,1,1.00,CYCLE,S
IND,208,6592,59453,14/01/2019,06:27:36,15,0,28.0,1.0,1.5,1.3,2,1,1.00,CYCLE,S
IND,208,6592,59453,14/01/2019,06:27:36,15,0,28.0,1.0,0.0,0.0,2,1,1.00,CYCLE,S
IND,208,6592,59453,14/01/2019,06:29:00,15,0,37.2,1.0,84.4,83.8,2,1,1.00,CYCLE,S
IND,208,6592,59453,14/01/2019,06:29:05,15,0,32.8,1.0,4.6,4.5,2,1,1.00,CYCLE,S
IND,208,6592,59453,14/01/2019,06:29:05,15,0,36.6,1.1,0.7,0.6,2,1,1.00,CYCLE,S
IND,208,6592,59453,14/01/2019,06:29:06,15,0,26.7,1.0,0.3,0.2,2,1,1.00,CYCLE,S
IND,208,6592,59453,14/01/2019,06:29:08,15,0,26.3,1.0,1.9,1.8,2,1,1.00,CYCLE,S
IND,208,6592,59453,14/01/2019,06:29:09,15,0,27.7,1.1,1.3,1.2,2,1,1.00,CYCLE,S
IND,208,6592,59453,14/01/2019,06:29:11,15,0,25.2,1.1,2.0,1.9,2,1,1.00,CYCLE,S
IND,208,6592,59453,14/01/2019,06:29:14,15,0,24.2,1.0,2.8,2.7,2,1,1.00,CYCLE,S
IND,208,6592,59453,14/01/2019,06:29:14,15,0,27.3,1.0,0.4,0.3,2,1,1.00,CYCLE,S
IND,208,6592,59453,14/01/2019,06:29:15,15,0,25.0,1.0,0.5,0.4,2,1,1.00,CYCLE,S
IND,208,6592,59453,14/01/2019,06:29:17,15,0,27.1,1.0,2.2,2.0,2,1,1.00,CYCLE,S
IND,208,6592,59453,14/01/2019,06:29:36,15,0,38.2,1.1,19.2,19.1,2,1,1.00,CYCLE,S
IND,208,6592,59453,14/01/2019,06:29:39,15,0,39.3,1.0,2.0,1.9,2,1,1.00,CYCLE,S
IND,208,6592,59453,14/01/2019,06:29:41,15,0,30.0,1.0,1.9,1.8,2,1,1.00,CYCLE,S
IND,208,6592,59453,14/01/2019,06:29:43,15,0,33.4,1.1,1.3,1.2,2,1,1.00,CYCLE,S
IND,208,6592,59453,14/01/2019,06:29:44,15,0,30.2,1.1,1.9,1.8,2,1,1.00,CYCLE,S
IND,208,6592,59453,14/01/2019,06:29:45,15,0,29.7,1.0,0.6,0.5,2,1,1.00,CYCLE,S
IND,208,6592,59453,14/01/2019,06:29:51,15,0,22.1,1.0,6.1,5.9,2,1,0.50,CYCLE,S
IND,208,6592,59452,14/01/2019,06:29:51,15,1,22.1,1.0,0.0,0.0,2,1,0.50,CYCLE,N
IND,208,6592,59453,14/01/2019,06:29:56,15,0,23.7,1.0,5.4,5.0,2,1,1.00,CYCLE,S
IND,208,6592,59453,14/01/2019,06:30:10,15,0,17.2,1.0,13.0,12.9,2,1,1.00,CYCLE,S
IND,208,6592,59453,14/01/2019,06:30:22,15,0,31.2,1.1,12.5,12.3,2,1,1.00,CYCLE,S
IND,208,6592,59453,14/01/2019,06:30:28,15,0,28.9,1.0,5.9,5.8,2,1,1.00,CYCLE,S
IND,208,6592,59453,14/01/2019,06:30:47,15,0,28.4,1.0,19.4,19.3,2,1,1.00,CYCLE,S
IND,208,6592,59453,14/01/2019,06:30:48,15,0,27.4,1.0,0.6,0.5,2,1,1.00,CYCLE,S
IND,208,6592,59453,14/01/2019,06:30:50,15,0,30.3,1.0,2.5,2.3,2,1,1.00,CYCLE,S
IND,208,6592,59453,14/01/2019,06:30:54,15,0,24.7,1.0,4.0,3.9,2,1,1.00,CYCLE,S
IND,208,6592,59453,14/01/2019,06:30:55,15,0,26.3,1.0,0.9,0.7,2,1,1.00,CYCLE,S
IND,208,6592,59453,14/01/2019,06:30:56,15,0,26.9,1.0,0.8,0.7,2,1,1.00,CYCLE,S
IND,208,6592,59453,14/01/2019,06:30:58,15,0,25.2,1.0,1.9,1.7,2,1,1.00,CYCLE,S
IND,208,6592,59453,14/01/2019,06:30:58,15,0,25.3,1.0,0.4,0.2,2,1,1.00,CYCLE,S
IND,208,6592,59453,14/01/2019,06:30:58,15,0,25.3,1.0,0.0,0.0,2,1,1.00,CYCLE,S
IND,208,6592,59453,14/01/2019,06:30:59,15,0,24.5,1.0,0.8,0.5,2,1,1.00,CYCLE,S
IND,208,6592,59453,14/01/2019,06:31:04,15,0,22.1,1.1,4.5,4.4,2,1,1.00,CYCLE,S
IND,208,6592,59453,14/01/2019,06:31:04,15,0,26.6,1.0,0.7,0.5,2,1,1.00,CYCLE,S
IND,208,6592,59453,14/01/2019,06:31:14,15,0,17.8,1.1,9.5,9.3,2,1,1.00,CYCLE,S
IND,208,6592,59452,14/01/2019,06:31:35,15,1,20.2,1.0,36.0,35.3,2,1,1.00,CYCLE,N
IND,208,6592,59453,14/01/2019,06:31:53,15,0,27.3,1.0,39.5,39.2,2,1,1.00,CYCLE,S
IND,208,6592,59453,14/01/2019,06:32:33,15,0,28.5,1.1,40.1,40.0,2,1,1.00,CYCLE,S
IND,208,6592,59453,14/01/2019,06:33:00,15,0,26.4,1.0,26.3,26.2,2,1,1.00,CYCLE,S
IND,208,6592,59453,14/01/2019,06:33:06,15,0,27.4,1.0,5.9,5.8,2,1,1.00,CYCLE,S
IND,208,6592,59453,14/01/2019,06:33:07,15,0,28.6,1.0,1.0,0.8,2,1,1.00,CYCLE,S
IND,208,6592,59453,14/01/2019,06:33:08,15,0,26.8,1.0,1.1,1.0,2,1,1.00,CYCLE,S
IND,208,6592,59453,14/01/2019,06:33:10,15,0,25.3,1.0,1.8,1.7,2,1,1.00,CYCLE,S
IND,208,6592,59453,14/01/2019,06:33:16,15,0,22.6,1.0,6.2,6.0,2,1,1.00,CYCLE,S
IND,208,6592,59453,14/01/2019,06:33:18,15,0,22.0,1.0,2.6,2.4,2,1,1.00,CYCLE,S
IND,208,6592,59453,14/01/2019,06:33:20,15,0,22.2,1.1,1.5,1.3,2,1,1.00,CYCLE,S
IND,208,6592,59453,14/01/2019,06:33:40,15,0,30.8,1.0,20.4,20.2,2,1,1.00,CYCLE,S
IND,208,6592,59453,14/01/2019,06:33:41,15,0,34.4,1.0,0.5,0.4,2,1,1.00,CYCLE,S
IND,208,6592,59453,14/01/2019,06:33:45,15,0,35.0,1.0,4.7,4.6,2,1,1.00,CYCLE,S
IND,208,6592,59453,14/01/2019,06:33:46,15,0,30.7,1.1,0.6,0.5,2,1,1.00,CYCLE,S
IND,208,6592,59453,14/01/2019,06:33:48,15,0,38.6,1.0,2.3,2.2,2,1,1.00,CYCLE,S
IND,208,6592,59453,14/01/2019,06:33:48,15,0,24.8,1.0,0.2,0.1,2,1,1.00,CYCLE,S
IND,208,6592,59453,14/01/2019,06:33:48,15,0,24.8,1.0,0.0,0.0,2,1,1.00,CYCLE,S
IND,208,6592,59453,14/01/2019,06:33:49,15,0,28.6,1.0,0.7,0.5,2,1,1.00,CYCLE,S
IND,208,6592,59453,14/01/2019,06:33:51,15,0,26.3,1.0,1.5,1.4,2,1,1.00,CYCLE,S
IND,208,6592,59453,14/01/2019,06:33:52,15,0,26.1,1.0,1.4,1.2,2,1,1.00,CYCLE,S
IND,208,6592,59453,14/01/2019,06:33:53,15,0,25.3,1.1,0.9,0.8,2,1,1.00,CYCLE,S
IND,208,6592,59453,14/01/2019,06:33:54,15,0,25.4,1.0,0.6,0.5,2,1,1.00,CYCLE,S
IND,208,6592,59453,14/01/2019,06:33:58,15,0,28.7,1.0,4.1,4.0,2,1,1.00,CYCLE,S
IND,208,6592,59453,14/01/2019,06:33:59,15,0,24.3,1.1,1.0,0.9,2,1,1.00,CYCLE,S
IND,208,6592,59452,14/01/2019,06:34:00,15,1,19.6,1.1,144.3,144.1,2,1,1.00,CYCLE,N
IND,208,6592,59453,14/01/2019,06:34:08,15,0,25.7,1.1,9.3,9.1,2,1,1.00,CYCLE,S
IND,208,6592,59453,14/01/2019,06:34:33,15,0,25.0,1.1,25.4,25.3,2,1,1.00,CYCLE,S
IND,208,6592,59452,14/01/2019,06:34:34,15,1,31.2,1.0,34.3,34.1,2,1,1.00,CYCLE,N
IND,208,6592,59452,14/01/2019,06:34:37,15,1,28.7,1.1,2.7,2.5,2,1,1.00,CYCLE,N
IND,208,6592,59452,14/01/2019,06:34:58,15,1,22.0,1.1,21.6,21.5,2,1,1.00,CYCLE,N
IND,208,6592,59453,14/01/2019,06:35:04,15,0,26.9,1.1,30.7,30.6,2,1,1.00,CYCLE,S
IND,208,6592,59453,14/01/2019,06:35:05,15,0,30.4,1.0,0.9,0.7,2,1,1.00,CYCLE,S
IND,208,6592,59453,14/01/2019,06:35:06,15,0,27.2,1.1,1.5,1.4,2,1,1.00,CYCLE,S
IND,208,6592,59453,14/01/2019,06:35:11,15,0,26.3,1.0,4.2,4.1,2,1,1.00,CYCLE,S
IND,208,6592,59453,14/01/2019,06:35:12,15,0,15.0,1.0,1.3,1.1,2,1,0.25,CYCLE,S
IND,208,6592,59453,14/01/2019,06:35:12,15,0,15.0,1.0,0.0,0.0,2,1,0.25,CYCLE,S
IND,208,6592,59453,14/01/2019,06:35:14,15,0,25.0,1.0,2.1,1.7,2,1,1.00,CYCLE,S
IND,208,6592,59453,14/01/2019,06:35:15,15,0,23.7,1.0,0.8,0.6,2,1,1.00,CYCLE,S
IND,208,6592,59453,14/01/2019,06:35:16,15,0,23.5,1.0,1.0,0.8,2,1,1.00,CYCLE,S
IND,208,6592,59453,14/01/2019,06:35:39,15,0,35.2,1.0,22.8,22.6,2,1,1.00,CYCLE,S
IND,208,6592,59453,14/01/2019,06:35:40,15,0,34.8,1.0,1.2,1.1,2,1,1.00,CYCLE,S
IND,208,6592,59453,14/01/2019,06:35:44,15,0,32.5,1.0,4.0,3.9,2,1,1.00,CYCLE,S
IND,208,6592,59453,14/01/2019,06:35:44,15,0,32.4,1.0,0.3,0.2,2,1,1.00,CYCLE,S
IND,208,6592,59453,14/01/2019,06:35:51,15,0,29.6,1.0,7.0,6.9,2,1,1.00,CYCLE,S
IND,208,6592,59453,14/01/2019,06:35:54,15,0,22.0,1.1,2.9,2.8,2,1,1.00,CYCLE,S
IND,208,6592,59453,14/01/2019,06:36:01,15,0,21.8,1.1,7.7,7.5,2,1,1.00,CYCLE,S
IND,208,6592,59453,14/01/2019,06:36:08,15,0,28.1,1.1,6.4,6.2,2,1,1.00,CYCLE,S
IND,208,6592,59453,14/01/2019,06:36:09,15,0,26.2,1.1,1.4,1.2,2,1,1.00,CYCLE,S
IND,208,6592,59452,14/01/2019,06:36:35,15,1,25.8,1.1,97.1,96.9,2,1,1.00,CYCLE,N
IND,208,6592,59453,14/01/2019,06:36:47,15,0,34.5,1.0,38.2,38.1,2,1,1.00,CYCLE,S
IND,208,6592,59452,14/01/2019,06:36:50,15,1,23.5,1.1,15.0,14.8,2,1,1.00,CYCLE,N
IND,208,6592,59453,14/01/2019,06:36:51,15,0,28.2,1.1,3.6,3.5,2,1,1.00,CYCLE,S
IND,208,6592,59453,14/01/2019,06:36:53,15,0,29.7,1.0,1.6,1.5,2,1,1.00,CYCLE,S
IND,208,6592,59453,14/01/2019,06:36:53,15,0,22.3,1.1,0.8,0.7,2,1,1.00,CYCLE,S
IND,208,6592,59453,14/01/2019,06:36:58,15,0,27.3,1.0,4.1,3.9,2,1,1.00,CYCLE,S
IND,208,6592,59453,14/01/2019,06:37:00,15,0,27.2,1.0,2.4,2.3,2,1,1.00,CYCLE,S
IND,208,6592,59453,14/01/2019,06:37:03,15,0,20.0,1.0,2.9,2.7,2,1,1.00,CYCLE,S
IND,208,6592,59453,14/01/2019,06:37:05,15,0,25.7,1.0,2.4,2.2,2,1,1.00,CYCLE,S
IND,208,6592,59453,14/01/2019,06:37:29,15,0,27.0,1.1,24.0,23.8,2,1,1.00,CYCLE,S
IND,208,6592,59453,14/01/2019,06:37:33,15,0,28.3,1.1,3.7,3.6,2,1,1.00,CYCLE,S
IND,208,6592,59453,14/01/2019,06:37:34,15,0,32.4,1.0,1.2,1.0,2,1,1.00,CYCLE,S
IND,208,6592,59453,14/01/2019,06:37:35,15,0,25.4,1.1,0.4,0.3,2,1,1.00,CYCLE,S
IND,208,6592,59453,14/01/2019,06:37:35,15,0,28.4,1.1,0.4,0.3,2,1,1.00,CYCLE,S
IND,208,6592,59453,14/01/2019,06:37:39,15,0,25.5,1.0,3.9,3.8,2,1,1.00,CYCLE,S
IND,208,6592,59453,14/01/2019,06:37:40,15,0,28.5,1.1,1.5,1.3,2,1,1.00,CYCLE,S
IND,208,6592,59453,14/01/2019,06:38:14,15,0,26.0,1.1,33.9,33.8,2,1,1.00,CYCLE,S
IND,208,6592,59453,14/01/2019,06:38:24,15,0,24.4,1.1,9.4,9.3,2,1,1.00,CYCLE,S
IND,208,6592,59453,14/01/2019,06:38:25,15,0,26.8,1.0,1.1,1.0,2,1,1.00,CYCLE,S
IND,208,6592,59453,14/01/2019,06:38:26,15,0,23.4,1.0,1.4,1.2,2,1,1.00,CYCLE,S
IND,208,6592,59453,14/01/2019,06:39:00,15,0,29.8,1.0,33.8,33.7,2,1,1.00,CYCLE,S
IND,208,6592,59453,14/01/2019,06:39:07,15,0,28.9,1.0,6.6,6.4,2,1,1.00,CYCLE,S
IND,208,6592,59453,14/01/2019,06:39:11,15,0,30.4,1.0,4.7,4.6,2,1,1.00,CYCLE,S
IND,208,6592,59453,14/01/2019,06:39:15,15,0,27.6,1.0,3.7,3.6,2,1,1.00,CYCLE,S
IND,208,6592,59453,14/01/2019,06:39:16,15,0,22.3,1.0,1.1,1.0,2,1,1.00,CYCLE,S
IND,208,6592,59453,14/01/2019,06:39:19,15,0,25.5,1.0,2.9,2.8,2,1,1.00,CYCLE,S
IND,208,6592,59453,14/01/2019,06:39:24,15,0,21.1,1.1,5.1,4.9,2,1,1.00,CYCLE,S
IND,208,6592,59453,14/01/2019,06:39:26,15,0,21.2,1.0,1.5,1.3,2,1,1.00,CYCLE,S
IND,208,6592,59453,14/01/2019,06:39:28,15,0,21.1,1.0,2.2,2.0,2,1,1.00,CYCLE,S
IND,208,6592,59453,14/01/2019,06:39:38,15,0,36.1,1.0,10.1,9.9,2,1,1.00,CYCLE,S
IND,208,6592,59453,14/01/2019,06:39:40,15,0,39.5,1.0,2.2,2.2,2,1,1.00,CYCLE,S
IND,208,6592,59453,14/01/2019,06:39:41,15,0,31.8,1.0,1.2,1.1,2,1,1.00,CYCLE,S
IND,208,6592,59453,14/01/2019,06:39:42,15,0,30.7,1.0,1.0,0.9,2,1,1.00,CYCLE,S
IND,208,6592,59452,14/01/2019,06:39:49,15,1,22.2,1.0,178.3,178.2,2,1,0.38,CYCLE,N
IND,208,6592,59452,14/01/2019,06:39:49,15,1,22.2,1.0,0.0,0.0,2,1,0.38,CYCLE,N
IND,208,6592,59452,14/01/2019,06:39:49,15,1,22.2,1.0,0.0,0.0,2,1,0.38,CYCLE,N
IND,208,6592,59453,14/01/2019,06:39:57,15,0,28.2,1.1,14.5,14.3,2,1,1.00,CYCLE,S
IND,208,6592,59453,14/01/2019,06:40:03,15,0,24.9,1.1,6.1,6.0,2,1,1.00,CYCLE,S
IND,208,6592,59453,14/01/2019,06:40:07,15,0,32.3,1.0,4.0,3.9,2,1,1.00,CYCLE,S
IND,208,6592,59453,14/01/2019,06:40:09,15,0,25.7,1.1,1.9,1.8,2,1,1.00,CYCLE,S
IND,208,6592,59453,14/01/2019,06:40:10,15,0,28.2,1.0,0.8,0.7,2,1,1.00,CYCLE,S
IND,208,6592,59453,14/01/2019,06:40:18,15,0,27.1,1.0,8.5,8.4,2,1,1.00,CYCLE,S
IND,208,6592,59452,14/01/2019,06:40:24,15,1,28.6,1.0,35.1,34.2,2,1,1.00,CYCLE,N
IND,208,6592,59452,14/01/2019,06:40:25,15,1,26.7,1.1,1.0,0.9,2,1,1.00,CYCLE,N
IND,208,6592,59453,14/01/2019,06:40:31,15,0,27.9,1.0,13.0,12.8,2,1,1.00,CYCLE,S
IND,208,6592,59453,14/01/2019,06:40:33,15,0,28.2,1.0,1.5,1.4,2,1,1.00,CYCLE,S
IND,208,6592,59453,14/01/2019,06:40:45,15,0,30.1,1.0,11.8,11.7,2,1,1.00,CYCLE,S
IND,208,6592,59453,14/01/2019,06:40:52,15,0,29.4,1.0,7.5,7.4,2,1,1.00,CYCLE,S
IND,208,6592,59453,14/01/2019,06:40:53,15,0,31.1,1.1,1.0,0.9,2,1,1.00,CYCLE,S
IND,208,6592,59453,14/01/2019,06:40:54,15,0,32.6,1.0,0.7,0.6,2,1,1.00,CYCLE,S
IND,208,6592,59453,14/01/2019,06:40:59,15,0,22.1,1.1,4.8,4.7,2,1,1.00,CYCLE,S
IND,208,6592,59453,14/01/2019,06:41:03,15,0,20.9,1.1,4.0,3.8,2,1,1.00,CYCLE,S
IND,208,6592,59452,14/01/2019,06:41:12,15,1,21.0,1.1,47.0,46.9,2,1,1.00,CYCLE,N
IND,208,6592,59453,14/01/2019,06:41:23,15,0,31.5,1.0,20.6,20.4,2,1,1.00,CYCLE,S
IND,208,6592,59453,14/01/2019,06:41:24,15,0,31.6,1.0,0.5,0.3,2,1,1.00,CYCLE,S
IND,208,6592,59453,14/01/2019,06:41:58,15,0,23.3,1.0,34.5,34.4,2,1,1.00,CYCLE,S
IND,208,6592,59453,14/01/2019,06:42:10,15,0,34.4,1.1,11.5,11.4,2,1,1.00,CYCLE,S
IND,208,6592,59452,14/01/2019,06:42:30,15,1,28.5,1.0,77.9,77.7,2,1,1.00,CYCLE,N
IND,208,6592,59453,14/01/2019,06:42:42,15,0,35.5,1.0,32.5,32.4,2,1,1.00,CYCLE,S
IND,208,6592,59453,14/01/2019,06:42:50,15,0,34.0,1.0,7.4,7.3,2,1,1.00,CYCLE,S
IND,208,6592,59453,14/01/2019,06:42:50,15,0,31.6,1.0,0.7,0.6,2,1,1.00,CYCLE,S
IND,208,6592,59453,14/01/2019,06:42:51,15,0,26.9,1.0,0.9,0.8,2,1,1.00,CYCLE,S
IND,208,6592,59453,14/01/2019,06:42:52,15,0,26.3,1.0,0.4,0.3,2,1,1.00,CYCLE,S
IND,208,6592,59453,14/01/2019,06:42:53,15,0,27.0,1.1,1.1,1.0,2,1,1.00,CYCLE,S
IND,208,6592,59453,14/01/2019,06:42:53,15,0,28.9,1.0,0.7,0.6,2,1,1.00,CYCLE,S
IND,208,6592,59453,14/01/2019,06:42:54,15,0,29.9,1.0,0.8,0.6,2,1,1.00,CYCLE,S
IND,208,6592,59453,14/01/2019,06:42:57,15,0,22.9,1.0,3.2,3.1,2,1,0.86,CYCLE,S
IND,208,6592,59453,14/01/2019,06:42:59,15,0,26.9,1.0,1.6,1.4,2,1,1.00,CYCLE,S
IND,208,6592,59453,14/01/2019,06:43:39,15,0,32.1,1.0,40.4,40.3,2,1,1.00,CYCLE,S
IND,208,6592,59453,14/01/2019,06:43:48,15,0,32.7,1.0,9.1,9.0,2,1,1.00,CYCLE,S
IND,208,6592,59453,14/01/2019,06:43:54,15,0,30.5,1.1,5.5,5.4,2,1,1.00,CYCLE,S
IND,208,6592,59453,14/01/2019,06:43:56,15,0,26.2,1.1,1.8,1.7,2,1,1.00,CYCLE,S
IND,208,6592,59453,14/01/2019,06:44:02,15,0,30.9,1.1,6.0,5.9,2,1,1.00,CYCLE,S
IND,208,6592,59453,14/01/2019,06:44:02,15,0,30.7,1.1,0.3,0.2,2,1,1.00,CYCLE,S
IND,208,6592,59453,14/01/2019,06:44:04,15,0,27.9,1.0,1.5,1.4,2,1,1.00,CYCLE,S
IND,208,6592,59453,14/01/2019,06:44:11,15,0,34.1,1.1,7.0,6.9,2,1,1.00,CYCLE,S
IND,208,6592,59453,14/01/2019,06:44:14,15,0,30.4,1.0,3.5,3.4,2,1,1.00,CYCLE,S
IND,208,6592,59453,14/01/2019,06:44:18,15,0,24.2,1.1,3.4,3.3,2,1,1.00,CYCLE,S
IND,208,6592,59452,14/01/2019,06:44:28,15,1,31.3,1.0,118.3,118.2,2,1,1.00,CYCLE,N
IND,208,6592,59453,14/01/2019,06:45:03,15,0,34.6,1.0,45.7,45.5,2,1,1.00,CYCLE,S
IND,208,6592,59453,14/01/2019,06:45:05,15,0,29.4,1.1,1.7,1.6,2,1,1.00,CYCLE,S
IND,208,6592,59453,14/01/2019,06:45:06,15,0,24.9,1.1,0.9,0.8,2,1,1.00,CYCLE,S
IND,208,6592,59453,14/01/2019,06:45:09,15,0,29.8,1.0,2.9,2.8,2,1,1.00,CYCLE,S
IND,208,6592,59453,14/01/2019,06:45:10,15,0,24.6,1.1,1.7,1.5,2,1,1.00,CYCLE,S
IND,208,6592,59453,14/01/2019,06:45:14,15,0,25.4,1.0,3.2,3.1,2,1,1.00,CYCLE,S
IND,208,6592,59453,14/01/2019,06:45:19,15,0,25.3,1.0,5.1,4.9,2,1,1.00,CYCLE,S
IND,208,6592,59453,14/01/2019,06:45:20,15,0,25.3,1.0,0.7,0.6,2,1,1.00,CYCLE,S
IND,208,6592,59453,14/01/2019,06:45:23,15,0,22.4,1.0,3.2,3.1,2,1,1.00,CYCLE,S
IND,208,6592,59453,14/01/2019,06:45:42,15,0,28.6,1.0,18.8,18.6,2,1,1.00,CYCLE,S
IND,208,6592,59453,14/01/2019,06:45:43,15,0,27.2,1.0,1.5,1.4,2,1,1.00,CYCLE,S
IND,208,6592,59453,14/01/2019,06:45:46,15,0,28.2,1.0,2.8,2.7,2,1,1.00,CYCLE,S
IND,208,6592,59453,14/01/2019,06:45:47,15,0,30.2,1.0,0.8,0.6,2,1,1.00,CYCLE,S
IND,208,6592,59453,14/01/2019,06:45:47,15,0,31.1,1.1,0.4,0.3,2,1,1.00,CYCLE,S
IND,208,6592,59452,14/01/2019,06:45:48,15,1,25.2,1.0,79.8,79.7,2,1,0.67,CYCLE,N
IND,208,6592,59453,14/01/2019,06:45:50,15,0,30.7,1.0,3.2,3.1,2,1,1.00,CYCLE,S
IND,208,6592,59453,14/01/2019,06:45:52,15,0,30.4,1.1,1.8,1.7,2,1,1.00,CYCLE,S
IND,208,6592,59452,14/01/2019,06:45:54,15,1,23.8,1.0,6.1,6.0,2,1,1.00,CYCLE,N
IND,208,6592,59453,14/01/2019,06:45:55,15,0,28.7,1.1,2.8,2.6,2,1,1.00,CYCLE,S
IND,208,6592,59453,14/01/2019,06:45:57,15,0,31.1,1.0,2.4,2.3,2,1,1.00,CYCLE,S
IND,208,6592,59453,14/01/2019,06:46:06,15,0,25.6,1.0,8.2,8.1,2,1,1.00,CYCLE,S
IND,208,6592,59453,14/01/2019,06:46:08,15,0,27.0,1.1,2.8,2.6,2,1,1.00,CYCLE,S
IND,208,6592,59453,14/01/2019,06:46:16,15,0,24.4,1.1,7.9,7.8,2,1,1.00,CYCLE,S
IND,208,6592,59452,14/01/2019,06:46:29,15,1,30.5,1.0,35.4,35.2,2,1,1.00,CYCLE,N
IND,208,6592,59453,14/01/2019,06:46:39,15,0,26.9,1.0,22.5,22.3,2,1,1.00,CYCLE,S
IND,208,6592,59453,14/01/2019,06:46:50,15,0,28.2,1.0,10.9,10.7,2,1,1.00,CYCLE,S
IND,208,6592,59453,14/01/2019,06:46:52,15,0,30.8,1.0,2.0,1.9,2,1,1.00,CYCLE,S
IND,208,6592,59453,14/01/2019,06:46:55,15,0,26.5,1.1,3.6,3.5,2,1,1.00,CYCLE,S
IND,208,6592,59453,14/01/2019,06:46:59,15,0,23.5,1.1,3.4,3.3,2,1,1.00,CYCLE,S
IND,208,6592,59453,14/01/2019,06:46:59,15,0,27.9,1.0,0.3,0.1,2,1,1.00,CYCLE,S
IND,208,6592,59453,14/01/2019,06:46:59,15,0,23.3,1.1,0.5,0.4,2,1,1.00,CYCLE,S
IND,208,6592,59453,14/01/2019,06:47:02,15,0,26.3,1.1,2.0,1.9,2,1,1.00,CYCLE,S
IND,208,6592,59453,14/01/2019,06:47:05,15,0,22.1,1.1,3.7,3.6,2,1,1.00,CYCLE,S
IND,208,6592,59453,14/01/2019,06:47:46,15,0,26.4,1.0,40.7,40.5,2,1,1.00,CYCLE,S
IND,208,6592,59453,14/01/2019,06:47:46,15,0,31.5,1.0,0.3,0.1,2,1,1.00,CYCLE,S
IND,208,6592,59453,14/01/2019,06:47:47,15,0,25.3,1.0,0.9,0.7,2,1,1.00,CYCLE,S
IND,208,6592,59453,14/01/2019,06:47:52,15,0,33.0,1.0,4.9,4.7,2,1,1.00,CYCLE,S
IND,208,6592,59453,14/01/2019,06:47:52,15,0,23.6,1.1,0.3,0.2,2,1,1.00,CYCLE,S
IND,208,6592,59452,14/01/2019,06:47:53,15,1,16.3,1.1,83.4,83.3,2,1,1.00,CYCLE,N
IND,208,6592,59453,14/01/2019,06:47:55,15,0,26.3,1.0,3.1,2.9,2,1,1.00,CYCLE,S
IND,208,6592,59453,14/01/2019,06:48:00,15,0,28.3,1.2,4.8,4.7,2,1,1.00,CYCLE,S
IND,208,6592,59453,14/01/2019,06:48:17,15,0,28.1,1.1,16.7,16.6,2,1,1.00,CYCLE,S
IND,208,6592,59453,14/01/2019,06:48:22,15,0,29.7,1.1,4.8,4.6,2,1,1.00,CYCLE,S
IND,208,6592,59452,14/01/2019,06:48:38,15,1,25.2,1.1,44.8,44.5,2,1,1.00,CYCLE,N
IND,208,6592,59453,14/01/2019,06:48:49,15,0,30.4,1.0,27.3,27.2,2,1,1.00,CYCLE,S
IND,208,6592,59453,14/01/2019,06:48:50,15,0,25.7,1.0,0.5,0.4,2,1,1.00,CYCLE,S
IND,208,6592,59453,14/01/2019,06:48:53,15,0,29.7,1.1,3.2,3.1,2,1,1.00,CYCLE,S
IND,208,6592,59453,14/01/2019,06:48:54,15,0,27.9,1.1,1.7,1.5,2,1,1.00,CYCLE,S
IND,208,6592,59453,14/01/2019,06:48:55,15,0,27.9,1.1,0.7,0.6,2,1,1.00,CYCLE,S
IND,208,6592,59453,14/01/2019,06:48:57,15,0,26.5,1.0,1.4,1.2,2,1,1.00,CYCLE,S
IND,208,6592,59453,14/01/2019,06:48:57,15,0,31.7,1.0,0.7,0.5,2,1,1.00,CYCLE,S
IND,208,6592,59453,14/01/2019,06:48:58,15,0,27.1,1.1,0.5,0.4,2,1,1.00,CYCLE,S
IND,208,6592,59453,14/01/2019,06:49:00,15,0,24.9,1.0,2.3,2.1,2,1,1.00,CYCLE,S
IND,208,6592,59453,14/01/2019,06:49:00,15,0,24.9,1.0,0.0,0.0,2,1,1.00,CYCLE,S
IND,208,6592,59453,14/01/2019,06:49:02,15,0,26.6,1.1,1.6,1.4,2,1,1.00,CYCLE,S
IND,208,6592,59453,14/01/2019,06:49:02,15,0,24.8,1.0,0.8,0.6,2,1,1.00,CYCLE,S
IND,208,6592,59453,14/01/2019,06:49:03,15,0,26.3,1.1,0.7,0.5,2,1,1.00,CYCLE,S
IND,208,6592,59453,14/01/2019,06:49:04,15,0,27.4,1.0,0.8,0.6,2,1,1.00,CYCLE,S
IND,208,6592,59453,14/01/2019,06:49:05,15,0,21.5,1.1,1.5,1.4,2,1,1.00,CYCLE,S
IND,208,6592,59453,14/01/2019,06:49:07,15,0,22.0,1.1,1.3,1.2,2,1,1.00,CYCLE,S
IND,208,6592,59453,14/01/2019,06:49:08,15,0,22.5,1.0,1.4,1.2,2,1,1.00,CYCLE,S
IND,208,6592,59453,14/01/2019,06:49:13,15,0,22.6,1.0,5.4,5.2,2,1,1.00,CYCLE,S
IND,208,6592,59453,14/01/2019,06:49:29,15,0,29.8,1.0,15.3,15.2,2,1,1.00,CYCLE,S
IND,208,6592,59453,14/01/2019,06:49:32,15,0,27.9,1.0,3.1,3.0,2,1,1.00,CYCLE,S
IND,208,6592,59453,14/01/2019,06:49:36,15,0,22.1,1.0,4.3,4.2,2,1,1.00,CYCLE,S
IND,208,6592,59453,14/01/2019,06:49:43,15,0,32.0,1.1,6.9,6.7,2,1,1.00,CYCLE,S
IND,208,6592,59453,14/01/2019,06:49:58,15,0,31.5,1.0,14.9,14.8,2,1,1.00,CYCLE,S
IND,208,6592,59453,14/01/2019,06:50:46,15,0,34.8,1.0,48.3,48.2,2,1,1.00,CYCLE,S
IND,208,6592,59453,14/01/2019,06:50:48,15,0,29.8,1.1,1.5,1.4,2,1,1.00,CYCLE,S
IND,208,6592,59453,14/01/2019,06:50:49,15,0,31.0,1.0,1.0,0.8,2,1,1.00,CYCLE,S
IND,208,6592,59453,14/01/2019,06:50:50,15,0,30.0,1.0,0.8,0.7,2,1,1.00,CYCLE,S
IND,208,6592,59453,14/01/2019,06:50:54,15,0,31.4,1.0,4.1,4.0,2,1,1.00,CYCLE,S
IND,208,6592,59453,14/01/2019,06:50:55,15,0,28.8,1.0,1.4,1.2,2,1,1.00,CYCLE,S
IND,208,6592,59453,14/01/2019,06:50:57,15,0,29.7,1.1,1.6,1.4,2,1,1.00,CYCLE,S
IND,208,6592,59453,14/01/2019,06:51:00,15,0,26.0,1.0,3.6,3.5,2,1,1.00,CYCLE,S
IND,208,6592,59453,14/01/2019,06:51:01,15,0,25.2,1.0,1.3,1.1,2,1,1.00,CYCLE,S
IND,208,6592,59453,14/01/2019,06:51:02,15,0,21.7,1.1,0.4,0.3,2,1,1.00,CYCLE,S
IND,208,6592,59453,14/01/2019,06:51:02,15,0,23.7,1.0,0.4,1.2,2,1,0.80,CYCLE,S
IND,208,6592,59453,14/01/2019,06:51:05,15,0,17.8,1.1,3.2,2.1,2,1,1.00,CYCLE,S
IND,208,6592,59452,14/01/2019,06:51:07,15,1,26.9,1.0,149.9,149.7,2,1,1.00,CYCLE,N
IND,208,6592,59453,14/01/2019,06:51:21,15,0,31.2,1.0,15.1,14.8,2,1,1.00,CYCLE,S
IND,208,6592,59453,14/01/2019,06:51:22,15,0,31.6,1.0,1.1,1.0,2,1,1.00,CYCLE,S
IND,208,6592,59453,14/01/2019,06:51:25,15,0,28.4,1.0,3.8,3.7,2,1,1.00,CYCLE,S
IND,208,6592,59453,14/01/2019,06:51:27,15,0,27.4,1.0,1.4,1.3,2,1,1.00,CYCLE,S
IND,208,6592,59453,14/01/2019,06:51:28,15,0,28.1,1.0,0.7,0.6,2,1,1.00,CYCLE,S
IND,208,6592,59453,14/01/2019,06:51:28,15,0,27.6,1.0,0.3,0.2,2,1,1.00,CYCLE,S
IND,208,6592,59453,14/01/2019,06:51:30,15,0,28.2,1.0,1.7,1.6,2,1,1.00,CYCLE,S
IND,208,6592,59453,14/01/2019,06:51:34,15,0,24.5,1.1,4.2,4.1,2,1,1.00,CYCLE,S
IND,208,6592,59453,14/01/2019,06:52:16,15,0,29.9,1.0,42.5,42.4,2,1,1.00,CYCLE,S
IND,208,6592,59453,14/01/2019,06:52:30,15,0,28.2,1.1,13.9,13.8,2,1,1.00,CYCLE,S
IND,208,6592,59453,14/01/2019,06:52:45,15,0,31.7,1.1,14.8,14.6,2,1,1.00,CYCLE,S
IND,208,6592,59453,14/01/2019,06:52:49,15,0,34.0,1.0,3.4,3.3,2,1,1.00,CYCLE,S
IND,208,6592,59453,14/01/2019,06:52:52,15,0,29.5,1.0,3.9,3.8,2,1,1.00,CYCLE,S
IND,208,6592,59453,14/01/2019,06:52:53,15,0,25.4,1.0,0.2,0.1,2,1,1.00,CYCLE,S
IND,208,6592,59453,14/01/2019,06:52:54,15,0,28.8,1.0,1.3,1.0,2,1,1.00,CYCLE,S
IND,208,6592,59453,14/01/2019,06:52:55,15,0,23.3,1.0,0.8,1.0,2,1,0.89,CYCLE,S
IND,208,6592,59453,14/01/2019,06:52:55,15,0,23.3,1.0,0.0,0.0,2,1,0.89,CYCLE,S
IND,208,6592,59453,14/01/2019,06:53:01,15,0,24.6,1.1,6.0,4.7,2,1,1.00,CYCLE,S
IND,208,6592,59453,14/01/2019,06:53:24,15,0,38.2,1.0,23.0,22.8,2,1,1.00,CYCLE,S
IND,208,6592,59453,14/01/2019,06:53:24,15,0,38.8,1.0,0.3,0.2,2,1,0.50,CYCLE,S
IND,208,6592,59452,14/01/2019,06:53:24,15,1,38.8,1.0,0.0,0.0,2,1,0.50,CYCLE,N
IND,208,6592,59453,14/01/2019,06:53:25,15,0,27.2,1.0,1.3,1.1,2,1,1.00,CYCLE,S
IND,208,6592,59453,14/01/2019,06:53:26,15,0,39.0,1.0,0.4,0.3,2,1,1.00,CYCLE,S
IND,208,6592,59453,14/01/2019,06:53:26,15,0,39.8,1.0,0.3,0.2,2,1,1.00,CYCLE,S
IND,208,6592,59453,14/01/2019,06:53:26,15,0,39.2,1.0,0.4,0.3,2,1,0.50,CYCLE,S
IND,208,6592,59452,14/01/2019,06:53:26,15,1,39.2,1.0,0.0,0.0,2,1,0.50,CYCLE,N
IND,208,6592,59453,14/01/2019,06:53:27,15,0,29.1,1.0,0.8,0.6,2,1,1.00,CYCLE,S
IND,208,6592,59453,14/01/2019,06:53:28,15,0,27.0,1.0,1.2,1.1,2,1,1.00,CYCLE,S
IND,208,6592,59453,14/01/2019,06:53:29,15,0,28.2,1.1,0.5,0.4,2,1,1.00,CYCLE,S
IND,208,6592,59453,14/01/2019,06:53:39,15,0,30.2,1.0,10.0,9.9,2,1,1.00,CYCLE,S
IND,208,6592,59453,14/01/2019,06:53:42,15,0,32.1,1.1,3.5,3.4,2,1,1.00,CYCLE,S
IND,208,6592,59453,14/01/2019,06:53:54,15,0,31.5,1.1,11.6,11.5,2,1,1.00,CYCLE,S
IND,208,6592,59453,14/01/2019,06:54:22,15,0,30.4,1.0,28.1,27.9,2,1,1.00,CYCLE,S
IND,208,6592,59453,14/01/2019,06:54:30,15,0,30.6,1.0,7.4,7.3,2,1,1.00,CYCLE,S
IND,208,6592,59453,14/01/2019,06:54:31,15,0,30.9,1.0,1.7,1.5,2,1,1.00,CYCLE,S
IND,208,6592,59453,14/01/2019,06:54:32,15,0,27.0,1.0,0.7,0.6,2,1,1.00,CYCLE,S
IND,208,6592,59453,14/01/2019,06:54:33,15,0,28.9,1.1,1.4,1.3,2,1,1.00,CYCLE,S
IND,208,6592,59453,14/01/2019,06:54:35,15,0,26.4,1.1,1.7,1.6,2,1,1.00,CYCLE,S
IND,208,6592,59453,14/01/2019,06:54:38,15,0,25.9,1.1,2.8,2.6,2,1,1.00,CYCLE,S
IND,208,6592,59452,14/01/2019,06:54:58,15,1,24.1,1.1,230.5,230.4,2,1,1.00,CYCLE,N
IND,208,6592,59453,14/01/2019,06:55:02,15,0,29.7,1.0,24.4,24.3,2,1,1.00,CYCLE,S
IND,208,6592,59453,14/01/2019,06:55:05,15,0,27.0,1.0,2.6,2.5,2,1,1.00,CYCLE,S
IND,208,6592,59453,14/01/2019,06:55:06,15,0,30.5,1.0,1.4,1.3,2,1,1.00,CYCLE,S
IND,208,6592,59453,14/01/2019,06:55:08,15,0,29.2,1.0,1.5,1.4,2,1,1.00,CYCLE,S
IND,208,6592,59453,14/01/2019,06:55:10,15,0,27.7,1.0,2.0,1.8,2,1,1.00,CYCLE,S
IND,208,6592,59452,14/01/2019,06:55:13,15,1,21.9,1.1,14.7,14.6,2,1,1.00,CYCLE,N
IND,208,6592,59453,14/01/2019,06:55:13,15,0,27.9,1.1,3.4,3.3,2,1,1.00,CYCLE,S
IND,208,6592,59453,14/01/2019,06:55:15,15,0,30.1,1.1,1.8,1.7,2,1,1.00,CYCLE,S
IND,208,6592,59453,14/01/2019,06:55:16,15,0,28.8,1.0,0.5,0.3,2,1,1.00,CYCLE,S
IND,208,6592,59453,14/01/2019,06:55:17,15,0,23.8,1.1,1.1,1.0,2,1,1.00,CYCLE,S
IND,208,6592,59453,14/01/2019,06:55:18,15,0,24.2,1.1,1.7,1.6,2,1,1.00,CYCLE,S
IND,208,6592,59453,14/01/2019,06:55:19,15,0,24.1,1.0,0.5,0.3,2,1,1.00,CYCLE,S
IND,208,6592,59453,14/01/2019,06:55:20,15,0,22.2,1.1,1.3,1.2,2,1,1.00,CYCLE,S
IND,208,6592,59453,14/01/2019,06:55:21,15,0,22.1,1.1,1.0,0.9,2,1,1.00,CYCLE,S
IND,208,6592,59453,14/01/2019,06:55:28,15,0,34.9,1.0,6.6,6.4,2,1,1.00,CYCLE,S
IND,208,6592,59453,14/01/2019,06:55:29,15,0,25.3,1.0,1.7,1.6,2,1,1.00,CYCLE,S
IND,208,6592,59453,14/01/2019,06:55:33,15,0,30.4,1.0,3.7,3.6,2,1,1.00,CYCLE,S
IND,208,6592,59453,14/01/2019,06:55:34,15,0,30.0,1.0,0.6,0.5,2,1,1.00,CYCLE,S
IND,208,6592,59453,14/01/2019,06:55:37,15,0,23.3,1.0,2.8,2.7,2,1,1.00,CYCLE,S
IND,208,6592,59453,14/01/2019,06:55:39,15,0,32.3,1.2,2.6,2.5,2,1,1.00,CYCLE,S
IND,208,6592,59453,14/01/2019,06:55:42,15,0,28.8,1.1,2.4,2.3,2,1,1.00,CYCLE,S
IND,208,6592,59453,14/01/2019,06:55:47,15,0,30.9,1.0,5.8,5.6,2,1,1.00,CYCLE,S
IND,208,6592,59453,14/01/2019,06:55:48,15,0,28.3,1.0,1.0,0.9,2,1,1.00,CYCLE,S
IND,208,6592,59452,14/01/2019,06:55:49,15,1,21.5,1.0,36.1,35.9,2,1,1.00,CYCLE,N
IND,208,6592,59453,14/01/2019,06:55:49,15,0,29.9,1.0,0.9,0.7,2,1,1.00,CYCLE,S
IND,208,6592,59453,14/01/2019,06:56:10,15,0,29.1,1.0,20.3,20.2,2,1,1.00,CYCLE,S
IND,208,6592,59453,14/01/2019,06:56:47,15,0,29.9,1.0,37.8,37.7,2,1,1.00,CYCLE,S
IND,208,6592,59453,14/01/2019,06:56:49,15,0,28.4,1.1,1.6,1.5,2,1,1.00,CYCLE,S
IND,208,6592,59453,14/01/2019,06:56:53,15,0,28.3,1.1,3.6,3.5,2,1,1.00,CYCLE,S
IND,208,6592,59453,14/01/2019,06:56:57,15,0,23.5,1.0,4.4,4.2,2,1,1.00,CYCLE,S
IND,208,6592,59453,14/01/2019,06:57:01,15,0,21.4,1.1,4.0,3.8,2,1,1.00,CYCLE,S
IND,208,6592,59453,14/01/2019,06:57:04,15,0,22.2,1.1,2.8,2.7,2,1,1.00,CYCLE,S
IND,208,6592,59453,14/01/2019,06:57:05,15,0,21.5,1.0,1.2,1.0,2,1,1.00,CYCLE,S
IND,208,6592,59453,14/01/2019,06:57:36,15,0,35.4,1.0,31.2,31.0,2,1,1.00,CYCLE,S
IND,208,6592,59453,14/01/2019,06:57:37,15,0,36.6,1.0,0.7,0.6,2,1,1.00,CYCLE,S
IND,208,6592,59453,14/01/2019,06:57:38,15,0,30.3,1.0,1.3,1.2,2,1,1.00,CYCLE,S
IND,208,6592,59453,14/01/2019,06:57:40,15,0,29.6,1.1,2.0,1.8,2,1,1.00,CYCLE,S
IND,208,6592,59453,14/01/2019,06:57:43,15,0,25.7,1.0,2.5,2.4,2,1,1.00,CYCLE,S
IND,208,6592,59453,14/01/2019,06:57:44,15,0,28.5,1.0,0.8,0.6,2,1,1.00,CYCLE,S
IND,208,6592,59453,14/01/2019,06:57:52,15,0,26.2,1.0,8.7,8.5,2,1,1.00,CYCLE,S
IND,208,6592,59453,14/01/2019,06:57:53,15,0,30.9,1.1,0.3,0.2,2,1,1.00,CYCLE,S
IND,208,6592,59453,14/01/2019,06:57:55,15,0,27.6,1.1,2.1,2.0,2,1,1.00,CYCLE,S
IND,208,6592,59453,14/01/2019,06:58:06,15,0,28.0,1.0,10.9,10.7,2,1,1.00,CYCLE,S
IND,208,6592,59453,14/01/2019,06:58:14,15,0,26.7,1.1,8.6,8.5,2,1,1.00,CYCLE,S
IND,208,6592,59453,14/01/2019,06:58:15,15,0,20.7,1.0,0.4,0.2,2,1,1.00,CYCLE,S
IND,208,6592,59453,14/01/2019,06:58:39,15,0,19.9,1.1,24.1,24.0,2,1,1.00,CYCLE,S
IND,208,6592,59453,14/01/2019,06:58:52,15,0,27.1,1.0,13.1,12.9,2,1,1.00,CYCLE,S
IND,208,6592,59453,14/01/2019,06:58:53,15,0,21.9,1.1,1.4,1.3,2,1,1.00,CYCLE,S
IND,208,6592,59453,14/01/2019,06:58:55,15,0,23.2,1.0,1.6,1.4,2,1,1.00,CYCLE,S
IND,208,6592,59453,14/01/2019,06:58:56,15,0,22.2,1.0,1.2,1.1,2,1,1.00,CYCLE,S
IND,208,6592,59453,14/01/2019,06:59:00,15,0,22.8,1.0,4.1,4.0,2,1,1.00,CYCLE,S
IND,208,6592,59453,14/01/2019,06:59:05,15,0,21.7,1.0,4.8,4.7,2,1,1.00,CYCLE,S
IND,208,6592,59453,14/01/2019,06:59:26,15,0,32.9,1.0,20.8,20.6,2,1,1.00,CYCLE,S
IND,208,6592,59453,14/01/2019,06:59:27,15,0,29.6,1.0,1.6,1.5,2,1,1.00,CYCLE,S
IND,208,6592,59453,14/01/2019,06:59:28,15,0,31.0,1.0,1.0,0.9,2,1,1.00,CYCLE,S
IND,208,6592,59453,14/01/2019,06:59:33,15,0,26.3,1.1,4.9,4.8,2,1,1.00,CYCLE,S
IND,208,6592,59453,14/01/2019,06:59:35,15,0,25.2,1.0,1.2,1.1,2,1,1.00,CYCLE,S
IND,208,6592,59453,14/01/2019,06:59:35,15,0,28.9,1.0,0.9,0.8,2,1,1.00,CYCLE,S
IND,208,6592,59453,14/01/2019,06:59:36,15,0,27.8,1.0,0.4,0.3,2,1,1.00,CYCLE,S
IND,208,6592,59453,14/01/2019,06:59:36,15,0,28.5,1.1,0.4,0.3,2,1,1.00,CYCLE,S
IND,208,6592,59453,14/01/2019,06:59:37,15,0,24.2,1.0,0.6,0.5,2,1,1.00,CYCLE,S
IND,208,6592,59453,14/01/2019,06:59:41,15,0,29.4,1.0,3.8,3.7,2,1,1.00,CYCLE,S
IND,208,6592,59453,14/01/2019,06:59:42,15,0,23.5,1.1,1.4,1.3,2,1,1.00,CYCLE,S
IND,208,6592,59453,14/01/2019,06:59:53,15,0,24.6,1.1,11.0,10.8,2,1,1.00,CYCLE,S
IND,208,6592,59452,14/01/2019,06:59:58,15,1,18.7,1.0,249.4,249.2,2,1,1.00,CYCLE,N
IND,208,6592,59453,14/01/2019,07:00:01,15,0,25.8,1.1,7.7,7.5,2,1,1.00,CYCLE,S
IND,208,6592,59453,14/01/2019,07:00:02,15,0,30.0,1.0,1.3,1.1,2,1,1.00,CYCLE,S
IND,208,6592,59453,14/01/2019,07:00:03,15,0,31.7,1.0,0.6,0.5,2,1,1.00,CYCLE,S
IND,208,6592,59453,14/01/2019,07:00:03,15,0,31.7,1.0,0.0,0.0,2,1,1.00,CYCLE,S
IND,208,6592,59453,14/01/2019,07:00:06,15,0,25.3,1.1,3.9,3.7,2,1,1.00,CYCLE,S
IND,208,6592,59453,14/01/2019,07:00:09,15,0,29.3,1.0,2.4,2.3,2,1,1.00,CYCLE,S
IND,208,6592,59453,14/01/2019,07:00:59,15,0,28.0,1.0,50.2,50.1,2,1,1.00,CYCLE,S
IND,208,6592,59453,14/01/2019,07:01:00,15,0,29.4,1.0,0.9,0.8,2,1,1.00,CYCLE,S
IND,208,6592,59453,14/01/2019,07:01:04,15,0,26.2,1.1,4.4,4.3,2,1,1.00,CYCLE,S
IND,208,6592,59453,14/01/2019,07:01:05,15,0,24.3,1.1,1.1,0.9,2,1,1.00,CYCLE,S
IND,208,6592,59453,14/01/2019,07:01:07,15,0,23.1,1.0,1.1,1.0,2,1,1.00,CYCLE,S
IND,208,6592,59453,14/01/2019,07:01:07,15,0,32.6,1.0,0.4,0.3,2,1,1.00,CYCLE,S
IND,208,6592,59453,14/01/2019,07:01:12,15,0,23.4,1.0,4.6,4.5,2,1,1.00,CYCLE,S
IND,208,6592,59453,14/01/2019,07:01:13,15,0,31.4,1.0,1.8,1.7,2,1,1.00,CYCLE,S
IND,208,6592,59453,14/01/2019,07:01:14,15,0,26.5,1.1,1.0,0.9,2,1,1.00,CYCLE,S
IND,208,6592,59453,14/01/2019,07:01:38,15,0,30.9,1.0,19.3,19.1,2,1,1.00,CYCLE,S
IND,208,6592,59453,14/01/2019,07:01:40,15,0,28.8,1.1,1.5,1.4,2,1,1.00,CYCLE,S
IND,208,6592,59453,14/01/2019,07:01:40,15,0,28.8,1.0,0.5,0.4,2,1,1.00,CYCLE,S
IND,208,6592,59453,14/01/2019,07:01:42,15,0,29.8,1.0,2.1,2.0,2,1,1.00,CYCLE,S
IND,208,6592,59452,14/01/2019,07:01:43,15,1,24.0,1.1,105.0,104.8,2,1,1.00,CYCLE,N
IND,208,6592,59453,14/01/2019,07:01:50,15,0,32.3,1.0,7.3,7.2,2,1,1.00,CYCLE,S
IND,208,6592,59453,14/01/2019,07:01:55,15,0,22.3,1.0,5.2,5.0,2,1,1.00,CYCLE,S
IND,208,6592,59453,14/01/2019,07:01:58,15,0,22.4,1.1,2.8,2.7,2,1,1.00,CYCLE,S
IND,208,6592,59453,14/01/2019,07:02:23,15,0,20.7,1.1,25.3,25.1,2,1,1.00,CYCLE,S
IND,208,6592,59452,14/01/2019,07:02:32,15,1,33.6,1.0,49.1,48.9,2,1,1.00,CYCLE,N
IND,208,6592,59453,14/01/2019,07:02:49,15,0,26.9,1.0,25.6,25.4,2,1,1.00,CYCLE,S
IND,208,6592,59453,14/01/2019,07:02:50,15,0,27.1,1.0,1.6,1.5,2,1,1.00,CYCLE,S
IND,208,6592,59453,14/01/2019,07:02:51,15,0,26.0,1.0,0.5,0.4,2,1,1.00,CYCLE,S
IND,208,6592,59453,14/01/2019,07:02:52,15,0,27.4,1.0,1.5,1.4,2,1,1.00,CYCLE,S
IND,208,6592,59453,14/01/2019,07:02:53,15,0,27.7,1.0,0.3,0.2,2,1,1.00,CYCLE,S
IND,208,6592,59453,14/01/2019,07:02:53,15,0,24.8,1.0,0.7,0.5,2,1,1.00,CYCLE,S
IND,208,6592,59453,14/01/2019,07:02:53,15,0,27.5,1.0,0.2,0.1,2,1,1.00,CYCLE,S
IND,208,6592,59453,14/01/2019,07:02:54,15,0,25.6,1.0,1.0,0.8,2,1,1.00,CYCLE,S
IND,208,6592,59452,14/01/2019,07:02:55,15,1,1.7,1.0,22.3,22.2,2,1,0.40,CYCLE,N
IND,208,6592,59453,14/01/2019,07:02:58,15,0,24.3,1.1,3.1,3.0,2,1,1.00,CYCLE,S
IND,208,6592,59453,14/01/2019,07:02:58,15,0,27.0,1.0,0.6,0.4,2,1,1.00,CYCLE,S
IND,208,6592,59453,14/01/2019,07:03:01,15,0,22.9,1.0,3.2,3.1,2,1,1.00,CYCLE,S
IND,208,6592,59453,14/01/2019,07:03:01,15,0,22.9,1.0,0.0,0.0,2,1,1.00,CYCLE,S
IND,208,6592,59453,14/01/2019,07:03:01,15,0,22.9,1.0,0.0,0.0,2,1,1.00,CYCLE,S
IND,208,6592,59453,14/01/2019,07:03:03,15,0,23.1,1.0,1.9,1.2,2,1,1.00,CYCLE,S
IND,208,6592,59453,14/01/2019,07:03:06,15,0,25.2,1.1,2.7,2.6,2,1,1.00,CYCLE,S
IND,208,6592,59453,14/01/2019,07:03:08,15,0,20.8,1.1,1.9,1.8,2,1,1.00,CYCLE,S
IND,208,6592,59453,14/01/2019,07:03:09,15,0,19.4,1.1,1.1,1.0,2,1,1.00,CYCLE,S
IND,208,6592,59453,14/01/2019,07:03:15,15,0,18.5,1.0,5.6,5.4,2,1,1.00,CYCLE,S
IND,208,6592,59453,14/01/2019,07:03:20,15,0,27.3,1.0,5.9,5.7,2,1,1.00,CYCLE,S
IND,208,6592,59453,14/01/2019,07:03:22,15,0,30.4,1.0,1.1,1.0,2,1,1.00,CYCLE,S
IND,208,6592,59453,14/01/2019,07:03:22,15,0,30.9,1.0,0.4,0.2,2,1,1.00,CYCLE,S
IND,208,6592,59453,14/01/2019,07:03:24,15,0,28.5,1.0,1.6,1.5,2,1,1.00,CYCLE,S
IND,208,6592,59453,14/01/2019,07:03:24,15,0,25.7,1.1,0.8,0.6,2,1,1.00,CYCLE,S
IND,208,6592,59453,14/01/2019,07:04:24,15,0,26.6,1.2,60.1,60.0,2,1,1.00,CYCLE,S
IND,208,6592,59453,14/01/2019,07:04:25,15,0,27.1,1.0,0.9,0.7,2,1,1.00,CYCLE,S
IND,208,6592,59453,14/01/2019,07:04:28,15,0,29.7,1.1,2.2,2.1,2,1,1.00,CYCLE,S
IND,208,6592,59453,14/01/2019,07:04:28,15,0,20.7,1.1,0.8,0.7,2,1,1.00,CYCLE,S
IND,208,6592,59453,14/01/2019,07:04:30,15,0,26.8,1.1,1.4,1.2,2,1,1.00,CYCLE,S
IND,208,6592,59453,14/01/2019,07:04:31,15,0,21.0,1.0,1.0,0.9,2,1,1.00,CYCLE,S
IND,208,6592,59452,14/01/2019,07:04:41,15,1,25.4,1.1,106.8,105.1,2,1,1.00,CYCLE,N
IND,208,6592,59453,14/01/2019,07:05:01,15,0,32.2,1.0,30.6,30.5,2,1,1.00,CYCLE,S
IND,208,6592,59453,14/01/2019,07:05:08,15,0,25.6,1.0,6.8,6.7,2,1,1.00,CYCLE,S
IND,208,6592,59453,14/01/2019,07:05:10,15,0,28.8,1.1,1.3,1.2,2,1,1.00,CYCLE,S
IND,208,6592,59453,14/01/2019,07:05:11,15,0,29.2,1.0,1.3,1.1,2,1,1.00,CYCLE,S
IND,208,6592,59453,14/01/2019,07:05:13,15,0,27.0,1.0,1.8,1.7,2,1,1.00,CYCLE,S
IND,208,6592,59453,14/01/2019,07:05:14,15,0,22.5,1.1,1.6,1.4,2,1,1.00,CYCLE,S
IND,208,6592,59453,14/01/2019,07:05:15,15,0,24.5,1.0,0.6,0.4,2,1,1.00,CYCLE,S
IND,208,6592,59453,14/01/2019,07:05:22,15,0,20.2,1.1,7.1,6.9,2,1,1.00,CYCLE,S
IND,208,6592,59453,14/01/2019,07:05:37,15,0,30.8,1.0,14.9,14.7,2,1,1.00,CYCLE,S
IND,208,6592,59453,14/01/2019,07:06:00,15,0,24.5,1.1,23.7,23.6,2,1,1.00,CYCLE,S
IND,208,6592,59453,14/01/2019,07:06:12,15,0,29.0,1.0,11.9,11.8,2,1,1.00,CYCLE,S
IND,208,6592,59453,14/01/2019,07:06:19,15,0,27.7,1.1,6.7,6.6,2,1,1.00,CYCLE,S
IND,208,6592,59453,14/01/2019,07:06:30,15,0,27.7,1.0,5.8,5.6,2,1,1.00,CYCLE,S
IND,208,6592,59453,14/01/2019,07:06:48,15,0,25.1,1.0,17.7,17.6,2,1,1.00,CYCLE,S
IND,208,6592,59453,14/01/2019,07:06:51,15,0,30.2,1.0,2.7,2.6,2,1,1.00,CYCLE,S
IND,208,6592,59453,14/01/2019,07:06:51,15,0,30.2,1.0,0.0,0.0,2,1,1.00,CYCLE,S
IND,208,6592,59453,14/01/2019,07:06:52,15,0,20.7,1.0,1.2,0.6,2,1,1.00,CYCLE,S
IND,208,6592,59453,14/01/2019,07:06:53,15,0,29.2,1.1,1.0,0.9,2,1,1.00,CYCLE,S
IND,208,6592,59453,14/01/2019,07:06:56,15,0,25.1,1.0,3.1,3.0,2,1,1.00,CYCLE,S
IND,208,6592,59453,14/01/2019,07:06:57,15,0,22.3,1.1,0.5,0.4,2,1,1.00,CYCLE,S
IND,208,6592,59453,14/01/2019,07:06:59,15,0,23.0,1.1,2.4,2.3,2,1,1.00,CYCLE,S
IND,208,6592,59453,14/01/2019,07:07:03,15,0,19.8,1.1,3.6,3.4,2,1,1.00,CYCLE,S
IND,208,6592,59453,14/01/2019,07:07:19,15,0,28.4,1.0,16.8,16.6,2,1,1.00,CYCLE,S
IND,208,6592,59453,14/01/2019,07:07:28,15,0,26.5,1.0,8.6,8.4,2,1,1.00,CYCLE,S
IND,208,6592,59453,14/01/2019,07:07:28,15,0,26.5,1.0,0.0,0.0,2,1,1.00,CYCLE,S
IND,208,6592,59453,14/01/2019,07:07:29,15,0,28.9,1.0,0.7,0.5,2,1,1.00,CYCLE,S
IND,208,6592,59453,14/01/2019,07:07:29,15,0,23.8,1.0,0.7,0.6,2,1,1.00,CYCLE,S
IND,208,6592,59453,14/01/2019,07:07:30,15,0,24.3,1.1,0.5,0.4,2,1,1.00,CYCLE,S
IND,208,6592,59453,14/01/2019,07:07:31,15,0,29.2,1.0,1.4,1.2,2,1,1.00,CYCLE,S
IND,208,6592,59453,14/01/2019,07:07:39,15,0,20.0,1.0,7.6,7.5,2,1,1.00,CYCLE,S
IND,208,6592,59453,14/01/2019,07:08:06,15,0,25.8,1.1,26.7,26.5,2,1,1.00,CYCLE,S
IND,208,6592,59453,14/01/2019,07:08:08,15,0,25.4,1.1,2.8,2.7,2,1,1.00,CYCLE,S
IND,208,6592,59453,14/01/2019,07:08:11,15,0,25.0,1.0,2.6,2.4,2,1,1.00,CYCLE,S
IND,208,6592,59453,14/01/2019,07:08:13,15,0,24.6,1.1,1.7,1.5,2,1,1.00,CYCLE,S
IND,208,6592,59453,14/01/2019,07:08:16,15,0,25.1,1.0,3.6,3.4,2,1,1.00,CYCLE,S
IND,208,6592,59453,14/01/2019,07:08:18,15,0,25.5,1.0,1.6,1.5,2,1,1.00,CYCLE,S
IND,208,6592,59453,14/01/2019,07:08:19,15,0,23.4,1.1,1.2,1.0,2,1,1.00,CYCLE,S
IND,208,6592,59453,14/01/2019,07:08:20,15,0,23.3,1.1,1.0,0.8,2,1,1.00,CYCLE,S
IND,208,6592,59453,14/01/2019,07:08:40,15,0,24.9,1.0,20.5,20.3,2,1,1.00,CYCLE,S
IND,208,6592,59452,14/01/2019,07:08:42,15,1,25.2,1.1,240.8,240.6,2,1,1.00,CYCLE,N
IND,208,6592,59453,14/01/2019,07:08:53,15,0,32.5,1.0,12.9,12.7,2,1,1.00,CYCLE,S
IND,208,6592,59453,14/01/2019,07:08:54,15,0,25.0,1.0,1.1,1.0,2,1,1.00,CYCLE,S
IND,208,6592,59453,14/01/2019,07:08:56,15,0,28.5,1.1,1.4,1.3,2,1,1.00,CYCLE,S
IND,208,6592,59453,14/01/2019,07:08:56,15,0,27.0,1.1,0.6,0.5,2,1,1.00,CYCLE,S
IND,208,6592,59453,14/01/2019,07:08:57,15,0,26.8,1.0,0.7,0.6,2,1,1.00,CYCLE,S
IND,208,6592,59453,14/01/2019,07:08:58,15,0,23.2,1.0,0.9,0.8,2,1,0.86,CYCLE,S
IND,208,6592,59453,14/01/2019,07:08:59,15,0,28.9,1.1,1.0,0.7,2,1,1.00,CYCLE,S
IND,208,6592,59453,14/01/2019,07:09:00,15,0,26.4,1.0,0.5,0.3,2,1,1.00,CYCLE,S
IND,208,6592,59453,14/01/2019,07:09:00,15,0,28.7,1.0,0.3,0.2,2,1,1.00,CYCLE,S
IND,208,6592,59453,14/01/2019,07:09:03,15,0,32.3,1.0,2.6,2.5,2,1,1.00,CYCLE,S
IND,208,6592,59453,14/01/2019,07:09:04,15,0,26.6,1.1,1.0,0.9,2,1,1.00,CYCLE,S
IND,208,6592,59453,14/01/2019,07:09:04,15,0,27.9,1.1,0.9,0.7,2,1,1.00,CYCLE,S
IND,208,6592,59453,14/01/2019,07:09:05,15,0,18.9,1.0,0.2,0.1,2,1,1.00,CYCLE,S
IND,208,6592,59453,14/01/2019,07:09:05,15,0,25.1,1.1,0.7,0.5,2,1,1.00,CYCLE,S
IND,208,6592,59453,14/01/2019,07:09:06,15,0,31.1,1.1,0.6,0.5,2,1,1.00,CYCLE,S
IND,208,6592,59453,14/01/2019,07:09:09,15,0,22.6,1.0,2.9,2.8,2,1,1.00,CYCLE,S
IND,208,6592,59453,14/01/2019,07:09:09,15,0,21.2,1.1,0.5,0.3,2,1,1.00,CYCLE,S
IND,208,6592,59453,14/01/2019,07:09:16,15,0,18.5,1.0,6.4,6.3,2,1,1.00,CYCLE,S
IND,208,6592,59453,14/01/2019,07:09:16,15,0,18.5,1.0,0.0,0.0,2,1,1.00,CYCLE,S
IND,208,6592,59453,14/01/2019,07:09:19,15,0,16.4,1.1,2.7,2.4,2,1,1.00,CYCLE,S
IND,208,6592,59453,14/01/2019,07:09:31,15,0,23.8,1.0,12.1,11.8,2,1,1.00,CYCLE,S
IND,208,6592,59453,14/01/2019,07:09:32,15,0,27.3,1.0,0.9,0.8,2,1,1.00,CYCLE,S
IND,208,6592,59453,14/01/2019,07:09:35,15,0,33.1,1.1,3.6,3.5,2,1,1.00,CYCLE,S
IND,208,6592,59453,14/01/2019,07:09:39,15,0,29.6,1.0,3.4,3.3,2,1,1.00,CYCLE,S
IND,208,6592,59453,14/01/2019,07:09:58,15,0,32.2,1.0,19.4,19.3,2,1,1.00,CYCLE,S
IND,208,6592,59453,14/01/2019,07:09:58,15,0,32.1,1.1,0.6,0.5,2,1,1.00,CYCLE,S
IND,208,6592,59453,14/01/2019,07:10:01,15,0,27.8,1.1,2.8,2.7,2,1,1.00,CYCLE,S
IND,208,6592,59453,14/01/2019,07:10:03,15,0,28.7,1.0,1.3,1.1,2,1,1.00,CYCLE,S
IND,208,6592,59453,14/01/2019,07:10:03,15,0,28.9,1.0,0.9,0.7,2,1,1.00,CYCLE,S
IND,208,6592,59453,14/01/2019,07:10:05,15,0,30.8,1.1,1.4,1.3,2,1,1.00,CYCLE,S
IND,208,6592,59453,14/01/2019,07:10:06,15,0,25.0,1.1,1.1,1.0,2,1,1.00,CYCLE,S
IND,208,6592,59453,14/01/2019,07:10:38,15,0,28.0,1.0,32.2,32.0,2,1,1.00,CYCLE,S
IND,208,6592,59453,14/01/2019,07:10:46,15,0,29.3,1.0,7.9,7.8,2,1,1.00,CYCLE,S
IND,208,6592,59453,14/01/2019,07:10:47,15,0,30.6,1.0,1.3,1.2,2,1,1.00,CYCLE,S
IND,208,6592,59453,14/01/2019,07:10:49,15,0,29.0,1.0,1.4,1.3,2,1,1.00,CYCLE,S
IND,208,6592,59453,14/01/2019,07:10:50,15,0,27.1,0.8,1.7,1.6,2,1,1.00,CYCLE,S
IND,208,6592,59453,14/01/2019,07:10:51,15,0,34.4,1.0,0.5,0.4,2,1,1.00,CYCLE,S
IND,208,6592,59453,14/01/2019,07:10:53,15,0,31.5,1.0,2.4,2.3,2,1,1.00,CYCLE,S
IND,208,6592,59453,14/01/2019,07:10:56,15,0,22.1,1.0,2.9,2.8,2,1,1.00,CYCLE,S
IND,208,6592,59453,14/01/2019,07:10:57,15,0,26.8,1.0,0.9,0.7,2,1,1.00,CYCLE,S
IND,208,6592,59453,14/01/2019,07:10:59,15,0,29.2,1.1,1.7,1.5,2,1,1.00,CYCLE,S
IND,208,6592,59453,14/01/2019,07:11:00,15,0,30.8,1.1,0.9,0.8,2,1,1.00,CYCLE,S
IND,208,6592,59453,14/01/2019,07:11:00,15,0,25.7,1.1,0.2,0.1,2,1,1.00,CYCLE,S
IND,208,6592,59453,14/01/2019,07:11:01,15,0,28.0,1.0,0.6,0.5,2,1,1.00,CYCLE,S
IND,208,6592,59453,14/01/2019,07:11:05,15,0,21.2,1.0,4.2,4.1,2,1,1.00,CYCLE,S
IND,208,6592,59453,14/01/2019,07:11:06,15,0,23.6,1.1,0.9,0.8,2,1,1.00,CYCLE,S
IND,208,6592,59453,14/01/2019,07:11:20,15,0,30.1,1.0,14.7,14.6,2,1,1.00,CYCLE,S
IND,208,6592,59453,14/01/2019,07:11:22,15,0,29.5,1.0,1.9,1.8,2,1,1.00,CYCLE,S
IND,208,6592,59453,14/01/2019,07:11:26,15,0,23.3,1.1,4.1,4.0,2,1,1.00,CYCLE,S
IND,208,6592,59453,14/01/2019,07:11:29,15,0,27.4,1.0,2.6,2.4,2,1,1.00,CYCLE,S
IND,208,6592,59453,14/01/2019,07:11:30,15,0,32.2,1.0,0.5,0.4,2,1,1.00,CYCLE,S
IND,208,6592,59452,14/01/2019,07:11:47,15,1,28.6,1.1,184.7,184.5,2,1,1.00,CYCLE,N
IND,208,6592,59452,14/01/2019,07:11:48,15,1,29.5,1.1,0.7,0.6,2,1,1.00,CYCLE,N
IND,208,6592,59452,14/01/2019,07:11:51,15,1,25.6,1.1,3.0,2.9,2,1,1.00,CYCLE,N
IND,208,6592,59452,14/01/2019,07:11:55,15,1,23.4,1.1,4.2,4.1,2,1,1.00,CYCLE,N
IND,208,6592,59453,14/01/2019,07:11:58,15,0,30.8,1.1,28.5,28.3,2,1,1.00,CYCLE,S
IND,208,6592,59453,14/01/2019,07:12:08,15,0,25.6,1.0,9.9,9.7,2,1,1.00,CYCLE,S
IND,208,6592,59453,14/01/2019,07:12:11,15,0,20.7,1.1,3.3,3.1,2,1,1.00,CYCLE,S
IND,208,6592,59453,14/01/2019,07:12:12,15,0,28.8,1.0,1.1,0.9,2,1,1.00,CYCLE,S
IND,208,6592,59453,14/01/2019,07:12:13,15,0,26.1,1.1,1.1,1.0,2,1,1.00,CYCLE,S
IND,208,6592,59453,14/01/2019,07:12:28,15,0,25.2,1.1,14.5,14.4,2,1,1.00,CYCLE,S
IND,208,6592,59453,14/01/2019,07:12:29,15,0,26.6,1.0,1.1,0.9,2,1,1.00,CYCLE,S
IND,208,6592,59453,14/01/2019,07:12:45,15,0,24.4,1.1,15.8,15.6,2,1,1.00,CYCLE,S
IND,208,6592,59453,14/01/2019,07:12:45,15,0,24.5,1.1,0.4,0.2,2,1,1.00,CYCLE,S
IND,208,6592,59453,14/01/2019,07:12:46,15,0,30.7,1.0,1.0,0.9,2,1,0.33,CYCLE,S
IND,208,6592,59453,14/01/2019,07:12:49,15,0,31.0,1.0,3.3,3.1,2,1,1.00,CYCLE,S
IND,208,6592,59453,14/01/2019,07:12:52,15,0,28.3,1.0,2.2,2.1,2,1,1.00,CYCLE,S
IND,208,6592,59453,14/01/2019,07:12:53,15,0,27.9,1.1,1.3,1.2,2,1,1.00,CYCLE,S
IND,208,6592,59453,14/01/2019,07:12:56,15,0,31.4,1.0,2.8,2.6,2,1,1.00,CYCLE,S
IND,208,6592,59453,14/01/2019,07:12:56,15,0,28.4,1.1,0.7,0.6,2,1,1.00,CYCLE,S
IND,208,6592,59453,14/01/2019,07:12:57,15,0,27.3,1.0,1.1,1.0,2,1,1.00,CYCLE,S
IND,208,6592,59453,14/01/2019,07:12:59,15,0,24.2,1.0,1.2,1.1,2,1,1.00,CYCLE,S
IND,208,6592,59453,14/01/2019,07:13:01,15,0,25.7,1.0,2.7,2.6,2,1,1.00,CYCLE,S
IND,208,6592,59453,14/01/2019,07:13:02,15,0,26.1,1.1,1.0,0.9,2,1,1.00,CYCLE,S
IND,208,6592,59453,14/01/2019,07:13:04,15,0,23.4,1.1,1.7,1.5,2,1,1.00,CYCLE,S
IND,208,6592,59453,14/01/2019,07:13:05,15,0,16.4,1.1,0.5,0.4,2,1,1.00,CYCLE,S
IND,208,6592,59453,14/01/2019,07:13:07,15,0,21.2,1.0,2.2,1.9,2,1,1.00,CYCLE,S
IND,208,6592,59453,14/01/2019,07:13:21,15,0,31.0,1.0,14.0,13.8,2,1,1.00,CYCLE,S
IND,208,6592,59453,14/01/2019,07:13:22,15,0,32.1,1.1,1.1,1.0,2,1,1.00,CYCLE,S
IND,208,6592,59453,14/01/2019,07:13:29,15,0,25.7,1.1,7.4,7.3,2,1,1.00,CYCLE,S
IND,208,6592,59453,14/01/2019,07:13:31,15,0,22.6,1.0,1.5,1.4,2,1,1.00,CYCLE,S
IND,208,6592,59453,14/01/2019,07:13:38,15,0,18.8,1.0,7.2,7.1,2,1,1.00,CYCLE,S
IND,208,6592,59453,14/01/2019,07:13:45,15,0,34.7,1.0,7.3,7.1,2,1,1.00,CYCLE,S
IND,208,6592,59453,14/01/2019,07:13:49,15,0,33.8,1.0,3.9,3.8,2,1,1.00,CYCLE,S
IND,208,6592,59453,14/01/2019,07:13:51,15,0,29.0,1.0,1.9,1.8,2,1,1.00,CYCLE,S
IND,208,6592,59453,14/01/2019,07:13:59,15,0,23.1,1.0,7.7,7.6,2,1,1.00,CYCLE,S
IND,208,6592,59453,14/01/2019,07:13:59,15,0,23.1,1.0,0.0,0.0,2,1,1.00,CYCLE,S
IND,208,6592,59453,14/01/2019,07:14:16,15,0,29.2,1.0,16.9,16.6,2,1,1.00,CYCLE,S
IND,208,6592,59453,14/01/2019,07:14:27,15,0,27.7,1.0,11.5,11.4,2,1,1.00,CYCLE,S
IND,208,6592,59453,14/01/2019,07:14:33,15,0,25.1,1.0,5.8,5.7,2,1,1.00,CYCLE,S
IND,208,6592,59453,14/01/2019,07:14:44,15,0,30.4,1.0,11.3,11.2,2,1,1.00,CYCLE,S
IND,208,6592,59453,14/01/2019,07:14:46,15,0,28.5,1.0,1.5,1.4,2,1,1.00,CYCLE,S
IND,208,6592,59453,14/01/2019,07:14:48,15,0,29.0,1.0,1.7,1.6,2,1,1.00,CYCLE,S
IND,208,6592,59453,14/01/2019,07:14:50,15,0,27.5,1.1,2.2,2.1,2,1,1.00,CYCLE,S
IND,208,6592,59453,14/01/2019,07:14:52,15,0,27.8,1.0,2.0,1.8,2,1,1.00,CYCLE,S
IND,208,6592,59453,14/01/2019,07:14:53,15,0,27.7,1.0,1.5,1.4,2,1,1.00,CYCLE,S
IND,208,6592,59453,14/01/2019,07:14:54,15,0,24.0,1.1,0.3,0.2,2,1,1.00,CYCLE,S
IND,208,6592,59453,14/01/2019,07:14:58,15,0,22.2,1.1,4.0,3.9,2,1,1.00,CYCLE,S
IND,208,6592,59453,14/01/2019,07:14:59,15,0,22.2,1.0,1.2,1.0,2,1,1.00,CYCLE,S
IND,208,6592,59453,14/01/2019,07:15:00,15,0,22.4,1.1,1.0,0.9,2,1,1.00,CYCLE,S
IND,208,6592,59453,14/01/2019,07:15:01,15,0,20.4,1.0,1.2,1.0,2,1,1.00,CYCLE,S
IND,208,6592,59453,14/01/2019,07:15:02,15,0,21.1,1.0,0.8,0.6,2,1,1.00,CYCLE,S
IND,208,6592,59453,14/01/2019,07:15:23,15,0,24.7,1.0,21.1,20.9,2,1,1.00,CYCLE,S
IND,208,6592,59453,14/01/2019,07:15:25,15,0,21.3,1.1,2.2,2.1,2,1,1.00,CYCLE,S
IND,208,6592,59452,14/01/2019,07:15:44,15,1,26.2,1.0,1.2,1.1,2,1,1.00,CYCLE,N
IND,208,6592,59453,14/01/2019,07:15:47,15,0,18.6,1.1,22.0,21.9,2,1,1.00,CYCLE,S
IND,208,6592,59452,14/01/2019,07:15:50,15,1,20.5,1.0,6.3,6.2,2,1,1.00,CYCLE,N
IND,208,6592,59453,14/01/2019,07:15:53,15,0,27.6,1.1,5.9,5.7,2,1,1.00,CYCLE,S
IND,208,6592,59453,14/01/2019,07:15:57,15,0,28.4,1.0,4.3,4.1,2,1,1.00,CYCLE,S
IND,208,6592,59453,14/01/2019,07:15:57,15,0,35.6,1.0,0.2,0.1,2,1,1.00,CYCLE,S
IND,208,6592,59453,14/01/2019,07:15:58,15,0,26.3,1.2,0.8,0.7,2,1,1.00,CYCLE,S
IND,208,6592,59453,14/01/2019,07:16:00,15,0,23.7,1.0,1.7,1.5,2,1,1.00,CYCLE,S
IND,208,6592,59453,14/01/2019,07:16:03,15,0,23.3,1.1,2.8,2.6,2,1,1.00,CYCLE,S
IND,208,6592,59453,14/01/2019,07:16:06,15,0,28.4,1.1,3.1,2.9,2,1,1.00,CYCLE,S
IND,208,6592,59453,14/01/2019,07:16:08,15,0,22.7,1.1,2.1,2.0,2,1,1.00,CYCLE,S
IND,208,6592,59453,14/01/2019,07:16:09,15,0,22.4,1.1,1.1,1.0,2,1,1.00,CYCLE,S
IND,208,6592,59453,14/01/2019,07:16:10,15,0,23.1,0.8,1.0,0.8,2,1,1.00,CYCLE,S
IND,208,6592,59453,14/01/2019,07:16:38,15,0,19.4,1.1,27.9,27.8,2,1,1.00,CYCLE,S
IND,208,6592,59453,14/01/2019,07:16:40,15,0,33.8,1.0,2.3,2.2,2,1,1.00,CYCLE,S
IND,208,6592,59453,14/01/2019,07:16:44,15,0,31.8,1.1,3.4,3.3,2,1,1.00,CYCLE,S
IND,208,6592,59453,14/01/2019,07:16:44,15,0,20.5,1.1,0.7,0.6,2,1,1.00,CYCLE,S
IND,208,6592,59453,14/01/2019,07:16:46,15,0,34.9,1.0,1.1,0.9,2,1,1.00,CYCLE,S
IND,208,6592,59453,14/01/2019,07:16:47,15,0,29.0,1.0,1.5,1.4,2,1,1.00,CYCLE,S
IND,208,6592,59453,14/01/2019,07:16:47,15,0,30.7,1.0,0.4,0.3,2,1,1.00,CYCLE,S
IND,208,6592,59453,14/01/2019,07:16:49,15,0,30.2,1.1,1.4,1.3,2,1,1.00,CYCLE,S
IND,208,6592,59453,14/01/2019,07:16:50,15,0,28.2,1.0,1.1,1.0,2,1,1.00,CYCLE,S
IND,208,6592,59453,14/01/2019,07:16:58,15,0,26.6,1.0,7.5,7.4,2,1,1.00,CYCLE,S
IND,208,6592,59453,14/01/2019,07:16:58,15,0,34.4,1.0,0.7,0.6,2,1,0.80,CYCLE,S
IND,208,6592,59453,14/01/2019,07:16:59,15,0,21.4,1.1,1.1,0.9,2,1,1.00,CYCLE,S
IND,208,6592,59453,14/01/2019,07:17:01,15,0,23.5,1.1,1.4,1.2,2,1,1.00,CYCLE,S
IND,208,6592,59453,14/01/2019,07:17:01,15,0,22.3,1.0,0.5,0.3,2,1,1.00,CYCLE,S
IND,208,6592,59453,14/01/2019,07:17:02,15,0,22.6,1.1,0.4,0.3,2,1,1.00,CYCLE,S
IND,208,6592,59453,14/01/2019,07:17:03,15,0,21.3,1.0,1.0,0.8,2,1,1.00,CYCLE,S
IND,208,6592,59453,14/01/2019,07:17:03,15,0,27.8,1.0,0.5,0.4,2,1,0.50,CYCLE,S
IND,208,6592,59452,14/01/2019,07:17:03,15,1,27.8,1.0,0.0,0.0,2,1,0.50,CYCLE,N
IND,208,6592,59453,14/01/2019,07:17:04,15,0,25.1,1.0,0.9,0.5,2,1,1.00,CYCLE,S
IND,208,6592,59453,14/01/2019,07:17:05,15,0,22.0,1.0,0.7,0.5,2,1,1.00,CYCLE,S
IND,208,6592,59453,14/01/2019,07:17:05,15,0,23.5,1.1,0.7,0.5,2,1,1.00,CYCLE,S
IND,208,6592,59453,14/01/2019,07:17:06,15,0,23.7,1.0,0.4,0.3,2,1,1.00,CYCLE,S
IND,208,6592,59453,14/01/2019,07:17:07,15,0,20.4,1.0,0.7,0.5,2,1,1.00,CYCLE,S
IND,208,6592,59453,14/01/2019,07:17:07,15,0,20.4,1.0,0.0,0.0,2,1,1.00,CYCLE,S
IND,208,6592,59453,14/01/2019,07:17:07,15,0,20.4,1.0,0.0,0.0,2,1,1.00,CYCLE,S
IND,208,6592,59453,14/01/2019,07:17:07,15,0,20.4,1.0,0.0,0.0,2,1,1.00,CYCLE,S
IND,208,6592,59453,14/01/2019,07:17:07,15,0,20.4,1.0,0.0,0.0,2,1,1.00,CYCLE,S
IND,208,6592,59453,14/01/2019,07:17:09,15,0,23.5,1.0,2.8,1.6,2,1,1.00,CYCLE,S
IND,208,6592,59453,14/01/2019,07:17:10,15,0,23.4,1.0,0.5,0.3,2,1,1.00,CYCLE,S
IND,208,6592,59453,14/01/2019,07:17:12,15,0,20.6,1.1,2.2,2.0,2,1,1.00,CYCLE,S
IND,208,6592,59453,14/01/2019,07:17:13,15,0,18.9,1.1,1.2,1.0,2,1,1.00,CYCLE,S
IND,208,6592,59453,14/01/2019,07:17:24,15,0,29.7,1.0,10.8,10.6,2,1,1.00,CYCLE,S
IND,208,6592,59453,14/01/2019,07:17:27,15,0,27.3,1.0,3.5,3.4,2,1,1.00,CYCLE,S
IND,208,6592,59453,14/01/2019,07:17:33,15,0,32.6,1.0,5.1,5.0,2,1,1.00,CYCLE,S
IND,208,6592,59453,14/01/2019,07:17:48,15,0,26.7,1.0,15.2,15.1,2,1,1.00,CYCLE,S
IND,208,6592,59453,14/01/2019,07:17:59,15,0,38.1,1.0,11.3,11.2,2,1,1.00,CYCLE,S
IND,208,6592,59453,14/01/2019,07:18:02,15,0,29.0,1.0,2.4,2.3,2,1,1.00,CYCLE,S
IND,208,6592,59453,14/01/2019,07:18:03,15,0,30.3,1.1,1.9,1.8,2,1,1.00,CYCLE,S
IND,208,6592,59453,14/01/2019,07:18:04,15,0,42.4,1.0,0.2,0.0,2,1,1.00,CYCLE,S
IND,208,6592,59453,14/01/2019,07:18:04,15,0,27.1,1.0,0.5,0.4,2,1,1.00,CYCLE,S
IND,208,6592,59453,14/01/2019,07:18:05,15,0,28.1,1.0,0.7,0.6,2,1,1.00,CYCLE,S
IND,208,6592,59453,14/01/2019,07:18:07,15,0,33.3,1.0,1.7,1.6,2,1,1.00,CYCLE,S
IND,208,6592,59453,14/01/2019,07:18:10,15,0,31.7,1.0,3.2,3.0,2,1,0.29,CYCLE,S
IND,208,6592,59453,14/01/2019,07:18:10,15,0,31.7,1.0,0.0,0.0,2,1,0.29,CYCLE,S
IND,208,6592,59453,14/01/2019,07:18:10,15,0,32.0,1.1,0.6,0.4,2,1,1.00,CYCLE,S
IND,208,6592,59453,14/01/2019,07:18:11,15,0,28.6,1.0,1.0,0.9,2,1,1.00,CYCLE,S
IND,208,6592,59453,14/01/2019,07:18:16,15,0,27.6,1.1,4.8,4.7,2,1,1.00,CYCLE,S
IND,208,6592,59453,14/01/2019,07:18:45,15,0,31.7,1.0,29.3,29.2,2,1,1.00,CYCLE,S
IND,208,6592,59453,14/01/2019,07:18:48,15,0,31.3,1.0,2.5,2.4,2,1,1.00,CYCLE,S
IND,208,6592,59453,14/01/2019,07:18:50,15,0,29.3,1.0,2.2,2.1,2,1,1.00,CYCLE,S
IND,208,6592,59453,14/01/2019,07:18:54,15,0,26.1,1.0,3.7,3.5,2,1,1.00,CYCLE,S
IND,208,6592,59453,14/01/2019,07:18:58,15,0,26.2,1.1,3.9,3.7,2,1,1.00,CYCLE,S
IND,208,6592,59453,14/01/2019,07:18:58,15,0,23.4,1.0,0.4,0.2,2,1,1.00,CYCLE,S
IND,208,6592,59453,14/01/2019,07:18:58,15,0,23.4,1.0,0.0,0.0,2,1,1.00,CYCLE,S
IND,208,6592,59453,14/01/2019,07:18:59,15,0,27.2,1.1,1.3,1.0,2,1,1.00,CYCLE,S
IND,208,6592,59453,14/01/2019,07:19:00,15,0,24.7,1.1,0.4,0.2,2,1,1.00,CYCLE,S
IND,208,6592,59453,14/01/2019,07:19:01,15,0,24.6,1.0,1.2,1.0,2,1,1.00,CYCLE,S
IND,208,6592,59453,14/01/2019,07:19:01,15,0,24.6,1.0,0.0,0.0,2,1,1.00,CYCLE,S
IND,208,6592,59453,14/01/2019,07:19:03,15,0,26.8,1.0,1.9,1.6,2,1,0.50,CYCLE,S
IND,208,6592,59452,14/01/2019,07:19:03,15,1,26.8,1.0,0.0,0.0,2,1,0.50,CYCLE,N
IND,208,6592,59453,14/01/2019,07:19:06,15,0,21.8,1.0,2.9,2.7,2,1,1.00,CYCLE,S
IND,208,6592,59453,14/01/2019,07:19:07,15,0,21.6,1.1,0.9,0.7,2,1,1.00,CYCLE,S
IND,208,6592,59453,14/01/2019,07:19:08,15,0,20.8,1.1,1.5,1.3,2,1,1.00,CYCLE,S
IND,208,6592,59453,14/01/2019,07:19:11,15,0,20.2,1.0,2.6,2.4,2,1,1.00,CYCLE,S
IND,208,6592,59453,14/01/2019,07:19:20,15,0,32.0,1.1,9.0,8.8,2,1,1.00,CYCLE,S
IND,208,6592,59453,14/01/2019,07:19:27,15,0,28.8,1.1,7.3,7.2,2,1,1.00,CYCLE,S
IND,208,6592,59453,14/01/2019,07:19:29,15,0,28.0,1.0,1.8,1.6,2,1,0.50,CYCLE,S
IND,208,6592,59452,14/01/2019,07:19:29,15,1,28.0,1.0,0.0,0.0,2,1,0.50,CYCLE,N
IND,208,6592,59453,14/01/2019,07:19:33,15,0,17.1,1.1,3.8,3.6,2,1,1.00,CYCLE,S
IND,208,6592,59453,14/01/2019,07:19:35,15,0,21.7,1.1,2.5,2.2,2,1,1.00,CYCLE,S
IND,208,6592,59453,14/01/2019,07:20:40,15,0,32.0,1.0,65.2,65.0,2,1,1.00,CYCLE,S
IND,208,6592,59453,14/01/2019,07:20:54,15,0,30.3,1.0,14.1,14.0,2,1,1.00,CYCLE,S
IND,208,6592,59453,14/01/2019,07:20:57,15,0,26.7,1.0,2.5,2.4,2,1,1.00,CYCLE,S
IND,208,6592,59453,14/01/2019,07:20:59,15,0,25.2,1.1,2.2,2.0,2,1,1.00,CYCLE,S
IND,208,6592,59453,14/01/2019,07:21:01,15,0,23.1,1.1,2.4,2.3,2,1,1.00,CYCLE,S
IND,208,6592,59453,14/01/2019,07:21:05,15,0,27.0,1.1,3.3,3.1,2,1,1.00,CYCLE,S
IND,208,6592,59453,14/01/2019,07:21:07,15,0,23.3,1.0,2.1,2.0,2,1,1.00,CYCLE,S
IND,208,6592,59453,14/01/2019,07:21:08,15,0,30.0,1.0,0.7,0.6,2,1,1.00,CYCLE,S
IND,208,6592,59453,14/01/2019,07:21:09,15,0,26.0,1.0,1.5,1.4,2,1,1.00,CYCLE,S
IND,208,6592,59453,14/01/2019,07:21:10,15,0,25.1,1.0,1.1,1.0,2,1,1.00,CYCLE,S
IND,208,6592,59453,14/01/2019,07:21:11,15,0,24.8,1.1,0.6,0.4,2,1,1.00,CYCLE,S
IND,208,6592,59453,14/01/2019,07:21:12,15,0,23.8,1.0,1.2,1.0,2,1,1.00,CYCLE,S
IND,208,6592,59453,14/01/2019,07:21:14,15,0,26.0,1.0,1.5,1.4,2,1,1.00,CYCLE,S
IND,208,6592,59453,14/01/2019,07:21:14,15,0,25.8,1.0,0.6,0.5,2,1,1.00,CYCLE,S
IND,208,6592,59453,14/01/2019,07:21:14,15,0,20.6,1.0,0.3,0.2,2,1,1.00,CYCLE,S
IND,208,6592,59453,14/01/2019,07:21:17,15,0,26.1,1.0,2.1,1.9,2,1,1.00,CYCLE,S
IND,208,6592,59453,14/01/2019,07:21:19,15,0,23.7,1.0,2.4,2.3,2,1,1.00,CYCLE,S
IND,208,6592,59453,14/01/2019,07:21:36,15,0,32.9,1.0,17.0,16.8,2,1,1.00,CYCLE,S
IND,208,6592,59453,14/01/2019,07:21:38,15,0,28.3,1.0,2.2,2.1,2,1,1.00,CYCLE,S
IND,208,6592,59453,14/01/2019,07:21:43,15,0,29.9,1.0,4.8,4.6,2,1,1.00,CYCLE,S
IND,208,6592,59453,14/01/2019,07:21:43,15,0,30.7,1.0,0.4,0.3,2,1,1.00,CYCLE,S
IND,208,6592,59452,14/01/2019,07:21:44,15,1,23.7,1.1,289.3,289.4,2,1,1.00,CYCLE,N
IND,208,6592,59453,14/01/2019,07:21:44,15,0,33.8,1.0,0.8,0.7,2,1,1.00,CYCLE,S
IND,208,6592,59452,14/01/2019,07:21:45,15,1,25.9,1.0,1.7,1.6,2,1,1.00,CYCLE,N
IND,208,6592,59452,14/01/2019,07:21:47,15,1,25.8,1.0,1.2,1.0,2,1,1.00,CYCLE,N
IND,208,6592,59453,14/01/2019,07:21:47,15,0,29.1,1.0,3.0,2.4,2,1,1.00,CYCLE,S
IND,208,6592,59453,14/01/2019,07:21:49,15,0,30.4,1.1,1.3,1.2,2,1,1.00,CYCLE,S
IND,208,6592,59453,14/01/2019,07:21:49,15,0,29.2,1.0,0.8,0.6,2,1,1.00,CYCLE,S
IND,208,6592,59453,14/01/2019,07:21:51,15,0,28.5,1.1,1.2,1.1,2,1,1.00,CYCLE,S
IND,208,6592,59453,14/01/2019,07:21:52,15,0,29.0,1.1,1.8,1.6,2,1,1.00,CYCLE,S
IND,208,6592,59453,14/01/2019,07:21:53,15,0,22.3,1.0,0.8,0.6,2,1,1.00,CYCLE,S
IND,208,6592,59453,14/01/2019,07:22:02,15,0,27.4,1.2,9.2,9.1,2,1,1.00,CYCLE,S
IND,208,6592,59453,14/01/2019,07:22:10,15,0,28.6,1.1,8.0,7.9,2,1,1.00,CYCLE,S
IND,208,6592,59453,14/01/2019,07:22:11,15,0,28.3,1.0,0.6,0.5,2,1,1.00,CYCLE,S
IND,208,6592,59453,14/01/2019,07:22:11,15,0,28.3,1.0,0.3,0.1,2,1,1.00,CYCLE,S
IND,208,6592,59453,14/01/2019,07:22:12,15,0,29.8,1.0,0.4,0.3,2,1,1.00,CYCLE,S
IND,208,6592,59453,14/01/2019,07:22:13,15,0,31.0,1.0,1.3,1.2,2,1,1.00,CYCLE,S
IND,208,6592,59453,14/01/2019,07:22:49,15,0,29.6,1.0,36.3,36.1,2,1,1.00,CYCLE,S
IND,208,6592,59453,14/01/2019,07:22:54,15,0,23.4,1.0,4.9,4.8,2,1,1.00,CYCLE,S
IND,208,6592,59453,14/01/2019,07:22:55,15,0,34.4,1.1,0.6,0.4,2,1,1.00,CYCLE,S
IND,208,6592,59453,14/01/2019,07:22:55,15,0,23.5,1.0,0.7,0.6,2,1,1.00,CYCLE,S
IND,208,6592,59453,14/01/2019,07:22:59,15,0,29.2,1.0,3.2,3.1,2,1,1.00,CYCLE,S
IND,208,6592,59453,14/01/2019,07:23:00,15,0,20.8,1.1,1.6,1.4,2,1,1.00,CYCLE,S
IND,208,6592,59453,14/01/2019,07:23:01,15,0,26.6,1.0,1.1,0.9,2,1,1.00,CYCLE,S
IND,208,6592,59453,14/01/2019,07:23:25,15,0,33.0,1.0,23.6,23.4,2,1,1.00,CYCLE,S
IND,208,6592,59453,14/01/2019,07:23:29,15,0,32.5,1.0,3.7,3.6,2,1,1.00,CYCLE,S
IND,208,6592,59453,14/01/2019,07:23:30,15,0,33.0,1.0,1.1,1.0,2,1,1.00,CYCLE,S
IND,208,6592,59453,14/01/2019,07:23:33,15,0,28.2,1.1,3.2,3.1,2,1,1.00,CYCLE,S
IND,208,6592,59453,14/01/2019,07:23:36,15,0,25.5,1.0,2.6,2.5,2,1,1.00,CYCLE,S
IND,208,6592,59453,14/01/2019,07:23:38,15,0,36.6,1.0,2.2,2.0,2,1,1.00,CYCLE,S
IND,208,6592,59453,14/01/2019,07:23:38,15,0,28.5,1.0,0.4,0.3,2,1,1.00,CYCLE,S
IND,208,6592,59453,14/01/2019,07:23:39,15,0,28.3,1.1,0.6,0.5,2,1,1.00,CYCLE,S
IND,208,6592,59453,14/01/2019,07:23:41,15,0,28.5,1.1,1.9,1.8,2,1,1.00,CYCLE,S
IND,208,6592,59453,14/01/2019,07:23:50,15,0,34.6,1.1,9.7,9.5,2,1,1.00,CYCLE,S
IND,208,6592,59453,14/01/2019,07:23:52,15,0,29.4,1.0,2.0,1.9,2,1,1.00,CYCLE,S
IND,208,6592,59453,14/01/2019,07:23:53,15,0,31.4,1.0,0.4,0.3,2,1,1.00,CYCLE,S
IND,208,6592,59453,14/01/2019,07:23:55,15,0,26.1,1.1,1.9,1.8,2,1,1.00,CYCLE,S
IND,208,6592,59453,14/01/2019,07:24:03,15,0,24.6,1.0,8.0,7.9,2,1,1.00,CYCLE,S
IND,208,6592,59453,14/01/2019,07:24:06,15,0,24.2,1.1,3.5,3.3,2,1,1.00,CYCLE,S
IND,208,6592,59453,14/01/2019,07:24:20,15,0,26.5,1.1,13.4,13.2,2,1,1.00,CYCLE,S
IND,208,6592,59452,14/01/2019,07:24:21,15,1,29.9,1.0,154.3,154.1,2,1,1.00,CYCLE,N
IND,208,6592,59453,14/01/2019,07:24:32,15,0,24.2,1.1,12.5,12.4,2,1,1.00,CYCLE,S
IND,208,6592,59453,14/01/2019,07:24:51,15,0,32.4,1.0,19.3,19.1,2,1,1.00,CYCLE,S
IND,208,6592,59453,14/01/2019,07:24:52,15,0,23.8,1.1,0.5,0.4,2,1,1.00,CYCLE,S
IND,208,6592,59453,14/01/2019,07:24:53,15,0,30.8,1.0,0.9,0.7,2,1,1.00,CYCLE,S
IND,208,6592,59453,14/01/2019,07:24:54,15,0,24.5,1.1,1.0,0.8,2,1,1.00,CYCLE,S
IND,208,6592,59453,14/01/2019,07:24:54,15,0,24.3,1.1,0.4,0.3,2,1,1.00,CYCLE,S
IND,208,6592,59453,14/01/2019,07:24:55,15,0,23.9,1.0,0.4,0.3,2,1,1.00,CYCLE,S
IND,208,6592,59453,14/01/2019,07:24:57,15,0,25.8,1.0,1.9,1.8,2,1,1.00,CYCLE,S
IND,208,6592,59453,14/01/2019,07:24:59,15,0,23.1,1.0,2.8,2.7,2,1,1.00,CYCLE,S
IND,208,6592,59453,14/01/2019,07:25:00,15,0,24.4,1.1,0.4,0.3,2,1,1.00,CYCLE,S
IND,208,6592,59453,14/01/2019,07:25:01,15,0,19.0,1.0,1.2,1.0,2,1,1.00,CYCLE,S
IND,208,6592,59453,14/01/2019,07:25:01,15,0,19.0,1.0,0.0,0.0,2,1,1.00,CYCLE,S
IND,208,6592,59453,14/01/2019,07:25:02,15,0,21.4,1.1,1.5,1.2,2,1,1.00,CYCLE,S
IND,208,6592,59453,14/01/2019,07:25:03,15,0,23.6,1.0,0.9,0.7,2,1,1.00,CYCLE,S
IND,208,6592,59453,14/01/2019,07:25:09,15,0,21.9,1.1,5.2,5.1,2,1,1.00,CYCLE,S
IND,208,6592,59453,14/01/2019,07:25:29,15,0,27.8,1.1,20.6,20.4,2,1,1.00,CYCLE,S
IND,208,6592,59453,14/01/2019,07:25:30,15,0,25.1,1.0,1.3,1.2,2,1,1.00,CYCLE,S
IND,208,6592,59453,14/01/2019,07:25:32,15,0,27.6,1.1,1.4,1.2,2,1,1.00,CYCLE,S
IND,208,6592,59453,14/01/2019,07:25:32,15,0,28.7,1.0,0.5,0.4,2,1,1.00,CYCLE,S
IND,208,6592,59453,14/01/2019,07:25:39,15,0,27.9,1.1,7.0,6.9,2,1,1.00,CYCLE,S
IND,208,6592,59453,14/01/2019,07:25:43,15,0,29.3,1.0,3.5,3.3,2,1,1.00,CYCLE,S
IND,208,6592,59453,14/01/2019,07:25:48,15,0,29.0,1.0,5.6,5.5,2,1,1.00,CYCLE,S
IND,208,6592,59453,14/01/2019,07:25:52,15,0,38.1,1.0,4.0,3.9,2,1,1.00,CYCLE,S
IND,208,6592,59453,14/01/2019,07:25:53,15,0,30.3,1.1,0.6,0.5,2,1,1.00,CYCLE,S
IND,208,6592,59453,14/01/2019,07:25:54,15,0,25.2,1.1,1.4,1.3,2,1,1.00,CYCLE,S
IND,208,6592,59452,14/01/2019,07:25:56,15,1,27.8,1.1,95.4,95.2,2,1,1.00,CYCLE,N
IND,208,6592,59452,14/01/2019,07:25:57,15,1,24.7,1.1,1.2,1.1,2,1,1.00,CYCLE,N
IND,208,6592,59453,14/01/2019,07:26:01,15,0,23.2,1.1,6.6,6.5,2,1,1.00,CYCLE,S
IND,208,6592,59453,14/01/2019,07:26:15,15,0,26.6,1.0,13.9,13.7,2,1,1.00,CYCLE,S
IND,208,6592,59453,14/01/2019,07:26:16,15,0,30.3,1.0,1.1,0.9,2,1,1.00,CYCLE,S
IND,208,6592,59453,14/01/2019,07:26:17,15,0,26.0,1.0,1.0,0.9,2,1,1.00,CYCLE,S
IND,208,6592,59453,14/01/2019,07:26:19,15,0,27.5,1.0,2.2,2.1,2,1,1.00,CYCLE,S
IND,208,6592,59453,14/01/2019,07:26:24,15,0,3.5,1.0,4.6,4.4,2,1,0.20,CYCLE,S
IND,208,6592,59453,14/01/2019,07:26:26,15,0,21.1,1.1,2.2,1.1,2,1,1.00,CYCLE,S
IND,208,6592,59453,14/01/2019,07:26:28,15,0,27.1,1.1,1.8,1.6,2,1,1.00,CYCLE,S
IND,208,6592,59452,14/01/2019,07:26:46,15,1,28.8,1.0,48.5,48.4,2,1,1.00,CYCLE,N
IND,208,6592,59453,14/01/2019,07:27:07,15,0,30.7,1.0,39.6,39.5,2,1,1.00,CYCLE,S
IND,208,6592,59453,14/01/2019,07:27:08,15,0,22.0,1.1,0.5,0.4,2,1,1.00,CYCLE,S
IND,208,6592,59453,14/01/2019,07:27:13,15,0,24.7,1.1,5.1,4.9,2,1,1.00,CYCLE,S
IND,208,6592,59453,14/01/2019,07:27:15,15,0,27.7,1.0,2.0,1.8,2,1,1.00,CYCLE,S
IND,208,6592,59453,14/01/2019,07:27:16,15,0,24.6,1.1,0.9,0.8,2,1,1.00,CYCLE,S
IND,208,6592,59453,14/01/2019,07:27:16,15,0,27.5,1.1,0.3,0.1,2,1,1.00,CYCLE,S
IND,208,6592,59453,14/01/2019,07:27:17,15,0,23.6,1.1,0.8,0.6,2,1,1.00,CYCLE,S
IND,208,6592,59453,14/01/2019,07:27:17,15,0,27.4,1.0,0.4,0.2,2,1,1.00,CYCLE,S
IND,208,6592,59453,14/01/2019,07:27:18,15,0,25.7,1.0,0.9,0.8,2,1,1.00,CYCLE,S
IND,208,6592,59453,14/01/2019,07:27:19,15,0,22.1,1.0,1.1,0.9,2,1,0.80,CYCLE,S
IND,208,6592,59453,14/01/2019,07:27:20,15,0,27.7,1.1,0.6,0.4,2,1,1.00,CYCLE,S
IND,208,6592,59453,14/01/2019,07:27:25,15,0,23.2,1.0,5.0,4.9,2,1,1.00,CYCLE,S
IND,208,6592,59453,14/01/2019,07:27:27,15,0,26.4,1.0,1.6,1.4,2,1,1.00,CYCLE,S
IND,208,6592,59453,14/01/2019,07:27:28,15,0,22.9,1.0,1.1,0.9,2,1,1.00,CYCLE,S
IND,208,6592,59453,14/01/2019,07:27:37,15,0,33.2,1.0,9.1,8.9,2,1,1.00,CYCLE,S
IND,208,6592,59453,14/01/2019,07:27:42,15,0,32.6,1.0,5.8,5.7,2,1,1.00,CYCLE,S
IND,208,6592,59453,14/01/2019,07:27:47,15,0,24.9,1.0,4.2,4.1,2,1,1.00,CYCLE,S
IND,208,6592,59453,14/01/2019,07:27:47,15,0,28.2,1.0,0.4,0.2,2,1,1.00,CYCLE,S
IND,208,6592,59453,14/01/2019,07:27:47,15,0,28.5,1.0,0.4,0.2,2,1,1.00,CYCLE,S
IND,208,6592,59453,14/01/2019,07:27:48,15,0,24.8,1.0,0.2,0.1,2,1,1.00,CYCLE,S
IND,208,6592,59453,14/01/2019,07:27:48,15,0,27.0,1.0,0.6,0.5,2,1,1.00,CYCLE,S
IND,208,6592,59453,14/01/2019,07:27:50,15,0,24.8,1.0,1.5,1.9,2,1,0.80,CYCLE,S
IND,208,6592,59453,14/01/2019,07:27:53,15,0,21.4,1.1,3.2,2.6,2,1,1.00,CYCLE,S
IND,208,6592,59453,14/01/2019,07:28:04,15,0,25.9,1.0,11.4,11.2,2,1,1.00,CYCLE,S
IND,208,6592,59453,14/01/2019,07:28:09,15,0,35.3,1.0,4.9,4.8,2,1,1.00,CYCLE,S
IND,208,6592,59453,14/01/2019,07:28:10,15,0,23.2,1.0,0.6,0.4,2,1,1.00,CYCLE,S
IND,208,6592,59453,14/01/2019,07:28:12,15,0,27.2,1.1,2.1,2.0,2,1,1.00,CYCLE,S
IND,208,6592,59453,14/01/2019,07:28:14,15,0,23.4,1.1,2.5,2.4,2,1,1.00,CYCLE,S
IND,208,6592,59453,14/01/2019,07:28:15,15,0,23.5,1.1,0.9,0.7,2,1,1.00,CYCLE,S
IND,208,6592,59453,14/01/2019,07:28:16,15,0,23.2,1.0,0.8,0.6,2,1,1.00,CYCLE,S
IND,208,6592,59452,14/01/2019,07:28:37,15,1,27.5,1.0,111.2,111.1,2,1,1.00,CYCLE,N
IND,208,6592,59453,14/01/2019,07:29:23,15,0,24.0,1.1,67.1,67.0,2,1,1.00,CYCLE,S
IND,208,6592,59453,14/01/2019,07:29:24,15,0,30.8,1.1,0.4,0.3,2,1,1.00,CYCLE,S
IND,208,6592,59453,14/01/2019,07:29:24,15,0,25.7,1.1,0.3,0.2,2,1,1.00,CYCLE,S
IND,208,6592,59453,14/01/2019,07:29:25,15,0,28.0,1.1,0.6,0.5,2,1,1.00,CYCLE,S
IND,208,6592,59453,14/01/2019,07:29:27,15,0,25.3,1.0,2.7,2.6,2,1,1.00,CYCLE,S
IND,208,6592,59453,14/01/2019,07:29:28,15,0,22.9,1.0,0.2,0.1,2,1,1.00,CYCLE,S
IND,208,6592,59453,14/01/2019,07:29:32,15,0,21.3,1.0,4.2,3.9,2,1,1.00,CYCLE,S
IND,208,6592,59452,14/01/2019,07:29:34,15,1,26.0,1.0,57.0,56.9,2,1,0.80,CYCLE,N
IND,208,6592,59452,14/01/2019,07:29:34,15,1,26.0,1.0,0.0,0.0,2,1,0.80,CYCLE,N
IND,208,6592,59453,14/01/2019,07:29:35,15,0,26.1,1.1,2.3,1.5,2,1,1.00,CYCLE,S
IND,208,6592,59453,14/01/2019,07:29:36,15,0,25.3,1.0,0.7,0.6,2,1,0.50,CYCLE,S
IND,208,6592,59452,14/01/2019,07:29:36,15,1,25.3,1.0,0.0,0.0,2,1,0.50,CYCLE,N
IND,208,6592,59453,14/01/2019,07:29:37,15,0,20.8,1.1,0.9,0.6,2,1,1.00,CYCLE,S
IND,208,6592,59453,14/01/2019,07:29:41,15,0,40.1,1.0,4.1,3.9,2,1,1.00,CYCLE,S
IND,208,6592,59453,14/01/2019,07:29:43,15,0,37.9,1.0,1.9,1.8,2,1,1.00,CYCLE,S
IND,208,6592,59453,14/01/2019,07:29:43,15,0,36.1,1.1,0.8,0.7,2,1,1.00,CYCLE,S
IND,208,6592,59453,14/01/2019,07:29:46,15,0,28.7,1.1,3.0,2.8,2,1,1.00,CYCLE,S
IND,208,6592,59453,14/01/2019,07:29:47,15,0,29.3,1.0,0.5,0.3,2,1,1.00,CYCLE,S
IND,208,6592,59453,14/01/2019,07:29:48,15,0,33.6,1.1,1.7,1.6,2,1,1.00,CYCLE,S
IND,208,6592,59453,14/01/2019,07:29:51,15,0,32.2,1.0,2.3,2.2,2,1,1.00,CYCLE,S
IND,208,6592,59453,14/01/2019,07:29:54,15,0,25.4,1.1,3.2,3.1,2,1,1.00,CYCLE,S
IND,208,6592,59453,14/01/2019,07:29:58,15,0,28.8,1.0,4.4,4.2,2,1,1.00,CYCLE,S
IND,208,6592,59453,14/01/2019,07:30:11,15,0,31.3,1.0,12.5,12.4,2,1,1.00,CYCLE,S
IND,208,6592,59453,14/01/2019,07:30:12,15,0,34.0,1.0,0.7,0.6,2,1,1.00,CYCLE,S
IND,208,6592,59453,14/01/2019,07:30:21,15,0,29.4,1.1,9.4,9.3,2,1,1.00,CYCLE,S
IND,208,6592,59453,14/01/2019,07:30:24,15,0,29.4,1.0,3.4,3.3,2,1,1.00,CYCLE,S
IND,208,6592,59453,14/01/2019,07:30:55,15,0,40.5,1.2,30.3,30.2,2,1,1.00,CYCLE,S
IND,208,6592,59453,14/01/2019,07:31:16,15,0,28.1,1.1,21.6,21.5,2,1,1.00,CYCLE,S
IND,208,6592,59453,14/01/2019,07:31:18,15,0,28.3,1.0,1.7,1.5,2,1,1.00,CYCLE,S
IND,208,6592,59453,14/01/2019,07:31:25,15,0,26.7,1.1,6.5,6.3,2,1,1.00,CYCLE,S
IND,208,6592,59453,14/01/2019,07:31:25,15,0,26.2,1.1,0.4,0.3,2,1,1.00,CYCLE,S
IND,208,6592,59452,14/01/2019,07:31:25,15,1,22.6,1.1,111.0,110.9,2,1,1.00,CYCLE,N
IND,208,6592,59453,14/01/2019,07:31:27,15,0,26.0,1.0,2.4,2.3,2,1,0.75,CYCLE,S
IND,208,6592,59453,14/01/2019,07:31:30,15,0,21.9,1.0,2.4,2.2,2,1,1.00,CYCLE,S
IND,208,6592,59453,14/01/2019,07:31:32,15,0,22.7,1.1,2.8,2.6,2,1,1.00,CYCLE,S
IND,208,6592,59453,14/01/2019,07:31:50,15,0,26.8,1.0,17.9,17.7,2,1,1.00,CYCLE,S
IND,208,6592,59453,14/01/2019,07:31:52,15,0,32.3,1.0,1.4,1.2,2,1,1.00,CYCLE,S
IND,208,6592,59453,14/01/2019,07:31:52,15,0,32.5,1.0,0.4,0.3,2,1,1.00,CYCLE,S
IND,208,6592,59453,14/01/2019,07:31:53,15,0,33.3,1.0,1.1,1.0,2,1,1.00,CYCLE,S
IND,208,6592,59453,14/01/2019,07:31:54,15,0,24.4,1.1,0.4,0.3,2,1,1.00,CYCLE,S
IND,208,6592,59453,14/01/2019,07:31:55,15,0,28.8,1.1,0.8,0.7,2,1,1.00,CYCLE,S
IND,208,6592,59453,14/01/2019,07:31:55,15,0,26.3,1.0,0.9,0.7,2,1,1.00,CYCLE,S
IND,208,6592,59453,14/01/2019,07:31:57,15,0,32.3,1.0,1.3,1.2,2,1,1.00,CYCLE,S
IND,208,6592,59453,14/01/2019,07:31:57,15,0,30.4,1.0,0.4,0.3,2,1,1.00,CYCLE,S
IND,208,6592,59453,14/01/2019,07:31:58,15,0,25.7,1.0,1.2,1.0,2,1,1.00,CYCLE,S
IND,208,6592,59453,14/01/2019,07:32:02,15,0,26.2,1.1,4.1,4.0,2,1,1.00,CYCLE,S
IND,208,6592,59453,14/01/2019,07:32:03,15,0,33.2,1.0,1.0,0.9,2,1,1.00,CYCLE,S
IND,208,6592,59453,14/01/2019,07:32:07,15,0,17.0,1.0,3.5,3.3,2,1,0.25,CYCLE,S
IND,208,6592,59453,14/01/2019,07:32:07,15,0,17.0,1.0,0.0,0.0,2,1,0.25,CYCLE,S
IND,208,6592,59453,14/01/2019,07:32:23,15,0,42.9,1.1,16.0,15.5,2,1,1.00,CYCLE,S
IND,208,6592,59452,14/01/2019,07:32:41,15,1,29.4,1.0,46.8,46.8,2,1,1.00,CYCLE,N
IND,208,6592,59453,14/01/2019,07:33:19,15,0,27.7,1.0,56.0,55.9,2,1,1.00,CYCLE,S
IND,208,6592,59453,14/01/2019,07:33:19,15,0,27.9,1.0,0.5,0.4,2,1,1.00,CYCLE,S
IND,208,6592,59453,14/01/2019,07:33:22,15,0,29.6,1.1,3.0,2.8,2,1,1.00,CYCLE,S
IND,208,6592,59453,14/01/2019,07:33:24,15,0,24.2,1.1,1.7,1.5,2,1,1.00,CYCLE,S
IND,208,6592,59453,14/01/2019,07:33:25,15,0,25.2,1.1,0.6,0.4,2,1,1.00,CYCLE,S
IND,208,6592,59453,14/01/2019,07:33:25,15,0,26.7,1.0,0.5,0.4,2,1,1.00,CYCLE,S
IND,208,6592,59453,14/01/2019,07:33:26,15,0,25.0,1.1,1.1,1.0,2,1,1.00,CYCLE,S
IND,208,6592,59453,14/01/2019,07:33:27,15,0,26.8,1.1,0.7,0.6,2,1,1.00,CYCLE,S
IND,208,6592,59453,14/01/2019,07:33:28,15,0,30.7,1.1,0.9,0.7,2,1,1.00,CYCLE,S
IND,208,6592,59453,14/01/2019,07:33:28,15,0,24.3,1.1,0.4,0.3,2,1,1.00,CYCLE,S
IND,208,6592,59453,14/01/2019,07:33:31,15,0,24.9,1.0,2.6,2.4,2,1,1.00,CYCLE,S
IND,208,6592,59453,14/01/2019,07:33:32,15,0,30.8,1.1,1.3,1.2,2,1,1.00,CYCLE,S
IND,208,6592,59453,14/01/2019,07:33:37,15,0,22.5,1.1,4.5,4.4,2,1,1.00,CYCLE,S
IND,208,6592,59453,14/01/2019,07:33:41,15,0,18.2,1.1,4.1,3.9,2,1,1.00,CYCLE,S
IND,208,6592,59453,14/01/2019,07:33:47,15,0,29.1,1.0,6.1,5.8,2,1,1.00,CYCLE,S
IND,208,6592,59453,14/01/2019,07:33:49,15,0,27.4,1.1,1.9,1.8,2,1,1.00,CYCLE,S
IND,208,6592,59453,14/01/2019,07:33:49,15,0,27.4,1.1,0.5,0.3,2,1,1.00,CYCLE,S
IND,208,6592,59453,14/01/2019,07:33:50,15,0,44.5,1.0,0.6,0.5,2,1,1.00,CYCLE,S
IND,208,6592,59453,14/01/2019,07:33:52,15,0,30.5,1.0,2.3,2.3,2,1,1.00,CYCLE,S
IND,208,6592,59453,14/01/2019,07:33:53,15,0,30.7,1.1,0.7,0.6,2,1,1.00,CYCLE,S
IND,208,6592,59453,14/01/2019,07:33:55,15,0,24.6,1.0,1.9,1.8,2,1,1.00,CYCLE,S
IND,208,6592,59453,14/01/2019,07:33:56,15,0,31.7,1.0,1.0,0.9,2,1,1.00,CYCLE,S
IND,208,6592,59453,14/01/2019,07:33:57,15,0,23.3,1.1,1.0,0.9,2,1,1.00,CYCLE,S
IND,208,6592,59453,14/01/2019,07:33:58,15,0,31.5,1.0,1.3,1.2,2,1,1.00,CYCLE,S
IND,208,6592,59453,14/01/2019,07:33:58,15,0,24.3,1.1,0.2,0.1,2,1,1.00,CYCLE,S
IND,208,6592,59453,14/01/2019,07:34:05,15,0,28.0,1.0,6.8,6.7,2,1,1.00,CYCLE,S
IND,208,6592,59453,14/01/2019,07:34:07,15,0,27.7,1.1,2.3,2.2,2,1,1.00,CYCLE,S
IND,208,6592,59453,14/01/2019,07:34:17,15,0,25.8,1.1,9.4,9.3,2,1,1.00,CYCLE,S
IND,208,6592,59453,14/01/2019,07:34:46,15,0,25.3,1.1,29.7,29.5,2,1,1.00,CYCLE,S
IND,208,6592,59453,14/01/2019,07:35:13,15,0,29.7,1.0,26.6,26.5,2,1,1.00,CYCLE,S
IND,208,6592,59453,14/01/2019,07:35:24,15,0,33.0,1.0,2.9,2.6,2,1,1.00,CYCLE,S
IND,208,6592,59453,14/01/2019,07:35:25,15,0,26.3,1.1,1.2,1.1,2,1,1.00,CYCLE,S
IND,208,6592,59453,14/01/2019,07:35:26,15,0,24.2,1.0,1.2,1.0,2,1,1.00,CYCLE,S
IND,208,6592,59453,14/01/2019,07:35:26,15,0,27.4,1.0,0.2,0.1,2,1,1.00,CYCLE,S
IND,208,6592,59453,14/01/2019,07:35:28,15,0,26.0,1.1,2.1,1.9,2,1,1.00,CYCLE,S
IND,208,6592,59453,14/01/2019,07:35:29,15,0,21.5,1.1,0.5,0.4,2,1,1.00,CYCLE,S
IND,208,6592,59453,14/01/2019,07:35:30,15,0,22.1,1.0,1.1,0.9,2,1,1.00,CYCLE,S
IND,208,6592,59453,14/01/2019,07:35:32,15,0,23.9,1.1,2.5,2.3,2,1,1.00,CYCLE,S
IND,208,6592,59453,14/01/2019,07:35:34,15,0,24.7,1.1,1.9,1.8,2,1,1.00,CYCLE,S
IND,208,6592,59453,14/01/2019,07:35:35,15,0,24.2,1.1,0.8,0.7,2,1,1.00,CYCLE,S
IND,208,6592,59453,14/01/2019,07:35:51,15,0,26.2,1.0,16.4,16.2,2,1,1.00,CYCLE,S
IND,208,6592,59453,14/01/2019,07:35:52,15,0,27.3,1.1,0.6,0.5,2,1,1.00,CYCLE,S
IND,208,6592,59453,14/01/2019,07:35:54,15,0,25.3,1.1,2.1,2.0,2,1,1.00,CYCLE,S
IND,208,6592,59453,14/01/2019,07:35:55,15,0,35.7,1.0,0.5,0.4,2,1,1.00,CYCLE,S
IND,208,6592,59453,14/01/2019,07:35:55,15,0,25.8,1.0,0.3,0.2,2,1,0.57,CYCLE,S
IND,208,6592,59453,14/01/2019,07:35:55,15,0,25.8,1.0,0.0,0.0,2,1,0.57,CYCLE,S
IND,208,6592,59453,14/01/2019,07:35:57,15,0,25.2,1.0,1.9,1.8,2,1,0.57,CYCLE,S
IND,208,6592,59453,14/01/2019,07:35:59,15,0,25.0,1.1,1.7,1.5,2,1,1.00,CYCLE,S
IND,208,6592,59453,14/01/2019,07:36:01,15,0,27.4,1.0,1.9,1.8,2,1,1.00,CYCLE,S
IND,208,6592,59453,14/01/2019,07:36:01,15,0,23.8,1.1,0.3,0.1,2,1,1.00,CYCLE,S
IND,208,6592,59453,14/01/2019,07:36:01,15,0,22.7,1.0,0.5,0.3,2,1,1.00,CYCLE,S
IND,208,6592,59453,14/01/2019,07:36:03,15,0,22.7,1.0,1.3,1.1,2,1,1.00,CYCLE,S
IND,208,6592,59453,14/01/2019,07:36:03,15,0,22.4,1.1,0.5,0.3,2,1,1.00,CYCLE,S
IND,208,6592,59453,14/01/2019,07:36:05,15,0,28.9,1.0,1.6,1.4,2,1,1.00,CYCLE,S
IND,208,6592,59453,14/01/2019,07:36:09,15,0,32.8,1.0,4.2,4.1,2,1,1.00,CYCLE,S
IND,208,6592,59453,14/01/2019,07:36:48,15,0,26.1,1.1,39.1,39.0,2,1,1.00,CYCLE,S
IND,208,6592,59453,14/01/2019,07:37:03,15,0,26.4,1.0,14.7,14.5,2,1,1.00,CYCLE,S
IND,208,6592,59453,14/01/2019,07:37:04,15,0,29.8,1.1,1.5,1.4,2,1,1.00,CYCLE,S
IND,208,6592,59453,14/01/2019,07:37:05,15,0,28.4,1.0,0.7,0.6,2,1,1.00,CYCLE,S
IND,208,6592,59453,14/01/2019,07:37:10,15,0,22.2,1.1,5.2,5.1,2,1,1.00,CYCLE,S
IND,208,6592,59453,14/01/2019,07:37:11,15,0,25.6,1.0,0.9,0.7,2,1,1.00,CYCLE,S
IND,208,6592,59453,14/01/2019,07:37:11,15,0,23.4,1.1,0.6,0.5,2,1,1.00,CYCLE,S
IND,208,6592,59453,14/01/2019,07:37:13,15,0,23.9,1.1,1.5,1.3,2,1,1.00,CYCLE,S
IND,208,6592,59453,14/01/2019,07:37:17,15,0,22.9,1.1,3.8,3.6,2,1,1.00,CYCLE,S
IND,208,6592,59453,14/01/2019,07:37:18,15,0,22.8,1.1,1.6,1.4,2,1,1.00,CYCLE,S
IND,208,6592,59453,14/01/2019,07:37:19,15,0,23.5,1.0,1.1,1.0,2,1,1.00,CYCLE,S
IND,208,6592,59453,14/01/2019,07:37:21,15,0,28.5,1.0,1.8,1.5,2,1,1.00,CYCLE,S
IND,208,6592,59453,14/01/2019,07:37:23,15,0,22.3,1.0,2.1,2.0,2,1,1.00,CYCLE,S
IND,208,6592,59453,14/01/2019,07:37:27,15,0,15.2,1.0,3.6,3.4,2,1,1.00,CYCLE,S
IND,208,6592,59453,14/01/2019,07:37:32,15,0,18.5,1.1,5.0,4.8,2,1,1.00,CYCLE,S
IND,208,6592,59453,14/01/2019,07:37:37,15,0,30.2,1.0,5.3,5.0,2,1,1.00,CYCLE,S
IND,208,6592,59452,14/01/2019,07:37:44,15,1,24.9,1.0,303.7,303.6,2,1,1.00,CYCLE,N
IND,208,6592,59453,14/01/2019,07:38:20,15,0,26.3,1.1,43.0,42.9,2,1,1.00,CYCLE,S
IND,208,6592,59453,14/01/2019,07:38:24,15,0,28.5,1.1,4.1,3.9,2,1,1.00,CYCLE,S
IND,208,6592,59453,14/01/2019,07:38:27,15,0,24.8,1.1,3.1,2.9,2,1,1.00,CYCLE,S
IND,208,6592,59453,14/01/2019,07:38:46,15,0,28.3,1.0,19.0,18.9,2,1,1.00,CYCLE,S
IND,208,6592,59453,14/01/2019,07:38:50,15,0,34.3,1.0,3.1,3.0,2,1,1.00,CYCLE,S
IND,208,6592,59453,14/01/2019,07:38:53,15,0,24.7,1.0,3.5,3.4,2,1,1.00,CYCLE,S
IND,208,6592,59453,14/01/2019,07:38:54,15,0,27.7,1.0,0.8,0.6,2,1,1.00,CYCLE,S
IND,208,6592,59453,14/01/2019,07:38:54,15,0,22.1,1.0,0.7,0.6,2,1,1.00,CYCLE,S
IND,208,6592,59453,14/01/2019,07:38:55,15,0,26.7,1.1,0.3,0.1,2,1,1.00,CYCLE,S
IND,208,6592,59453,14/01/2019,07:38:56,15,0,24.4,1.1,1.1,0.9,2,1,1.00,CYCLE,S
IND,208,6592,59453,14/01/2019,07:38:57,15,0,23.8,1.0,1.1,0.9,2,1,1.00,CYCLE,S
IND,208,6592,59453,14/01/2019,07:38:58,15,0,26.2,1.0,1.5,1.3,2,1,1.00,CYCLE,S
IND,208,6592,59453,14/01/2019,07:39:00,15,0,31.9,1.0,1.5,1.4,2,1,1.00,CYCLE,S
IND,208,6592,59453,14/01/2019,07:39:01,15,0,25.3,1.1,0.7,0.6,2,1,1.00,CYCLE,S
IND,208,6592,59453,14/01/2019,07:39:01,15,0,22.7,1.1,0.3,0.1,2,1,1.00,CYCLE,S
IND,208,6592,59453,14/01/2019,07:39:01,15,0,22.4,1.1,0.5,0.3,2,1,1.00,CYCLE,S
IND,208,6592,59453,14/01/2019,07:39:05,15,0,24.6,1.0,3.3,3.1,2,1,1.00,CYCLE,S
IND,208,6592,59452,14/01/2019,07:39:11,15,1,25.0,1.0,86.1,86.0,2,1,1.00,CYCLE,N
IND,208,6592,59453,14/01/2019,07:39:12,15,0,16.8,1.0,7.5,7.4,2,1,1.00,CYCLE,S
IND,208,6592,59453,14/01/2019,07:39:18,15,0,33.4,1.1,6.3,6.1,2,1,1.00,CYCLE,S
IND,208,6592,59453,14/01/2019,07:39:19,15,0,33.8,1.1,0.7,0.6,2,1,1.00,CYCLE,S
IND,208,6592,59453,14/01/2019,07:39:25,15,0,29.2,1.0,5.5,5.3,2,1,1.00,CYCLE,S
IND,208,6592,59453,14/01/2019,07:39:30,15,0,20.8,1.0,5.4,5.3,2,1,1.00,CYCLE,S
IND,208,6592,59453,14/01/2019,07:39:36,15,0,29.5,1.0,6.4,6.3,2,1,1.00,CYCLE,S
IND,208,6592,59453,14/01/2019,07:39:46,15,0,24.0,1.1,9.8,9.6,2,1,1.00,CYCLE,S
IND,208,6592,59452,14/01/2019,07:40:34,15,1,34.1,1.0,83.2,83.1,2,1,1.00,CYCLE,N
IND,208,6592,59452,14/01/2019,07:40:36,15,1,27.5,1.0,2.6,2.5,2,1,1.00,CYCLE,N
IND,208,6592,59453,14/01/2019,07:41:07,15,0,25.3,1.0,80.7,80.6,2,1,1.00,CYCLE,S
IND,208,6592,59453,14/01/2019,07:41:08,15,0,23.4,1.0,1.0,0.9,2,1,1.00,CYCLE,S
IND,208,6592,59453,14/01/2019,07:41:09,15,0,23.9,1.0,0.7,0.5,2,1,1.00,CYCLE,S
IND,208,6592,59453,14/01/2019,07:41:09,15,0,24.9,1.1,0.9,0.8,2,1,1.00,CYCLE,S
IND,208,6592,59453,14/01/2019,07:41:11,15,0,26.0,1.0,1.6,1.4,2,1,1.00,CYCLE,S
IND,208,6592,59453,14/01/2019,07:41:15,15,0,26.5,1.0,3.5,3.4,2,1,1.00,CYCLE,S
IND,208,6592,59453,14/01/2019,07:41:16,15,0,21.0,1.1,1.3,1.2,2,1,1.00,CYCLE,S
IND,208,6592,59453,14/01/2019,07:41:16,15,0,21.8,1.0,0.5,0.3,2,1,1.00,CYCLE,S
IND,208,6592,59453,14/01/2019,07:41:19,15,0,27.1,1.1,2.3,2.1,2,1,1.00,CYCLE,S
IND,208,6592,59453,14/01/2019,07:41:21,15,0,24.0,1.0,2.1,1.9,2,1,1.00,CYCLE,S
IND,208,6592,59453,14/01/2019,07:41:35,15,0,28.6,1.1,13.9,13.7,2,1,1.00,CYCLE,S
IND,208,6592,59453,14/01/2019,07:41:36,15,0,29.8,1.1,1.2,1.0,2,1,1.00,CYCLE,S
IND,208,6592,59453,14/01/2019,07:41:37,15,0,41.3,1.1,0.8,0.7,2,1,1.00,CYCLE,S
IND,208,6592,59453,14/01/2019,07:41:37,15,0,26.3,1.1,0.6,0.5,2,1,1.00,CYCLE,S
IND,208,6592,59453,14/01/2019,07:41:40,15,0,27.9,1.1,3.0,2.8,2,1,1.00,CYCLE,S
IND,208,6592,59453,14/01/2019,07:41:41,15,0,26.8,1.0,0.8,0.6,2,1,1.00,CYCLE,S
IND,208,6592,59453,14/01/2019,07:41:42,15,0,29.9,1.0,1.4,1.2,2,1,1.00,CYCLE,S
IND,208,6592,59453,14/01/2019,07:41:44,15,0,25.5,1.0,1.2,1.1,2,1,1.00,CYCLE,S
IND,208,6592,59453,14/01/2019,07:41:44,15,0,26.3,1.1,0.6,0.5,2,1,1.00,CYCLE,S
IND,208,6592,59453,14/01/2019,07:41:46,15,0,19.0,1.1,1.9,1.8,2,1,1.00,CYCLE,S
IND,208,6592,59453,14/01/2019,07:41:50,15,0,22.8,1.1,4.3,4.1,2,1,1.00,CYCLE,S
IND,208,6592,59453,14/01/2019,07:42:10,15,0,25.6,1.0,19.4,19.3,2,1,1.00,CYCLE,S
IND,208,6592,59453,14/01/2019,07:42:26,15,0,24.8,1.1,16.2,16.1,2,1,1.00,CYCLE,S
IND,208,6592,59453,14/01/2019,07:42:34,15,0,27.3,1.0,8.1,8.0,2,1,1.00,CYCLE,S
IND,208,6592,59452,14/01/2019,07:42:40,15,1,29.1,1.0,123.4,123.3,2,1,1.00,CYCLE,N
IND,208,6592,59453,14/01/2019,07:42:43,15,0,27.0,1.0,9.2,9.1,2,1,1.00,CYCLE,S
IND,208,6592,59453,14/01/2019,07:42:46,15,0,32.3,1.0,2.8,2.7,2,1,1.00,CYCLE,S
IND,208,6592,59453,14/01/2019,07:42:48,15,0,28.7,1.0,1.5,1.4,2,1,1.00,CYCLE,S
IND,208,6592,59452,14/01/2019,07:42:49,15,1,15.7,1.0,9.4,9.2,2,1,0.40,CYCLE,N
IND,208,6592,59453,14/01/2019,07:42:51,15,0,24.9,1.1,3.4,3.2,2,1,1.00,CYCLE,S
IND,208,6592,59453,14/01/2019,07:42:51,15,0,29.1,1.0,0.4,0.3,2,1,1.00,CYCLE,S
IND,208,6592,59453,14/01/2019,07:42:53,15,0,29.4,1.0,1.4,1.2,2,1,1.00,CYCLE,S
IND,208,6592,59453,14/01/2019,07:42:53,15,0,24.1,1.0,0.4,0.3,2,1,1.00,CYCLE,S
IND,208,6592,59453,14/01/2019,07:42:54,15,0,26.6,1.1,0.9,0.7,2,1,1.00,CYCLE,S
IND,208,6592,59453,14/01/2019,07:42:55,15,0,25.7,1.1,1.2,1.0,2,1,1.00,CYCLE,S
IND,208,6592,59453,14/01/2019,07:42:58,15,0,26.9,1.0,3.1,3.0,2,1,1.00,CYCLE,S
IND,208,6592,59453,14/01/2019,07:42:59,15,0,24.9,1.0,0.6,0.4,2,1,1.00,CYCLE,S
IND,208,6592,59453,14/01/2019,07:43:02,15,0,24.0,1.1,2.9,2.8,2,1,1.00,CYCLE,S
IND,208,6592,59453,14/01/2019,07:43:39,15,0,29.0,1.1,36.7,36.5,2,1,1.00,CYCLE,S
IND,208,6592,59453,14/01/2019,07:43:43,15,0,11.6,1.0,4.7,4.6,2,1,1.00,CYCLE,S
IND,208,6592,59453,14/01/2019,07:43:44,15,0,29.9,1.0,0.6,0.3,2,1,1.00,CYCLE,S
IND,208,6592,59453,14/01/2019,07:43:46,15,0,23.5,1.1,2.0,1.9,2,1,1.00,CYCLE,S
IND,208,6592,59453,14/01/2019,07:43:49,15,0,27.4,1.1,3.0,2.9,2,1,1.00,CYCLE,S
IND,208,6592,59453,14/01/2019,07:43:49,15,0,27.5,1.1,0.4,0.3,2,1,1.00,CYCLE,S
IND,208,6592,59453,14/01/2019,07:43:52,15,0,24.2,1.0,3.1,3.0,2,1,1.00,CYCLE,S
IND,208,6592,59453,14/01/2019,07:43:57,15,0,23.7,1.0,4.4,4.2,2,1,1.00,CYCLE,S
IND,208,6592,59452,14/01/2019,07:44:00,15,1,28.3,1.0,70.7,70.5,2,1,1.00,CYCLE,N
IND,208,6592,59453,14/01/2019,07:44:05,15,0,30.1,1.1,8.4,8.2,2,1,1.00,CYCLE,S
IND,208,6592,59452,14/01/2019,07:44:07,15,1,23.7,1.0,7.1,7.0,2,1,1.00,CYCLE,N
IND,208,6592,59453,14/01/2019,07:44:12,15,0,21.2,1.1,7.2,7.1,2,1,1.00,CYCLE,S
IND,208,6592,59453,14/01/2019,07:44:15,15,0,25.0,1.1,2.9,2.7,2,1,1.00,CYCLE,S
IND,208,6592,59453,14/01/2019,07:44:20,15,0,25.9,1.1,4.4,4.2,2,1,1.00,CYCLE,S
IND,208,6592,59453,14/01/2019,07:44:22,15,0,25.7,1.0,1.9,1.7,2,1,1.00,CYCLE,S
IND,208,6592,59453,14/01/2019,07:44:28,15,0,17.9,1.1,6.6,6.5,2,1,1.00,CYCLE,S
IND,208,6592,59453,14/01/2019,07:45:03,15,0,29.6,1.1,35.1,34.9,2,1,1.00,CYCLE,S
IND,208,6592,59453,14/01/2019,07:45:08,15,0,26.7,1.1,4.4,4.3,2,1,1.00,CYCLE,S
IND,208,6592,59453,14/01/2019,07:45:12,15,0,26.6,1.0,3.9,3.7,2,1,1.00,CYCLE,S
IND,208,6592,59453,14/01/2019,07:45:12,15,0,26.3,1.0,0.6,0.5,2,1,1.00,CYCLE,S
IND,208,6592,59453,14/01/2019,07:45:13,15,0,27.4,1.0,1.1,0.9,2,1,1.00,CYCLE,S
IND,208,6592,59453,14/01/2019,07:45:15,15,0,25.6,1.1,1.9,1.7,2,1,1.00,CYCLE,S
IND,208,6592,59453,14/01/2019,07:45:21,15,0,22.5,1.0,5.5,5.4,2,1,1.00,CYCLE,S
IND,208,6592,59453,14/01/2019,07:45:24,15,0,18.4,1.0,3.7,3.5,2,1,1.00,CYCLE,S
IND,208,6592,59453,14/01/2019,07:45:25,15,0,20.2,1.0,0.9,0.7,2,1,1.00,CYCLE,S
IND,208,6592,59453,14/01/2019,07:45:29,15,0,20.6,1.1,3.6,3.4,2,1,1.00,CYCLE,S
IND,208,6592,59453,14/01/2019,07:45:37,15,0,31.3,1.0,8.4,8.2,2,1,1.00,CYCLE,S
IND,208,6592,59453,14/01/2019,07:45:40,15,0,27.8,1.0,3.0,2.9,2,1,1.00,CYCLE,S
IND,208,6592,59453,14/01/2019,07:45:43,15,0,24.2,1.1,2.3,2.1,2,1,1.00,CYCLE,S
IND,208,6592,59453,14/01/2019,07:45:44,15,0,24.5,1.0,1.1,0.9,2,1,1.00,CYCLE,S
IND,208,6592,59453,14/01/2019,07:45:45,15,0,25.6,1.0,1.6,1.5,2,1,0.36,CYCLE,S
IND,208,6592,59453,14/01/2019,07:45:45,15,0,25.6,1.0,0.0,0.0,2,1,0.36,CYCLE,S
IND,208,6592,59453,14/01/2019,07:45:47,15,0,33.0,1.0,1.7,1.2,2,1,1.00,CYCLE,S
IND,208,6592,59453,14/01/2019,07:45:48,15,0,24.3,1.0,0.7,0.6,2,1,1.00,CYCLE,S
IND,208,6592,59452,14/01/2019,07:45:59,15,1,25.9,1.1,111.8,111.6,2,1,1.00,CYCLE,N
IND,208,6592,59452,14/01/2019,07:46:04,15,1,22.0,1.1,5.3,5.2,2,1,1.00,CYCLE,N
IND,208,6592,59452,14/01/2019,07:46:27,15,1,30.3,1.1,22.8,22.6,2,1,1.00,CYCLE,N
IND,208,6592,59453,14/01/2019,07:46:46,15,0,28.0,1.1,58.5,58.3,2,1,1.00,CYCLE,S
IND,208,6592,59453,14/01/2019,07:46:49,15,0,29.3,1.1,3.3,3.2,2,1,1.00,CYCLE,S
IND,208,6592,59453,14/01/2019,07:46:50,15,0,27.0,1.1,0.7,0.6,2,1,1.00,CYCLE,S
IND,208,6592,59453,14/01/2019,07:46:51,15,0,27.3,1.0,1.1,0.9,2,1,1.00,CYCLE,S
IND,208,6592,59453,14/01/2019,07:46:54,15,0,22.8,1.0,3.1,2.9,2,1,0.80,CYCLE,S
IND,208,6592,59453,14/01/2019,07:46:58,15,0,21.8,1.0,4.2,4.1,2,1,1.00,CYCLE,S
IND,208,6592,59453,14/01/2019,07:47:01,15,0,21.6,1.0,2.1,2.0,2,1,1.00,CYCLE,S
IND,208,6592,59453,14/01/2019,07:47:25,15,0,31.5,1.0,24.1,23.9,2,1,1.00,CYCLE,S
IND,208,6592,59453,14/01/2019,07:47:25,15,0,31.5,1.0,0.0,0.0,2,1,1.00,CYCLE,S
IND,208,6592,59453,14/01/2019,07:47:26,15,0,25.6,1.1,1.0,0.7,2,1,1.00,CYCLE,S
IND,208,6592,59453,14/01/2019,07:47:29,15,0,24.6,1.0,3.4,3.2,2,1,1.00,CYCLE,S
IND,208,6592,59453,14/01/2019,07:47:30,15,0,24.0,1.0,1.5,1.3,2,1,1.00,CYCLE,S
IND,208,6592,59453,14/01/2019,07:47:35,15,0,21.8,1.1,4.4,4.2,2,1,1.00,CYCLE,S
IND,208,6592,59453,14/01/2019,07:47:36,15,0,23.1,1.1,1.3,1.1,2,1,1.00,CYCLE,S
IND,208,6592,59453,14/01/2019,07:48:03,15,0,27.3,1.1,27.3,27.1,2,1,1.00,CYCLE,S
IND,208,6592,59453,14/01/2019,07:48:06,15,0,34.9,1.0,2.6,2.5,2,1,1.00,CYCLE,S
IND,208,6592,59453,14/01/2019,07:48:06,15,0,23.8,1.0,0.4,0.3,2,1,1.00,CYCLE,S
IND,208,6592,59453,14/01/2019,07:48:07,15,0,31.9,1.1,0.2,0.1,2,1,1.00,CYCLE,S
IND,208,6592,59453,14/01/2019,07:48:09,15,0,25.6,1.0,2.4,2.3,2,1,1.00,CYCLE,S
IND,208,6592,59453,14/01/2019,07:48:13,15,0,24.0,1.1,1.8,1.8,2,1,1.00,CYCLE,S
IND,208,6592,59453,14/01/2019,07:48:42,15,0,25.7,1.0,28.7,28.6,2,1,1.00,CYCLE,S
IND,208,6592,59453,14/01/2019,07:48:50,15,0,29.7,1.0,8.0,7.8,2,1,1.00,CYCLE,S
IND,208,6592,59453,14/01/2019,07:48:54,15,0,28.5,1.0,3.9,3.8,2,1,1.00,CYCLE,S
IND,208,6592,59453,14/01/2019,07:48:55,15,0,23.3,1.1,1.4,1.3,2,1,1.00,CYCLE,S
IND,208,6592,59453,14/01/2019,07:48:56,15,0,24.8,1.1,1.0,0.9,2,1,1.00,CYCLE,S
IND,208,6592,59453,14/01/2019,07:49:00,15,0,25.6,1.0,3.2,3.0,2,1,1.00,CYCLE,S
IND,208,6592,59453,14/01/2019,07:49:01,15,0,19.6,1.1,1.1,0.9,2,1,1.00,CYCLE,S
IND,208,6592,59453,14/01/2019,07:49:01,15,0,26.8,1.0,0.4,0.2,2,1,1.00,CYCLE,S
IND,208,6592,59453,14/01/2019,07:49:02,15,0,20.7,1.1,1.4,1.2,2,1,1.00,CYCLE,S
IND,208,6592,59453,14/01/2019,07:49:09,15,0,19.6,1.1,6.4,6.2,2,1,1.00,CYCLE,S
IND,208,6592,59452,14/01/2019,07:49:17,15,1,24.1,1.2,169.6,169.5,2,1,1.00,CYCLE,N
IND,208,6592,59453,14/01/2019,07:49:37,15,0,24.2,1.1,28.5,28.3,2,1,1.00,CYCLE,S
IND,208,6592,59453,14/01/2019,07:49:39,15,0,26.4,1.1,1.5,1.4,2,1,1.00,CYCLE,S
IND,208,6592,59453,14/01/2019,07:49:41,15,0,34.6,1.0,2.6,2.4,2,1,1.00,CYCLE,S
IND,208,6592,59453,14/01/2019,07:49:45,15,0,31.2,1.0,3.6,3.5,2,1,1.00,CYCLE,S
IND,208,6592,59453,14/01/2019,07:49:46,15,0,30.4,1.0,0.6,0.5,2,1,1.00,CYCLE,S
IND,208,6592,59452,14/01/2019,07:50:10,15,1,19.6,1.0,53.2,53.0,2,1,1.00,CYCLE,N
IND,208,6592,59453,14/01/2019,07:50:51,15,0,26.2,1.1,64.8,64.7,2,1,1.00,CYCLE,S
IND,208,6592,59453,14/01/2019,07:51:01,15,0,26.4,1.0,10.9,10.7,2,1,1.00,CYCLE,S
IND,208,6592,59453,14/01/2019,07:51:03,15,0,26.6,1.0,1.8,1.6,2,1,1.00,CYCLE,S
IND,208,6592,59453,14/01/2019,07:51:05,15,0,28.8,1.0,1.9,1.8,2,1,1.00,CYCLE,S
IND,208,6592,59453,14/01/2019,07:51:07,15,0,29.0,1.1,2.3,2.2,2,1,1.00,CYCLE,S
IND,208,6592,59453,14/01/2019,07:51:13,15,0,23.0,1.0,6.0,5.9,2,1,0.67,CYCLE,S
IND,208,6592,59453,14/01/2019,07:51:19,15,0,18.5,1.0,5.5,5.4,2,1,1.00,CYCLE,S
IND,208,6592,59453,14/01/2019,07:51:22,15,0,19.1,1.1,3.3,3.1,2,1,1.00,CYCLE,S
IND,208,6592,59453,14/01/2019,07:51:35,15,0,27.8,1.0,12.2,12.0,2,1,1.00,CYCLE,S
IND,208,6592,59453,14/01/2019,07:51:35,15,0,29.7,1.0,0.9,0.8,2,1,1.00,CYCLE,S
IND,208,6592,59453,14/01/2019,07:51:36,15,0,32.2,1.0,0.9,0.7,2,1,1.00,CYCLE,S
IND,208,6592,59453,14/01/2019,07:51:40,15,0,26.4,1.0,4.0,3.9,2,1,1.00,CYCLE,S
IND,208,6592,59452,14/01/2019,07:51:41,15,1,28.8,1.0,91.5,91.3,2,1,1.00,CYCLE,N
IND,208,6592,59453,14/01/2019,07:51:48,15,0,28.8,1.1,7.5,7.3,2,1,1.00,CYCLE,S
IND,208,6592,59452,14/01/2019,07:51:51,15,1,18.2,1.1,9.4,9.3,2,1,1.00,CYCLE,N
IND,208,6592,59453,14/01/2019,07:52:10,15,0,24.4,1.1,22.5,22.3,2,1,1.00,CYCLE,S
IND,208,6592,59453,14/01/2019,07:52:45,15,0,31.0,1.0,35.0,34.8,2,1,1.00,CYCLE,S
IND,208,6592,59453,14/01/2019,07:52:47,15,0,25.2,1.1,1.5,1.4,2,1,1.00,CYCLE,S
IND,208,6592,59453,14/01/2019,07:52:50,15,0,33.6,1.1,3.1,2.9,2,1,1.00,CYCLE,S
IND,208,6592,59453,14/01/2019,07:52:50,15,0,29.0,1.1,0.3,0.2,2,1,1.00,CYCLE,S
IND,208,6592,59453,14/01/2019,07:52:53,15,0,22.6,1.1,3.3,3.2,2,1,1.00,CYCLE,S
IND,208,6592,59453,14/01/2019,07:52:54,15,0,27.7,1.0,0.4,0.2,2,1,1.00,CYCLE,S
IND,208,6592,59453,14/01/2019,07:52:55,15,0,26.5,1.0,0.6,0.5,2,1,1.00,CYCLE,S
IND,208,6592,59453,14/01/2019,07:52:59,15,0,20.4,1.0,5.0,4.8,2,1,1.00,CYCLE,S
IND,208,6592,59453,14/01/2019,07:53:00,15,0,23.4,1.1,1.0,0.8,2,1,1.00,CYCLE,S
IND,208,6592,59452,14/01/2019,07:53:03,15,1,22.9,1.0,72.1,71.9,2,1,1.00,CYCLE,N
IND,208,6592,59453,14/01/2019,07:53:19,15,0,27.6,1.0,18.7,18.5,2,1,1.00,CYCLE,S
IND,208,6592,59453,14/01/2019,07:53:22,15,0,29.3,1.1,2.7,2.6,2,1,1.00,CYCLE,S
IND,208,6592,59453,14/01/2019,07:53:48,15,0,27.5,1.0,26.0,25.9,2,1,1.00,CYCLE,S
IND,208,6592,59452,14/01/2019,07:53:49,15,1,25.6,1.1,46.3,46.1,2,1,1.00,CYCLE,N
IND,208,6592,59452,14/01/2019,07:53:54,15,1,21.9,1.0,4.5,4.3,2,1,1.00,CYCLE,N
IND,208,6592,59453,14/01/2019,07:54:10,15,0,25.5,1.1,21.9,21.8,2,1,1.00,CYCLE,S
IND,208,6592,59453,14/01/2019,07:54:45,15,0,27.7,1.0,35.7,35.5,2,1,1.00,CYCLE,S
IND,208,6592,59453,14/01/2019,07:54:46,15,0,28.4,1.0,0.4,0.3,2,1,1.00,CYCLE,S
IND,208,6592,59453,14/01/2019,07:54:47,15,0,27.5,1.0,0.7,0.6,2,1,1.00,CYCLE,S
IND,208,6592,59453,14/01/2019,07:54:52,15,0,25.4,1.1,5.3,5.2,2,1,1.00,CYCLE,S
IND,208,6592,59453,14/01/2019,07:55:03,15,0,22.1,1.1,11.2,11.1,2,1,1.00,CYCLE,S
IND,208,6592,59453,14/01/2019,07:55:06,15,0,18.7,1.0,2.6,2.4,2,1,1.00,CYCLE,S
IND,208,6592,59453,14/01/2019,07:55:09,15,0,18.3,1.0,3.1,2.9,2,1,1.00,CYCLE,S
IND,208,6592,59452,14/01/2019,07:55:29,15,1,24.4,1.0,95.5,95.3,2,1,1.00,CYCLE,N
IND,208,6592,59453,14/01/2019,07:55:40,15,0,31.2,1.0,30.9,30.7,2,1,1.00,CYCLE,S
IND,208,6592,59453,14/01/2019,07:55:42,15,0,27.5,1.0,2.0,1.9,2,1,1.00,CYCLE,S
IND,208,6592,59453,14/01/2019,07:55:46,15,0,27.1,1.0,4.1,4.0,2,1,1.00,CYCLE,S
IND,208,6592,59453,14/01/2019,07:55:48,15,0,27.4,1.0,1.8,1.7,2,1,1.00,CYCLE,S
IND,208,6592,59453,14/01/2019,07:55:50,15,0,23.1,1.1,2.7,2.6,2,1,1.00,CYCLE,S
IND,208,6592,59453,14/01/2019,07:55:53,15,0,24.2,1.0,2.5,2.3,2,1,1.00,CYCLE,S
IND,208,6592,59453,14/01/2019,07:55:54,15,0,19.6,1.0,0.6,0.5,2,1,1.00,CYCLE,S
IND,208,6592,59453,14/01/2019,07:55:56,15,0,30.1,1.0,2.2,2.0,2,1,1.00,CYCLE,S
IND,208,6592,59453,14/01/2019,07:56:20,15,0,29.7,1.0,23.9,23.7,2,1,1.00,CYCLE,S
IND,208,6592,59453,14/01/2019,07:56:42,15,0,29.5,1.1,21.9,21.8,2,1,1.00,CYCLE,S
IND,208,6592,59453,14/01/2019,07:56:46,15,0,27.9,1.0,4.3,4.1,2,1,1.00,CYCLE,S
IND,208,6592,59453,14/01/2019,07:56:48,15,0,26.0,1.0,1.9,1.8,2,1,1.00,CYCLE,S
IND,208,6592,59453,14/01/2019,07:57:01,15,0,15.5,1.0,13.0,12.9,2,1,1.00,CYCLE,S
IND,208,6592,59453,14/01/2019,07:57:35,15,0,34.7,1.0,34.7,34.5,2,1,1.00,CYCLE,S
IND,208,6592,59453,14/01/2019,07:57:36,15,0,35.1,1.0,0.6,0.5,2,1,1.00,CYCLE,S
IND,208,6592,59452,14/01/2019,07:57:47,15,1,26.2,1.1,138.3,138.2,2,1,1.00,CYCLE,N
IND,208,6592,59452,14/01/2019,07:57:52,15,1,25.1,1.1,4.8,4.6,2,1,1.00,CYCLE,N
IND,208,6592,59453,14/01/2019,07:58:08,15,0,29.1,1.1,31.8,31.7,2,1,1.00,CYCLE,S
IND,208,6592,59453,14/01/2019,07:59:05,15,0,28.4,1.0,57.4,57.3,2,1,1.00,CYCLE,S
IND,208,6592,59453,14/01/2019,07:59:09,15,0,24.7,1.1,3.4,3.3,2,1,1.00,CYCLE,S
IND,208,6592,59453,14/01/2019,07:59:09,15,0,24.8,1.0,0.7,0.6,2,1,1.00,CYCLE,S
IND,208,6592,59453,14/01/2019,07:59:12,15,0,31.6,1.0,2.8,2.6,2,1,1.00,CYCLE,S
IND,208,6592,59453,14/01/2019,07:59:13,15,0,23.0,1.0,0.4,0.3,2,1,1.00,CYCLE,S
IND,208,6592,59453,14/01/2019,07:59:38,15,0,28.1,1.0,25.6,25.4,2,1,1.00,CYCLE,S
IND,208,6592,59452,14/01/2019,07:59:39,15,1,22.2,1.1,107.4,107.3,2,1,1.00,CYCLE,N
IND,208,6592,59453,14/01/2019,07:59:41,15,0,28.0,1.1,2.9,2.7,2,1,1.00,CYCLE,S
IND,208,6592,59453,14/01/2019,07:59:44,15,0,23.3,1.1,3.0,2.9,2,1,1.00,CYCLE,S
IND,208,6592,59453,14/01/2019,07:59:49,15,0,27.8,1.1,4.7,4.5,2,1,1.00,CYCLE,S
IND,208,6592,59453,14/01/2019,08:00:41,15,0,37.7,1.0,51.8,51.7,2,1,1.00,CYCLE,S
IND,208,6592,59453,14/01/2019,08:00:43,15,0,31.0,1.0,2.2,2.1,2,1,1.00,CYCLE,S
IND,208,6592,59453,14/01/2019,08:00:45,15,0,28.7,1.0,2.5,2.4,2,1,1.00,CYCLE,S
IND,208,6592,59453,14/01/2019,08:00:48,15,0,28.6,1.1,2.4,2.3,2,1,1.00,CYCLE,S
IND,208,6592,59453,14/01/2019,08:00:50,15,0,26.8,1.1,2.2,2.1,2,1,1.00,CYCLE,S
IND,208,6592,59453,14/01/2019,08:00:55,15,0,22.1,1.0,4.8,4.7,2,1,1.00,CYCLE,S
IND,208,6592,59453,14/01/2019,08:00:55,15,0,22.0,1.0,0.6,0.5,2,1,1.00,CYCLE,S
IND,208,6592,59453,14/01/2019,08:00:56,15,0,21.8,1.0,0.7,0.6,2,1,0.50,CYCLE,S
IND,208,6592,59452,14/01/2019,08:00:56,15,1,21.8,1.0,0.0,0.0,2,1,0.50,CYCLE,N
IND,208,6592,59453,14/01/2019,08:01:04,15,0,21.0,1.0,7.5,7.2,2,1,1.00,CYCLE,S
IND,208,6592,59453,14/01/2019,08:01:39,15,0,31.0,1.0,35.6,35.4,2,1,1.00,CYCLE,S
IND,208,6592,59453,14/01/2019,08:01:52,15,0,25.7,1.0,13.3,13.2,2,1,1.00,CYCLE,S
IND,208,6592,59453,14/01/2019,08:02:03,15,0,24.2,1.1,10.4,10.3,2,1,1.00,CYCLE,S
IND,208,6592,59453,14/01/2019,08:02:43,15,0,28.3,1.0,36.4,36.3,2,1,1.00,CYCLE,S
IND,208,6592,59453,14/01/2019,08:02:49,15,0,26.4,1.0,5.7,5.5,2,1,1.00,CYCLE,S
IND,208,6592,59453,14/01/2019,08:02:50,15,0,26.9,1.0,1.5,1.4,2,1,1.00,CYCLE,S
IND,208,6592,59453,14/01/2019,08:02:51,15,0,22.9,1.1,0.9,0.8,2,1,1.00,CYCLE,S
IND,208,6592,59453,14/01/2019,08:02:55,15,0,26.0,1.0,4.3,4.1,2,1,1.00,CYCLE,S
IND,208,6592,59453,14/01/2019,08:02:56,15,0,21.4,1.1,1.0,0.9,2,1,1.00,CYCLE,S
IND,208,6592,59453,14/01/2019,08:03:02,15,0,19.5,1.0,5.9,5.7,2,1,1.00,CYCLE,S
IND,208,6592,59453,14/01/2019,08:03:24,15,0,24.2,0.9,21.5,21.3,2,1,1.00,CYCLE,S
IND,208,6592,59453,14/01/2019,08:03:45,15,0,25.9,1.1,21.4,21.3,2,1,1.00,CYCLE,S
IND,208,6592,59452,14/01/2019,08:03:45,15,1,24.1,0.9,245.9,245.7,2,1,1.00,CYCLE,N
IND,208,6592,59453,14/01/2019,08:04:01,15,0,30.2,1.1,15.5,15.3,2,1,1.00,CYCLE,S
IND,208,6592,59453,14/01/2019,08:04:04,15,0,28.4,1.0,3.7,3.6,2,1,1.00,CYCLE,S
IND,208,6592,59453,14/01/2019,08:04:05,15,0,32.4,1.0,0.9,0.8,2,1,1.00,CYCLE,S
IND,208,6592,59453,14/01/2019,08:04:28,15,0,22.9,1.0,22.3,22.2,2,1,1.00,CYCLE,S
IND,208,6592,59453,14/01/2019,08:04:43,15,0,29.3,1.0,15.4,15.3,2,1,1.00,CYCLE,S
IND,208,6592,59453,14/01/2019,08:04:48,15,0,26.1,1.0,4.8,4.7,2,1,1.00,CYCLE,S
IND,208,6592,59453,14/01/2019,08:04:50,15,0,26.3,1.0,2.4,2.3,2,1,1.00,CYCLE,S
IND,208,6592,59453,14/01/2019,08:04:53,15,0,22.3,1.0,2.6,2.4,2,1,1.00,CYCLE,S
IND,208,6592,59453,14/01/2019,08:05:27,15,0,32.0,1.1,34.7,34.5,2,1,1.00,CYCLE,S
IND,208,6592,59453,14/01/2019,08:05:29,15,0,21.7,1.0,1.7,1.6,2,1,1.00,CYCLE,S
IND,208,6592,59453,14/01/2019,08:05:49,15,0,26.7,1.0,20.0,19.9,2,1,1.00,CYCLE,S
IND,208,6592,59452,14/01/2019,08:05:55,15,1,20.6,1.1,129.3,129.2,2,1,1.00,CYCLE,N
IND,208,6592,59453,14/01/2019,08:07:56,15,0,22.8,1.0,126.7,126.5,2,1,1.00,CYCLE,S
IND,208,6592,59453,14/01/2019,08:08:20,15,0,25.8,1.0,23.7,23.5,2,1,1.00,CYCLE,S
IND,208,6592,59453,14/01/2019,08:08:32,15,0,24.5,1.0,12.4,12.3,2,1,1.00,CYCLE,S
IND,208,6592,59453,14/01/2019,08:08:49,15,0,27.7,1.1,17.1,16.9,2,1,1.00,CYCLE,S
IND,208,6592,59453,14/01/2019,08:08:52,15,0,24.4,1.1,2.8,2.6,2,1,1.00,CYCLE,S
IND,208,6592,59453,14/01/2019,08:09:29,15,0,32.2,1.0,36.8,36.6,2,1,1.00,CYCLE,S
IND,208,6592,59453,14/01/2019,08:10:10,15,0,22.4,1.0,41.2,41.1,2,1,1.00,CYCLE,S
IND,208,6592,59452,14/01/2019,08:10:18,15,1,26.2,1.1,263.4,263.2,2,1,1.00,CYCLE,N
IND,208,6592,59453,14/01/2019,08:10:56,15,0,22.7,1.1,45.9,45.8,2,1,1.00,CYCLE,S
IND,208,6592,59452,14/01/2019,08:11:02,15,1,29.0,1.0,44.0,43.8,2,1,1.00,CYCLE,N
IND,208,6592,59453,14/01/2019,08:11:19,15,0,31.1,1.0,22.8,22.7,2,1,1.00,CYCLE,S
IND,208,6592,59453,14/01/2019,08:12:48,15,0,25.6,1.0,89.4,89.3,2,1,1.00,CYCLE,S
IND,208,6592,59453,14/01/2019,08:12:50,15,0,22.2,1.1,2.4,2.3,2,1,1.00,CYCLE,S
IND,208,6592,59453,14/01/2019,08:12:54,15,0,20.9,1.1,3.6,3.4,2,1,1.00,CYCLE,S
IND,208,6592,59453,14/01/2019,08:12:55,15,0,20.1,1.1,1.0,0.8,2,1,1.00,CYCLE,S
IND,208,6592,59452,14/01/2019,08:13:19,15,1,25.9,1.0,137.0,136.9,2,1,1.00,CYCLE,N
IND,208,6592,59453,14/01/2019,08:13:30,15,0,26.6,1.0,35.3,35.1,2,1,1.00,CYCLE,S
IND,208,6592,59453,14/01/2019,08:13:34,15,0,24.9,1.0,3.3,3.1,2,1,1.00,CYCLE,S
IND,208,6592,59453,14/01/2019,08:14:25,15,0,20.9,1.1,51.9,51.8,2,1,1.00,CYCLE,S
IND,208,6592,59453,14/01/2019,08:14:44,15,0,34.2,1.0,18.4,18.2,2,1,1.00,CYCLE,S
IND,208,6592,59453,14/01/2019,08:14:47,15,0,31.4,1.1,3.5,3.4,2,1,1.00,CYCLE,S
IND,208,6592,59453,14/01/2019,08:14:53,15,0,29.9,1.0,5.3,5.2,2,1,1.00,CYCLE,S
IND,208,6592,59453,14/01/2019,08:14:54,15,0,27.0,1.2,1.5,1.4,2,1,1.00,CYCLE,S
IND,208,6592,59453,14/01/2019,08:14:58,15,0,22.8,1.0,3.4,3.2,2,1,1.00,CYCLE,S
IND,208,6592,59452,14/01/2019,08:15:26,15,1,28.8,1.1,126.7,126.6,2,1,1.00,CYCLE,N
IND,208,6592,59453,14/01/2019,08:15:27,15,0,28.1,1.0,29.6,29.4,2,1,1.00,CYCLE,S
IND,208,6592,59452,14/01/2019,08:15:29,15,1,25.2,1.0,3.5,3.4,2,1,1.00,CYCLE,N
IND,208,6592,59453,14/01/2019,08:15:41,15,0,27.6,1.1,13.5,13.4,2,1,1.00,CYCLE,S
IND,208,6592,59453,14/01/2019,08:16:28,15,0,28.1,1.0,47.0,46.9,2,1,1.00,CYCLE,S
IND,208,6592,59453,14/01/2019,08:16:33,15,0,28.7,1.0,4.9,4.8,2,1,1.00,CYCLE,S
IND,208,6592,59453,14/01/2019,08:16:37,15,0,27.4,1.0,4.1,3.9,2,1,1.00,CYCLE,S
IND,208,6592,59453,14/01/2019,08:16:38,15,0,25.9,1.1,1.2,1.1,2,1,1.00,CYCLE,S
IND,208,6592,59453,14/01/2019,08:16:39,15,0,23.2,1.0,1.0,0.8,2,1,1.00,CYCLE,S
IND,208,6592,59453,14/01/2019,08:16:41,15,0,23.8,1.0,2.1,1.9,2,1,1.00,CYCLE,S
IND,208,6592,59453,14/01/2019,08:16:45,15,0,23.2,1.1,4.4,4.2,2,1,1.00,CYCLE,S
IND,208,6592,59453,14/01/2019,08:17:02,15,0,27.0,1.0,17.2,17.1,2,1,1.00,CYCLE,S
IND,208,6592,59453,14/01/2019,08:17:07,15,0,27.0,1.1,4.7,4.5,2,1,1.00,CYCLE,S
IND,208,6592,59453,14/01/2019,08:17:25,15,0,31.9,1.0,17.4,17.2,2,1,1.00,CYCLE,S
IND,208,6592,59452,14/01/2019,08:17:27,15,1,23.3,1.0,117.4,117.2,2,1,1.00,CYCLE,N
IND,208,6592,59452,14/01/2019,08:17:30,15,1,21.4,1.1,3.0,2.9,2,1,1.00,CYCLE,N
IND,208,6592,59453,14/01/2019,08:17:31,15,0,26.1,1.1,6.3,6.2,2,1,1.00,CYCLE,S
IND,208,6592,59453,14/01/2019,08:17:38,15,0,24.2,1.1,7.4,7.2,2,1,1.00,CYCLE,S
IND,208,6592,59452,14/01/2019,08:17:45,15,1,25.2,1.1,14.9,14.7,2,1,1.00,CYCLE,N
IND,208,6592,59453,14/01/2019,08:18:40,15,0,22.5,1.0,61.6,61.5,2,1,1.00,CYCLE,S
IND,208,6592,59453,14/01/2019,08:19:02,15,0,36.5,1.0,22.3,22.2,2,1,1.00,CYCLE,S
IND,208,6592,59453,14/01/2019,08:19:13,15,0,24.4,1.1,10.9,10.8,2,1,1.00,CYCLE,S
IND,208,6592,59453,14/01/2019,08:19:17,15,0,22.0,1.0,4.0,3.8,2,1,1.00,CYCLE,S
IND,208,6592,59453,14/01/2019,08:19:34,15,0,23.7,1.1,17.2,17.0,2,1,1.00,CYCLE,S
IND,208,6592,59453,14/01/2019,08:20:20,15,0,17.7,1.0,45.3,45.2,2,1,1.00,CYCLE,S
IND,208,6592,59453,14/01/2019,08:20:30,15,0,27.8,1.1,10.9,10.7,2,1,1.00,CYCLE,S
IND,208,6592,59453,14/01/2019,08:20:34,15,0,28.3,1.0,3.9,3.8,2,1,1.00,CYCLE,S
IND,208,6592,59453,14/01/2019,08:20:41,15,0,24.8,1.1,6.4,6.2,2,1,1.00,CYCLE,S
IND,208,6592,59453,14/01/2019,08:20:44,15,0,21.8,1.1,3.3,3.2,2,1,1.00,CYCLE,S
IND,208,6592,59453,14/01/2019,08:20:47,15,0,16.4,1.0,2.9,2.7,2,1,1.00,CYCLE,S
IND,208,6592,59453,14/01/2019,08:20:49,15,0,26.4,1.0,2.1,1.9,2,1,1.00,CYCLE,S
IND,208,6592,59453,14/01/2019,08:20:52,15,0,21.4,1.1,2.9,2.7,2,1,1.00,CYCLE,S
IND,208,6592,59453,14/01/2019,08:21:08,15,0,26.5,1.0,15.7,15.5,2,1,1.00,CYCLE,S
IND,208,6592,59453,14/01/2019,08:21:15,15,0,30.0,1.0,7.4,7.3,2,1,1.00,CYCLE,S
IND,208,6592,59453,14/01/2019,08:21:20,15,0,31.1,1.1,5.2,5.1,2,1,1.00,CYCLE,S
IND,208,6592,59453,14/01/2019,08:21:34,15,0,23.3,1.1,13.5,13.4,2,1,1.00,CYCLE,S
IND,208,6592,59453,14/01/2019,08:22:23,15,0,38.4,1.0,1.5,1.5,2,1,1.00,CYCLE,S
IND,208,6592,59453,14/01/2019,08:22:23,15,0,30.4,1.0,0.3,0.2,2,1,1.00,CYCLE,S
IND,208,6592,59453,14/01/2019,08:22:48,15,0,24.1,1.0,25.3,25.1,2,1,1.00,CYCLE,S
IND,208,6592,59452,14/01/2019,08:23:02,15,1,25.0,1.0,317.0,316.9,2,1,1.00,CYCLE,N
IND,208,6592,59453,14/01/2019,08:24:37,15,0,26.8,1.1,108.9,108.8,2,1,1.00,CYCLE,S
IND,208,6592,59453,14/01/2019,08:24:37,15,0,22.8,1.0,0.3,0.1,2,1,1.00,CYCLE,S
IND,208,6592,59453,14/01/2019,08:24:40,15,0,14.9,1.0,2.9,2.8,2,1,1.00,CYCLE,S
IND,208,6592,59453,14/01/2019,08:25:10,15,0,25.4,1.1,29.7,29.4,2,1,1.00,CYCLE,S
IND,208,6592,59453,14/01/2019,08:25:25,15,0,25.2,1.0,15.3,15.1,2,1,1.00,CYCLE,S
IND,208,6592,59453,14/01/2019,08:25:41,15,0,32.7,1.0,15.8,15.7,2,1,1.00,CYCLE,S
IND,208,6592,59453,14/01/2019,08:25:47,15,0,21.6,1.0,6.2,6.1,2,1,1.00,CYCLE,S
IND,208,6592,59453,14/01/2019,08:25:56,15,0,26.9,1.1,8.3,8.1,2,1,1.00,CYCLE,S
IND,208,6592,59453,14/01/2019,08:26:34,15,0,26.2,1.0,38.3,38.2,2,1,1.00,CYCLE,S
IND,208,6592,59453,14/01/2019,08:26:35,15,0,25.5,1.0,1.2,1.0,2,1,1.00,CYCLE,S
IND,208,6592,59453,14/01/2019,08:26:36,15,0,25.6,1.0,1.3,1.2,2,1,1.00,CYCLE,S
IND,208,6592,59453,14/01/2019,08:26:44,15,0,22.4,1.1,7.8,7.7,2,1,1.00,CYCLE,S
IND,208,6592,59452,14/01/2019,08:27:23,15,1,25.3,1.0,261.2,261.0,2,1,1.00,CYCLE,N
IND,208,6592,59453,14/01/2019,08:27:46,15,0,29.5,1.0,61.5,61.3,2,1,1.00,CYCLE,S
IND,208,6592,59453,14/01/2019,08:27:48,15,0,23.9,1.0,2.4,2.2,2,1,1.00,CYCLE,S
IND,208,6592,59453,14/01/2019,08:28:21,15,0,24.5,1.1,33.0,32.9,2,1,1.00,CYCLE,S
IND,208,6592,59453,14/01/2019,08:28:50,15,0,31.4,1.0,28.8,28.6,2,1,1.00,CYCLE,S
IND,208,6592,59453,14/01/2019,08:28:55,15,0,21.5,1.0,5.6,5.5,2,1,1.00,CYCLE,S
IND,208,6592,59453,14/01/2019,08:28:56,15,0,22.9,1.1,0.7,0.5,2,1,1.00,CYCLE,S
IND,208,6592,59453,14/01/2019,08:28:57,15,0,25.7,1.0,1.1,1.0,2,1,1.00,CYCLE,S
IND,208,6592,59453,14/01/2019,08:29:08,15,0,23.5,1.1,10.6,10.5,2,1,1.00,CYCLE,S
IND,208,6592,59453,14/01/2019,08:29:41,15,0,28.7,1.1,32.8,32.6,2,1,1.00,CYCLE,S
IND,208,6592,59453,14/01/2019,08:29:56,15,0,22.3,1.1,15.2,15.1,2,1,1.00,CYCLE,S
IND,208,6592,59453,14/01/2019,08:30:19,15,0,24.5,1.0,23.4,23.2,2,1,1.00,CYCLE,S
IND,208,6592,59453,14/01/2019,08:30:53,15,0,25.9,1.1,33.5,33.4,2,1,1.00,CYCLE,S
IND,208,6592,59453,14/01/2019,08:32:16,15,0,23.0,1.1,83.4,83.2,2,1,1.00,CYCLE,S
IND,208,6592,59453,14/01/2019,08:34:32,15,0,21.4,1.0,136.3,136.2,2,1,1.00,CYCLE,S
IND,208,6592,59453,14/01/2019,08:35:10,15,0,21.8,1.0,37.4,37.3,2,1,1.00,CYCLE,S
IND,208,6592,59453,14/01/2019,08:35:24,15,0,26.2,1.0,14.3,14.1,2,1,1.00,CYCLE,S
IND,208,6592,59453,14/01/2019,08:35:38,15,0,31.4,1.2,13.8,13.7,2,1,1.00,CYCLE,S
IND,208,6592,59453,14/01/2019,08:36:02,15,0,20.7,1.1,24.3,24.2,2,1,1.00,CYCLE,S
IND,208,6592,59453,14/01/2019,08:37:17,15,0,21.2,1.1,74.8,74.6,2,1,1.00,CYCLE,S
IND,208,6592,59453,14/01/2019,08:37:19,15,0,20.4,1.0,1.9,1.7,2,1,1.00,CYCLE,S
IND,208,6592,59453,14/01/2019,08:37:21,15,0,21.7,1.0,2.2,2.0,2,1,1.00,CYCLE,S
IND,208,6592,59453,14/01/2019,08:38:34,15,0,23.7,1.1,72.9,72.7,2,1,1.00,CYCLE,S
IND,208,6592,59453,14/01/2019,08:38:39,15,0,20.2,1.1,4.8,4.6,2,1,1.00,CYCLE,S
IND,208,6592,59453,14/01/2019,08:39:39,15,0,22.9,1.0,60.7,60.5,2,1,1.00,CYCLE,S
IND,208,6592,59453,14/01/2019,08:39:42,15,0,22.0,0.9,2.5,2.3,2,1,1.00,CYCLE,S
IND,208,6592,59453,14/01/2019,08:40:03,15,0,25.1,1.1,21.0,20.8,2,1,1.00,CYCLE,S
IND,208,6592,59453,14/01/2019,08:40:20,15,0,25.8,1.0,16.9,16.8,2,1,1.00,CYCLE,S
IND,208,6592,59453,14/01/2019,08:40:28,15,0,20.8,1.1,8.5,8.4,2,1,1.00,CYCLE,S
IND,208,6592,59452,14/01/2019,08:41:20,15,1,21.9,1.1,837.3,837.1,2,1,1.00,CYCLE,N
IND,208,6592,59452,14/01/2019,08:41:23,15,1,22.5,1.0,2.8,2.6,2,1,1.00,CYCLE,N
IND,208,6592,59453,14/01/2019,08:42:57,15,0,18.4,1.1,148.4,148.2,2,1,1.00,CYCLE,S
IND,208,6592,59453,14/01/2019,08:43:35,15,0,24.2,1.1,38.6,38.4,2,1,1.00,CYCLE,S
IND,208,6592,59453,14/01/2019,08:43:39,15,0,20.1,1.1,3.9,3.7,2,1,1.00,CYCLE,S
IND,208,6592,59453,14/01/2019,08:44:02,15,0,24.4,1.0,23.2,23.0,2,1,1.00,CYCLE,S
IND,208,6592,59453,14/01/2019,08:44:08,15,0,26.3,1.0,5.6,5.4,2,1,1.00,CYCLE,S
IND,208,6592,59453,14/01/2019,08:44:09,15,0,22.5,1.0,1.3,1.2,2,1,1.00,CYCLE,S
IND,208,6592,59453,14/01/2019,08:44:12,15,0,24.1,1.0,2.7,2.6,2,1,1.00,CYCLE,S
IND,208,6592,59453,14/01/2019,08:44:22,15,0,16.7,1.1,10.1,9.9,2,1,1.00,CYCLE,S
IND,208,6592,59453,14/01/2019,08:45:49,15,0,26.3,1.0,87.4,87.2,2,1,1.00,CYCLE,S
IND,208,6592,59453,14/01/2019,08:45:56,15,0,21.1,1.1,7.0,6.9,2,1,1.00,CYCLE,S
IND,208,6592,59453,14/01/2019,08:45:59,15,0,22.2,1.0,2.1,1.9,2,1,1.00,CYCLE,S
IND,208,6592,59453,14/01/2019,08:46:02,15,0,18.4,1.0,3.0,2.8,2,1,1.00,CYCLE,S
IND,208,6592,59453,14/01/2019,08:46:25,15,0,30.0,1.0,23.8,23.6,2,1,1.00,CYCLE,S
IND,208,6592,59452,14/01/2019,08:46:46,15,1,29.1,1.0,323.0,322.8,2,1,1.00,CYCLE,N
IND,208,6592,59453,14/01/2019,08:47:56,15,0,25.4,1.1,90.4,90.3,2,1,1.00,CYCLE,S
IND,208,6592,59453,14/01/2019,08:48:05,15,0,22.1,1.0,9.0,8.8,2,1,1.00,CYCLE,S
IND,208,6592,59453,14/01/2019,08:48:39,15,0,17.7,1.1,34.2,34.1,2,1,1.00,CYCLE,S
IND,208,6592,59453,14/01/2019,08:49:29,15,0,26.9,1.0,49.9,49.7,2,1,1.00,CYCLE,S
IND,208,6592,59453,14/01/2019,08:50:56,15,0,25.3,1.0,86.8,86.6,2,1,1.00,CYCLE,S
IND,208,6592,59452,14/01/2019,08:51:14,15,1,24.1,1.0,268.1,268.0,2,1,1.00,CYCLE,N
IND,208,6592,59453,14/01/2019,08:52:38,15,0,28.5,1.0,102.7,102.6,2,1,1.00,CYCLE,S
IND,208,6592,59452,14/01/2019,08:54:04,15,1,21.6,1.0,169.6,169.4,2,1,1.00,CYCLE,N
IND,208,6592,59453,14/01/2019,08:54:58,15,0,25.8,1.1,140.1,139.9,2,1,1.00,CYCLE,S
IND,208,6592,59453,14/01/2019,08:55:01,15,0,23.3,1.1,2.6,2.4,2,1,1.00,CYCLE,S
IND,208,6592,59453,14/01/2019,08:55:05,15,0,20.3,1.0,4.3,4.2,2,1,1.00,CYCLE,S
IND,208,6592,59453,14/01/2019,08:56:10,15,0,23.0,1.1,64.2,64.0,2,1,1.00,CYCLE,S
IND,208,6592,59453,14/01/2019,08:57:04,15,0,23.2,1.0,54.6,54.4,2,1,1.00,CYCLE,S
IND,208,6592,59453,14/01/2019,08:58:31,15,0,21.8,1.1,86.9,86.8,2,1,1.00,CYCLE,S
IND,208,6592,59453,14/01/2019,08:58:49,15,0,24.1,1.0,18.0,17.8,2,1,1.00,CYCLE,S
IND,208,6592,59452,14/01/2019,09:01:22,15,1,20.7,1.0,438.2,438.0,2,1,1.00,CYCLE,N
IND,208,6592,59452,14/01/2019,09:01:22,15,1,20.7,1.0,0.0,0.0,2,1,1.00,CYCLE,N
IND,208,6592,59453,14/01/2019,09:01:25,15,0,29.0,1.1,155.7,155.6,2,1,1.00,CYCLE,S
IND,208,6592,59453,14/01/2019,09:01:27,15,0,32.6,1.0,1.8,1.7,2,1,1.00,CYCLE,S
IND,208,6592,59453,14/01/2019,09:01:58,15,0,28.2,1.0,31.7,31.6,2,1,1.00,CYCLE,S
IND,208,6592,59453,14/01/2019,09:02:12,15,0,26.6,1.0,13.4,13.3,2,1,1.00,CYCLE,S
IND,208,6592,59452,14/01/2019,09:03:09,15,1,27.0,1.1,106.9,106.6,2,1,1.00,CYCLE,N
IND,208,6592,59453,14/01/2019,09:07:10,15,0,24.2,1.0,298.6,298.4,2,1,1.00,CYCLE,S
IND,208,6592,59453,14/01/2019,09:08:49,15,0,23.5,1.1,98.9,98.8,2,1,1.00,CYCLE,S
IND,208,6592,59453,14/01/2019,09:09:45,15,0,23.8,1.0,56.2,56.0,2,1,1.00,CYCLE,S
IND,208,6592,59453,14/01/2019,09:10:22,15,0,26.9,1.1,36.3,36.1,2,1,1.00,CYCLE,S
IND,208,6592,59452,14/01/2019,09:10:48,15,1,13.8,1.0,232.2,232.1,2,1,1.00,CYCLE,N
IND,208,6592,59452,14/01/2019,09:10:48,15,1,13.8,1.0,0.0,0.0,2,1,1.00,CYCLE,N
IND,208,6592,59453,14/01/2019,09:15:21,15,0,23.9,1.1,299.8,299.6,2,1,1.00,CYCLE,S
IND,208,6592,59453,14/01/2019,09:16:11,15,0,24.6,1.0,49.3,49.1,2,1,1.00,CYCLE,S
IND,208,6592,59453,14/01/2019,09:16:11,15,0,24.0,1.0,0.7,0.5,2,1,1.00,CYCLE,S
IND,208,6592,59453,14/01/2019,09:19:17,15,0,27.6,1.0,185.3,185.1,2,1,1.00,CYCLE,S
IND,208,6592,59453,14/01/2019,09:21:05,15,0,22.7,1.1,108.5,108.4,2,1,1.00,CYCLE,S
IND,208,6592,59453,14/01/2019,09:24:23,15,0,23.5,1.0,198.2,198.0,2,1,1.00,CYCLE,S
IND,208,6592,59453,14/01/2019,09:26:00,15,0,22.6,1.1,96.4,96.3,2,1,1.00,CYCLE,S
IND,208,6592,59452,14/01/2019,09:26:25,15,1,28.3,1.0,263.7,263.5,2,1,1.00,CYCLE,N
IND,208,6592,59453,14/01/2019,09:27:23,15,0,19.8,1.1,80.7,80.7,2,1,1.00,CYCLE,S
IND,208,6592,59453,14/01/2019,09:28:12,15,0,21.5,1.1,49.0,48.8,2,1,1.00,CYCLE,S
IND,208,6592,59453,14/01/2019,09:28:40,15,0,28.4,1.0,27.6,27.4,2,1,1.00,CYCLE,S
IND,208,6592,59452,14/01/2019,09:28:43,15,1,18.0,1.0,138.0,137.9,2,1,1.00,CYCLE,N
IND,208,6592,59453,14/01/2019,09:30:30,15,0,23.5,1.1,110.5,110.4,2,1,1.00,CYCLE,S
IND,208,6592,59453,14/01/2019,09:31:24,15,0,23.4,1.1,53.6,53.4,2,1,1.00,CYCLE,S
IND,208,6592,59453,14/01/2019,09:32:06,15,0,27.7,1.1,41.5,41.3,2,1,1.00,CYCLE,S
IND,208,6592,59453,14/01/2019,09:32:06,15,0,24.2,1.1,0.3,0.2,2,1,1.00,CYCLE,S
IND,208,6592,59453,14/01/2019,09:33:57,15,0,18.9,1.1,111.1,110.9,2,1,1.00,CYCLE,S
IND,208,6592,59453,14/01/2019,09:34:39,15,0,26.2,1.1,41.9,41.7,2,1,1.00,CYCLE,S
IND,208,6592,59453,14/01/2019,09:37:29,15,0,23.0,1.0,170.0,169.8,2,1,1.00,CYCLE,S
IND,208,6592,59453,14/01/2019,09:40:46,15,0,24.2,1.0,196.7,196.6,2,1,1.00,CYCLE,S
IND,208,6592,59453,14/01/2019,09:43:21,15,0,21.9,1.0,155.7,155.6,2,1,1.00,CYCLE,S
IND,208,6592,59453,14/01/2019,09:45:28,15,0,20.0,1.0,18.9,18.7,2,1,1.00,CYCLE,S
IND,208,6592,59452,14/01/2019,09:46:03,15,1,21.7,1.1,459.4,459.1,2,1,1.00,CYCLE,N
IND,208,6592,59452,14/01/2019,09:47:21,15,1,22.9,1.1,77.7,77.5,2,1,1.00,CYCLE,N
IND,208,6592,59452,14/01/2019,09:47:22,15,1,22.7,1.0,1.3,1.2,2,1,1.00,CYCLE,N
IND,208,6592,59453,14/01/2019,09:48:31,15,0,30.2,1.1,183.0,182.8,2,1,1.00,CYCLE,S
IND,208,6592,59453,14/01/2019,09:50:09,15,0,23.4,1.1,97.7,97.6,2,1,1.00,CYCLE,S
IND,208,6592,59453,14/01/2019,09:50:40,15,0,24.0,1.1,31.4,31.3,2,1,1.00,CYCLE,S
IND,208,6592,59453,14/01/2019,09:52:20,15,0,19.2,1.0,99.6,99.5,2,1,1.00,CYCLE,S
IND,208,6592,59453,14/01/2019,09:54:31,15,0,29.1,1.0,131.3,131.1,2,1,1.00,CYCLE,S
IND,208,6592,59453,14/01/2019,09:54:32,15,0,28.3,1.2,0.9,0.8,2,1,1.00,CYCLE,S
IND,208,6592,59453,14/01/2019,09:56:13,15,0,21.0,1.0,101.1,100.9,2,1,1.00,CYCLE,S
IND,208,6592,59452,14/01/2019,09:57:02,15,1,26.2,1.1,579.7,579.5,2,1,1.00,CYCLE,N
IND,208,6592,59453,14/01/2019,10:00:18,15,0,24.5,1.1,245.5,245.3,2,1,1.00,CYCLE,S
IND,208,6592,59453,14/01/2019,10:00:27,15,0,19.8,1.1,8.9,8.8,2,1,1.00,CYCLE,S
IND,208,6592,59453,14/01/2019,10:00:54,15,0,24.3,1.0,26.6,26.4,2,1,1.00,CYCLE,S
IND,208,6592,59453,14/01/2019,10:01:48,15,0,24.9,1.0,54.2,54.0,2,1,1.00,CYCLE,S
IND,208,6592,59453,14/01/2019,10:01:59,15,0,21.5,1.0,11.1,11.0,2,1,1.00,CYCLE,S
IND,208,6592,59452,14/01/2019,10:02:26,15,1,32.8,1.0,71.7,71.5,2,1,1.00,CYCLE,N
IND,208,6592,59452,14/01/2019,10:03:07,15,1,21.7,1.1,40.9,40.8,2,1,1.00,CYCLE,N
IND,208,6592,59453,14/01/2019,10:03:19,15,0,24.1,1.1,79.5,79.3,2,1,1.00,CYCLE,S
IND,208,6592,59453,14/01/2019,10:03:49,15,0,19.8,1.1,29.8,29.6,2,1,1.00,CYCLE,S
IND,208,6592,59453,14/01/2019,10:06:48,15,0,25.6,1.0,179.3,179.1,2,1,1.00,CYCLE,S
IND,208,6592,59453,14/01/2019,10:13:36,15,0,25.1,1.1,408.6,408.5,2,1,1.00,CYCLE,S
IND,208,6592,59452,14/01/2019,10:15:30,15,1,29.3,1.1,743.1,742.9,2,1,1.00,CYCLE,N
IND,208,6592,59452,14/01/2019,10:15:42,15,1,16.6,1.1,11.6,11.5,2,1,1.00,CYCLE,N
IND,208,6592,59453,14/01/2019,10:16:47,15,0,19.3,1.0,190.3,190.2,2,1,1.00,CYCLE,S
IND,208,6592,59452,14/01/2019,10:17:18,15,1,27.5,1.0,96.4,96.1,2,1,1.00,CYCLE,N
IND,208,6592,59453,14/01/2019,10:17:33,15,0,28.1,1.0,45.9,45.7,2,1,1.00,CYCLE,S
IND,208,6592,59452,14/01/2019,10:23:14,15,1,23.5,1.1,355.6,355.5,2,1,1.00,CYCLE,N
IND,208,6592,59453,14/01/2019,10:26:16,15,0,24.0,1.0,523.4,523.3,2,1,1.00,CYCLE,S
IND,208,6592,59453,14/01/2019,10:26:18,15,0,22.1,1.0,2.0,1.9,2,1,1.00,CYCLE,S
IND,208,6592,59452,14/01/2019,10:26:40,15,1,25.8,1.1,206.4,206.2,2,1,1.00,CYCLE,N
IND,208,6592,59453,14/01/2019,10:26:41,15,0,24.8,1.0,23.1,22.9,2,1,1.00,CYCLE,S
IND,208,6592,59453,14/01/2019,10:29:55,15,0,26.3,1.0,193.7,193.6,2,1,1.00,CYCLE,S
IND,208,6592,59453,14/01/2019,10:33:30,15,0,20.4,1.0,215.0,214.8,2,1,1.00,CYCLE,S
IND,208,6592,59452,14/01/2019,10:34:07,15,1,21.9,1.1,446.8,446.6,2,1,1.00,CYCLE,N
IND,208,6592,59452,14/01/2019,10:36:03,15,1,18.7,1.1,116.0,115.8,2,1,1.00,CYCLE,N
IND,208,6592,59453,14/01/2019,10:36:49,15,0,23.7,1.0,199.3,199.1,2,1,1.00,CYCLE,S
IND,208,6592,59453,14/01/2019,10:36:53,15,0,25.1,1.1,3.9,3.8,2,1,1.00,CYCLE,S
IND,208,6592,59453,14/01/2019,10:40:09,15,0,18.8,1.0,195.5,195.3,2,1,1.00,CYCLE,S
IND,208,6592,59453,14/01/2019,10:40:09,15,0,18.4,1.0,0.5,0.4,2,1,1.00,CYCLE,S
IND,208,6592,59453,14/01/2019,10:40:09,15,0,18.8,1.0,0.3,0.1,2,1,1.00,CYCLE,S
IND,208,6592,59453,14/01/2019,10:40:34,15,0,31.3,1.0,24.2,24.0,2,1,1.00,CYCLE,S
IND,208,6592,59453,14/01/2019,10:42:48,15,0,21.6,1.1,134.5,134.4,2,1,1.00,CYCLE,S
IND,208,6592,59453,14/01/2019,10:45:54,15,0,16.2,1.0,186.1,186.0,2,1,0.86,CYCLE,S
IND,208,6592,59453,14/01/2019,10:49:17,15,0,23.4,1.1,202.4,202.1,2,1,1.00,CYCLE,S
IND,208,6592,59453,14/01/2019,10:49:18,15,0,22.4,1.1,0.9,0.7,2,1,1.00,CYCLE,S
IND,208,6592,59453,14/01/2019,10:51:19,15,0,26.2,1.1,121.3,121.1,2,1,1.00,CYCLE,S
IND,208,6592,59453,14/01/2019,10:51:54,15,0,30.9,1.0,35.2,35.0,2,1,1.00,CYCLE,S
IND,208,6592,59453,14/01/2019,10:51:58,15,0,18.6,1.0,3.7,3.6,2,1,1.00,CYCLE,S
IND,208,6592,59453,14/01/2019,10:52:13,15,0,18.0,1.1,15.7,15.5,2,1,1.00,CYCLE,S
IND,208,6592,59453,14/01/2019,10:52:46,15,0,14.2,1.0,32.5,32.3,2,1,1.00,CYCLE,S
IND,208,6592,59452,14/01/2019,10:54:49,15,1,27.7,1.0,1126.7,1126.5,2,1,1.00,CYCLE,N
IND,208,6592,59452,14/01/2019,10:54:51,15,1,29.8,1.0,1.3,1.2,2,1,1.00,CYCLE,N
IND,208,6592,59453,14/01/2019,10:59:00,15,0,25.8,1.0,373.6,373.3,2,1,1.00,CYCLE,S
IND,208,6592,59452,14/01/2019,11:01:33,15,1,28.9,1.0,402.4,402.2,2,1,1.00,CYCLE,N
IND,208,6592,59453,14/01/2019,11:03:48,15,0,23.7,1.2,288.8,288.6,2,1,1.00,CYCLE,S
IND,208,6592,59453,14/01/2019,11:03:50,15,0,24.4,1.2,1.7,1.5,2,1,1.00,CYCLE,S
IND,208,6592,59452,14/01/2019,11:06:58,15,1,27.5,1.0,325.3,325.2,2,1,1.00,CYCLE,N
IND,208,6592,59452,14/01/2019,11:09:03,15,1,29.1,1.0,124.4,124.2,2,1,1.00,CYCLE,N
IND,208,6592,59452,14/01/2019,11:16:06,15,1,31.8,1.1,421.8,421.7,2,1,1.00,CYCLE,N
IND,208,6592,59453,14/01/2019,11:19:41,15,0,24.3,1.0,950.7,950.5,2,1,1.00,CYCLE,S
IND,208,6592,59452,14/01/2019,11:19:46,15,1,25.4,1.0,219.5,219.4,2,1,1.00,CYCLE,N
IND,208,6592,59452,14/01/2019,11:19:47,15,1,26.4,1.0,1.0,0.8,2,1,1.00,CYCLE,N
IND,208,6592,59453,14/01/2019,11:22:38,15,0,16.4,1.1,177.7,177.5,2,1,1.00,CYCLE,S
IND,208,6592,59453,14/01/2019,11:25:21,15,0,22.1,1.1,162.3,162.1,2,1,1.00,CYCLE,S
IND,208,6592,59452,14/01/2019,11:26:38,15,1,21.8,1.0,411.6,411.5,2,1,1.00,CYCLE,N
IND,208,6592,59452,14/01/2019,11:33:05,15,1,27.0,1.0,387.3,387.2,2,1,1.00,CYCLE,N
IND,208,6592,59452,14/01/2019,11:33:10,15,1,22.3,1.1,4.7,4.6,2,1,1.00,CYCLE,N
IND,208,6592,59452,14/01/2019,11:34:27,15,1,4.0,1.0,77.3,77.0,2,1,0.67,CYCLE,N
IND,208,6592,59453,14/01/2019,11:34:50,15,0,24.4,1.0,569.8,569.6,2,1,1.00,CYCLE,S
IND,208,6592,59452,14/01/2019,11:38:36,15,1,28.5,1.0,248.6,247.7,2,1,1.00,CYCLE,N
IND,208,6592,59453,14/01/2019,11:39:38,15,0,22.9,1.0,287.6,287.5,2,1,1.00,CYCLE,S
IND,208,6592,59452,14/01/2019,11:40:08,15,1,16.9,1.0,91.6,91.5,2,1,1.00,CYCLE,N
IND,208,6592,59452,14/01/2019,11:43:21,15,1,20.0,1.1,193.4,193.2,2,1,1.00,CYCLE,N
IND,208,6592,59452,14/01/2019,11:43:22,15,1,19.6,1.1,0.7,0.5,2,1,1.00,CYCLE,N
IND,208,6592,59452,14/01/2019,11:45:15,15,1,14.9,1.1,113.0,112.8,2,1,1.00,CYCLE,N
IND,208,6592,59452,14/01/2019,11:45:51,15,1,17.1,1.1,36.1,35.9,2,1,1.00,CYCLE,N
IND,208,6592,59453,14/01/2019,11:47:09,15,0,27.4,1.0,451.0,450.8,2,1,1.00,CYCLE,S
IND,208,6592,59452,14/01/2019,11:48:21,15,1,26.0,1.1,150.2,149.9,2,1,1.00,CYCLE,N
IND,208,6592,59452,14/01/2019,11:49:39,15,1,17.3,1.1,77.7,77.6,2,1,1.00,CYCLE,N
IND,208,6592,59453,14/01/2019,11:50:50,15,0,28.8,1.0,221.4,221.2,2,1,1.00,CYCLE,S
IND,208,6592,59453,14/01/2019,11:51:23,15,0,25.6,1.1,32.3,32.2,2,1,1.00,CYCLE,S
IND,208,6592,59452,14/01/2019,11:51:23,15,1,30.0,1.0,104.5,104.2,2,1,1.00,CYCLE,N
IND,208,6592,59452,14/01/2019,11:51:30,15,1,23.6,1.1,6.8,6.7,2,1,1.00,CYCLE,N
IND,208,6592,59452,14/01/2019,11:56:56,15,1,27.8,1.1,326.2,326.1,2,1,1.00,CYCLE,N
IND,208,6592,59452,14/01/2019,11:57:35,15,1,24.9,1.1,39.1,38.9,2,1,1.00,CYCLE,N
IND,208,6592,59452,14/01/2019,11:57:40,15,1,16.5,1.1,4.3,4.2,2,1,1.00,CYCLE,N
IND,208,6592,59452,14/01/2019,11:57:41,15,1,19.3,1.1,1.6,1.4,2,1,1.00,CYCLE,N
IND,208,6592,59452,14/01/2019,11:59:05,15,1,27.3,1.1,83.9,83.7,2,1,1.00,CYCLE,N
IND,208,6592,59453,14/01/2019,11:59:37,15,0,21.2,1.0,494.7,494.6,2,1,1.00,CYCLE,S
IND,208,6592,59452,14/01/2019,12:01:50,15,1,29.0,1.1,165.1,164.9,2,1,1.00,CYCLE,N
IND,208,6592,59453,14/01/2019,12:02:29,15,0,18.9,1.1,171.8,171.6,2,1,1.00,CYCLE,S
IND,208,6592,59452,14/01/2019,12:03:52,15,1,27.6,1.0,122.0,121.9,2,1,1.00,CYCLE,N
IND,208,6592,59453,14/01/2019,12:05:13,15,0,21.9,1.1,163.7,163.5,2,1,1.00,CYCLE,S
IND,208,6592,59453,14/01/2019,12:05:14,15,0,25.5,1.0,1.6,1.4,2,1,1.00,CYCLE,S
IND,208,6592,59453,14/01/2019,12:07:02,15,0,20.8,1.0,107.4,107.3,2,1,1.00,CYCLE,S
IND,208,6592,59452,14/01/2019,12:09:32,15,1,23.2,1.1,339.6,339.5,2,1,1.00,CYCLE,N
IND,208,6592,59453,14/01/2019,12:15:24,15,0,25.3,1.1,502.2,502.0,2,1,1.00,CYCLE,S
IND,208,6592,59453,14/01/2019,12:18:43,15,0,24.5,1.1,199.1,199.0,2,1,1.00,CYCLE,S
IND,208,6592,59453,14/01/2019,12:21:29,15,0,26.7,1.1,165.4,165.2,2,1,1.00,CYCLE,S
IND,208,6592,59452,14/01/2019,12:28:35,15,1,20.1,1.1,1142.6,1142.5,2,1,1.00,CYCLE,N
IND,208,6592,59452,14/01/2019,12:30:08,15,1,20.5,1.1,93.5,93.3,2,1,1.00,CYCLE,N
IND,208,6592,59452,14/01/2019,12:31:56,15,1,19.4,1.1,108.4,108.2,2,1,1.00,CYCLE,N
IND,208,6592,59453,14/01/2019,12:33:54,15,0,25.7,1.0,229.1,228.9,2,1,1.00,CYCLE,S
IND,208,6592,59453,14/01/2019,12:37:10,15,0,28.5,1.0,195.9,195.7,2,1,1.00,CYCLE,S
IND,208,6592,59452,14/01/2019,12:37:41,15,1,21.4,1.0,344.3,344.1,2,1,1.00,CYCLE,N
IND,208,6592,59453,14/01/2019,12:38:21,15,0,23.2,1.1,71.2,71.1,2,1,1.00,CYCLE,S
IND,208,6592,59452,14/01/2019,12:39:17,15,1,25.9,1.1,96.0,95.8,2,1,1.00,CYCLE,N
IND,208,6592,59453,14/01/2019,12:41:00,15,0,16.3,1.0,159.1,158.9,2,1,1.00,CYCLE,S
IND,208,6592,59453,14/01/2019,12:41:00,15,0,16.3,1.0,0.0,0.0,2,1,1.00,CYCLE,S
IND,208,6592,59453,14/01/2019,12:41:39,15,0,17.2,1.0,38.4,38.1,2,1,1.00,CYCLE,S
IND,208,6592,59452,14/01/2019,12:42:54,15,1,33.7,1.0,217.5,217.3,2,1,1.00,CYCLE,N
IND,208,6592,59452,14/01/2019,12:43:15,15,1,21.5,1.1,21.2,21.1,2,1,1.00,CYCLE,N
IND,208,6592,59453,14/01/2019,12:45:41,15,0,14.8,1.0,242.6,242.4,2,1,1.00,CYCLE,S
IND,208,6592,59453,14/01/2019,12:53:43,15,0,17.2,1.1,482.0,481.7,2,1,1.00,CYCLE,S
IND,208,6592,59453,14/01/2019,12:53:45,15,0,29.7,1.1,1.5,1.3,2,1,1.00,CYCLE,S
IND,208,6592,59452,14/01/2019,12:54:39,15,1,29.0,1.1,683.6,683.4,2,1,1.00,CYCLE,N
IND,208,6592,59452,14/01/2019,12:54:52,15,1,29.1,1.1,13.3,13.2,2,1,1.00,CYCLE,N
IND,208,6592,59452,14/01/2019,12:54:56,15,1,15.5,1.0,4.1,4.0,2,1,1.00,CYCLE,N
IND,208,6592,59452,14/01/2019,12:54:59,15,1,14.9,1.1,2.3,2.1,2,1,1.00,CYCLE,N
IND,208,6592,59452,14/01/2019,12:55:00,15,1,14.0,1.1,1.0,0.8,2,1,1.00,CYCLE,N
IND,208,6592,59452,14/01/2019,12:55:01,15,1,14.4,1.1,0.9,0.6,2,1,1.00,CYCLE,N
IND,208,6592,59452,14/01/2019,12:55:02,15,1,15.0,1.1,1.6,1.3,2,1,1.00,CYCLE,N
IND,208,6592,59452,14/01/2019,13:00:03,15,1,24.6,1.1,300.6,300.3,2,1,1.00,CYCLE,N
IND,208,6592,59452,14/01/2019,13:03:45,15,1,24.8,1.0,222.6,222.4,2,1,1.00,CYCLE,N
IND,208,6592,59452,14/01/2019,13:04:50,15,1,28.8,1.0,64.8,64.6,2,1,1.00,CYCLE,N
IND,208,6592,59452,14/01/2019,13:05:27,15,1,21.1,1.1,36.9,36.8,2,1,1.00,CYCLE,N
IND,208,6592,59453,14/01/2019,13:08:46,15,0,22.6,1.1,901.1,900.9,2,1,1.00,CYCLE,S
IND,208,6592,59452,14/01/2019,13:10:03,15,1,34.0,1.0,276.4,276.2,2,1,1.00,CYCLE,N
IND,208,6592,59453,14/01/2019,13:12:08,15,0,19.6,1.1,202.7,202.5,2,1,1.00,CYCLE,S
IND,208,6592,59452,14/01/2019,13:12:39,15,1,26.7,1.1,155.4,155.3,2,1,1.00,CYCLE,N
IND,208,6592,59452,14/01/2019,13:12:45,15,1,20.2,1.0,5.9,5.7,2,1,1.00,CYCLE,N
IND,208,6592,59453,14/01/2019,13:15:14,15,0,25.1,1.1,186.0,185.8,2,1,1.00,CYCLE,S
IND,208,6592,59452,14/01/2019,13:16:28,15,1,23.6,1.1,222.9,222.7,2,1,1.00,CYCLE,N
IND,208,6592,59452,14/01/2019,13:16:29,15,1,22.8,1.1,1.7,1.6,2,1,1.00,CYCLE,N
IND,208,6592,59452,14/01/2019,13:19:20,15,1,27.9,1.1,170.6,170.4,2,1,1.00,CYCLE,N
IND,208,6592,59453,14/01/2019,13:20:30,15,0,25.1,1.0,315.9,315.8,2,1,1.00,CYCLE,S
IND,208,6592,59453,14/01/2019,13:23:30,15,0,25.7,1.0,179.5,179.3,2,1,1.00,CYCLE,S
IND,208,6592,59452,14/01/2019,13:23:30,15,1,26.0,1.1,250.1,250.0,2,1,1.00,CYCLE,N
IND,208,6592,59453,14/01/2019,13:23:33,15,0,26.6,1.0,3.2,3.0,2,1,1.00,CYCLE,S
IND,208,6592,59452,14/01/2019,13:23:57,15,1,20.3,1.0,26.7,26.6,2,1,1.00,CYCLE,N
IND,208,6592,59452,14/01/2019,13:25:32,15,1,28.7,1.0,95.7,95.5,2,1,1.00,CYCLE,N
IND,208,6592,59453,14/01/2019,13:31:25,15,0,23.1,1.0,472.4,472.2,2,1,1.00,CYCLE,S
IND,208,6592,59452,14/01/2019,13:32:13,15,1,21.3,1.1,400.9,400.8,2,1,1.00,CYCLE,N
IND,208,6592,59453,14/01/2019,13:35:26,15,0,22.2,1.0,241.0,240.8,2,1,1.00,CYCLE,S
IND,208,6592,59452,14/01/2019,13:36:11,15,1,22.7,1.1,237.2,237.0,2,1,1.00,CYCLE,N
IND,208,6592,59452,14/01/2019,13:36:13,15,1,19.5,1.0,2.9,2.7,2,1,1.00,CYCLE,N
IND,208,6592,59452,14/01/2019,13:39:35,15,1,25.5,1.0,201.8,201.6,2,1,1.00,CYCLE,N
IND,208,6592,59452,14/01/2019,13:40:27,15,1,32.3,1.0,51.6,51.5,2,1,1.00,CYCLE,N
IND,208,6592,59452,14/01/2019,13:40:57,15,1,24.7,1.1,30.5,30.4,2,1,1.00,CYCLE,N
IND,208,6592,59452,14/01/2019,13:41:00,15,1,25.5,1.0,2.7,2.6,2,1,1.00,CYCLE,N
IND,208,6592,59452,14/01/2019,13:41:04,15,1,24.3,1.0,3.6,3.5,2,1,1.00,CYCLE,N
IND,208,6592,59452,14/01/2019,13:41:11,15,1,13.0,0.5,7.2,7.1,2,1,1.00,CYCLE,N
IND,208,6592,59453,14/01/2019,13:41:30,15,0,26.6,1.0,364.0,363.8,2,1,1.00,CYCLE,S
IND,208,6592,59452,14/01/2019,13:42:52,15,1,27.2,1.1,100.6,100.4,2,1,1.00,CYCLE,N
IND,208,6592,59452,14/01/2019,13:42:55,15,1,24.7,1.0,3.2,3.1,2,1,1.00,CYCLE,N
IND,208,6592,59452,14/01/2019,13:42:58,15,1,23.1,1.1,3.7,3.5,2,1,1.00,CYCLE,N
IND,208,6592,59452,14/01/2019,13:44:51,15,1,28.0,1.0,112.4,112.2,2,1,1.00,CYCLE,N
IND,208,6592,59452,14/01/2019,13:44:54,15,1,23.8,1.1,3.4,3.2,2,1,1.00,CYCLE,N
IND,208,6592,59452,14/01/2019,13:48:25,15,1,28.1,1.0,210.5,210.3,2,1,1.00,CYCLE,N
IND,208,6592,59452,14/01/2019,13:50:18,15,1,29.6,1.0,113.7,113.6,2,1,1.00,CYCLE,N
IND,208,6592,59452,14/01/2019,13:50:31,15,1,28.0,1.0,12.8,12.6,2,1,1.00,CYCLE,N
IND,208,6592,59452,14/01/2019,13:51:06,15,1,22.8,1.1,35.2,35.1,2,1,1.00,CYCLE,N
IND,208,6592,59453,14/01/2019,13:51:38,15,0,28.2,1.0,607.2,607.1,2,1,1.00,CYCLE,S
IND,208,6592,59453,14/01/2019,13:51:56,15,0,27.4,1.0,18.8,18.6,2,1,1.00,CYCLE,S
IND,208,6592,59452,14/01/2019,13:52:39,15,1,30.8,1.0,92.6,92.4,2,1,1.00,CYCLE,N
IND,208,6592,59452,14/01/2019,13:52:39,15,1,31.2,1.0,0.3,0.2,2,1,1.00,CYCLE,N
IND,208,6592,59452,14/01/2019,13:52:41,15,1,30.4,1.1,1.5,1.4,2,1,1.00,CYCLE,N
IND,208,6592,59453,14/01/2019,13:54:30,15,0,33.6,1.0,154.0,153.8,2,1,1.00,CYCLE,S
IND,208,6592,59453,14/01/2019,13:56:19,15,0,16.0,1.1,108.8,108.7,2,1,1.00,CYCLE,S
IND,208,6592,59452,14/01/2019,13:57:00,15,1,25.9,1.0,219.0,218.8,2,1,1.00,CYCLE,N
IND,208,6592,59452,14/01/2019,13:58:48,15,1,21.8,1.1,107.9,107.8,2,1,1.00,CYCLE,N
IND,208,6592,59453,14/01/2019,13:59:41,15,0,22.9,1.0,202.4,202.2,2,1,1.00,CYCLE,S
IND,208,6592,59452,14/01/2019,14:00:35,15,1,30.1,1.1,106.5,106.3,2,1,1.00,CYCLE,N
IND,208,6592,59452,14/01/2019,14:00:36,15,1,29.2,1.1,1.5,1.4,2,1,1.00,CYCLE,N
IND,208,6592,59453,14/01/2019,14:02:18,15,0,22.0,1.1,156.3,156.1,2,1,1.00,CYCLE,S
IND,208,6592,59452,14/01/2019,14:02:49,15,1,23.9,1.0,132.8,132.7,2,1,1.00,CYCLE,N
IND,208,6592,59452,14/01/2019,14:02:53,15,1,22.0,1.0,3.8,3.7,2,1,1.00,CYCLE,N
IND,208,6592,59453,14/01/2019,14:04:11,15,0,25.2,1.1,113.2,113.0,2,1,1.00,CYCLE,S
IND,208,6592,59452,14/01/2019,14:04:38,15,1,26.5,1.0,104.8,104.6,2,1,1.00,CYCLE,N
IND,208,6592,59452,14/01/2019,14:04:38,15,1,26.5,1.0,0.0,0.0,2,1,1.00,CYCLE,N
IND,208,6592,59452,14/01/2019,14:04:38,15,1,31.1,1.0,0.7,0.5,2,1,1.00,CYCLE,N
IND,208,6592,59452,14/01/2019,14:04:39,15,1,24.9,1.1,1.2,1.1,2,1,1.00,CYCLE,N
IND,208,6592,59452,14/01/2019,14:06:12,15,1,20.5,1.1,92.8,92.6,2,1,1.00,CYCLE,N
IND,208,6592,59453,14/01/2019,14:06:19,15,0,23.0,1.0,127.9,127.8,2,1,1.00,CYCLE,S
IND,208,6592,59452,14/01/2019,14:07:06,15,1,25.3,1.0,53.4,53.2,2,1,0.50,CYCLE,N
IND,208,6592,59453,14/01/2019,14:07:06,15,0,25.3,1.0,0.0,0.0,2,1,0.50,CYCLE,S
IND,208,6592,59452,14/01/2019,14:07:11,15,1,15.9,1.1,5.2,4.8,2,1,1.00,CYCLE,N
IND,208,6592,59453,14/01/2019,14:11:26,15,0,22.6,1.1,307.3,307.1,2,1,1.00,CYCLE,S
IND,208,6592,59452,14/01/2019,14:12:18,15,1,26.2,1.1,307.1,306.8,2,1,1.00,CYCLE,N
IND,208,6592,59452,14/01/2019,14:12:26,15,1,22.2,1.0,8.6,8.4,2,1,1.00,CYCLE,N
IND,208,6592,59453,14/01/2019,14:13:42,15,0,21.8,1.1,135.5,135.3,2,1,1.00,CYCLE,S
IND,208,6592,59452,14/01/2019,14:14:01,15,1,24.8,1.1,94.5,94.3,2,1,1.00,CYCLE,N
IND,208,6592,59452,14/01/2019,14:15:49,15,1,28.1,1.0,108.1,107.9,2,1,1.00,CYCLE,N
IND,208,6592,59452,14/01/2019,14:17:50,15,1,32.4,1.1,120.8,120.6,2,1,1.00,CYCLE,N
IND,208,6592,59452,14/01/2019,14:17:52,15,1,32.1,1.0,2.6,2.5,2,1,1.00,CYCLE,N
IND,208,6592,59452,14/01/2019,14:18:13,15,1,27.5,1.0,20.8,20.7,2,1,1.00,CYCLE,N
IND,208,6592,59452,14/01/2019,14:18:16,15,1,24.6,1.0,2.9,2.7,2,1,1.00,CYCLE,N
IND,208,6592,59452,14/01/2019,14:18:19,15,1,25.9,1.1,2.9,2.8,2,1,1.00,CYCLE,N
IND,208,6592,59452,14/01/2019,14:21:44,15,1,24.4,1.1,205.0,204.9,2,1,1.00,CYCLE,N
IND,208,6592,59452,14/01/2019,14:21:49,15,1,29.0,1.0,5.1,5.0,2,1,1.00,CYCLE,N
IND,208,6592,59452,14/01/2019,14:21:51,15,1,28.4,1.0,1.4,1.3,2,1,1.00,CYCLE,N
IND,208,6592,59452,14/01/2019,14:22:59,15,1,26.0,1.0,68.5,68.4,2,1,1.00,CYCLE,N
IND,208,6592,59452,14/01/2019,14:24:03,15,1,32.1,1.1,64.0,63.8,2,1,1.00,CYCLE,N
IND,208,6592,59452,14/01/2019,14:24:05,15,1,28.9,1.0,1.7,1.6,2,1,1.00,CYCLE,N
IND,208,6592,59452,14/01/2019,14:24:08,15,1,27.0,1.0,2.9,2.8,2,1,1.00,CYCLE,N
IND,208,6592,59453,14/01/2019,14:24:34,15,0,25.4,0.8,652.7,652.5,2,1,1.00,CYCLE,S
IND,208,6592,59452,14/01/2019,14:25:44,15,1,34.9,1.0,96.7,96.6,2,1,1.00,CYCLE,N
IND,208,6592,59452,14/01/2019,14:25:46,15,1,25.4,1.0,1.7,1.6,2,1,1.00,CYCLE,N
IND,208,6592,59452,14/01/2019,14:25:47,15,1,25.9,1.0,0.5,0.4,2,1,1.00,CYCLE,N
IND,208,6592,59452,14/01/2019,14:25:47,15,1,26.0,1.0,0.5,0.4,2,1,1.00,CYCLE,N
IND,208,6592,59452,14/01/2019,14:25:48,15,1,25.2,1.0,0.5,0.4,2,1,1.00,CYCLE,N
IND,208,6592,59452,14/01/2019,14:26:14,15,1,24.2,1.0,26.1,25.9,2,1,1.00,CYCLE,N
IND,208,6592,59452,14/01/2019,14:26:16,15,1,22.5,1.1,1.8,1.7,2,1,1.00,CYCLE,N
IND,208,6592,59452,14/01/2019,14:26:18,15,1,21.6,1.1,2.5,2.3,2,1,1.00,CYCLE,N
IND,208,6592,59452,14/01/2019,14:26:25,15,1,19.7,1.1,6.9,6.8,2,1,1.00,CYCLE,N
IND,208,6592,59452,14/01/2019,14:26:27,15,1,17.2,1.0,1.7,1.5,2,1,1.00,CYCLE,N
IND,208,6592,59452,14/01/2019,14:26:38,15,1,29.2,1.0,11.8,11.5,2,1,1.00,CYCLE,N
IND,208,6592,59453,14/01/2019,14:26:47,15,0,17.9,1.1,132.2,132.1,2,1,1.00,CYCLE,S
IND,208,6592,59452,14/01/2019,14:29:27,15,1,26.3,1.0,168.7,168.6,2,1,1.00,CYCLE,N
IND,208,6592,59453,14/01/2019,14:29:37,15,0,25.1,1.0,170.4,170.1,2,1,1.00,CYCLE,S
IND,208,6592,59452,14/01/2019,14:29:57,15,1,23.6,1.1,29.8,29.7,2,1,1.00,CYCLE,N
IND,208,6592,59453,14/01/2019,14:30:49,15,0,18.2,1.1,71.7,71.6,2,1,1.00,CYCLE,S
IND,208,6592,59452,14/01/2019,14:31:06,15,1,27.4,1.0,69.3,69.1,2,1,1.00,CYCLE,N
IND,208,6592,59452,14/01/2019,14:31:17,15,1,24.3,1.0,10.5,10.4,2,1,1.00,CYCLE,N
IND,208,6592,59452,14/01/2019,14:31:18,15,1,11.3,1.0,1.7,1.7,2,1,1.00,CYCLE,N
IND,208,6592,59452,14/01/2019,14:31:22,15,1,13.3,0.9,3.1,2.8,2,1,1.00,CYCLE,N
IND,208,6592,59452,14/01/2019,14:35:20,15,1,27.7,1.0,238.1,237.8,2,1,1.00,CYCLE,N
IND,208,6592,59452,14/01/2019,14:37:18,15,1,29.1,1.1,118.2,118.0,2,1,1.00,CYCLE,N
IND,208,6592,59452,14/01/2019,14:37:23,15,1,33.0,1.0,5.4,5.2,2,1,1.00,CYCLE,N
IND,208,6592,59452,14/01/2019,14:37:26,15,1,28.9,1.0,3.1,3.0,2,1,1.00,CYCLE,N
IND,208,6592,59452,14/01/2019,14:37:31,15,1,23.2,1.0,4.6,4.5,2,1,1.00,CYCLE,N
IND,208,6592,59453,14/01/2019,14:37:55,15,0,22.9,1.1,426.7,426.5,2,1,1.00,CYCLE,S
IND,208,6592,59452,14/01/2019,14:39:31,15,1,34.3,1.0,120.1,119.9,2,1,1.00,CYCLE,N
IND,208,6592,59452,14/01/2019,14:39:32,15,1,33.9,1.0,1.0,0.9,2,1,1.00,CYCLE,N
IND,208,6592,59452,14/01/2019,14:39:33,15,1,31.4,1.0,1.6,1.5,2,1,1.00,CYCLE,N
IND,208,6592,59452,14/01/2019,14:39:37,15,1,35.1,0.9,3.9,3.8,2,1,1.00,CYCLE,N
IND,208,6592,59452,14/01/2019,14:39:45,15,1,21.6,1.0,7.5,7.4,2,1,1.00,CYCLE,N
IND,208,6592,59452,14/01/2019,14:40:59,15,1,31.6,1.0,74.4,74.2,2,1,1.00,CYCLE,N
IND,208,6592,59452,14/01/2019,14:41:03,15,1,30.6,1.0,3.4,3.3,2,1,1.00,CYCLE,N
IND,208,6592,59452,14/01/2019,14:41:22,15,1,24.4,1.0,19.0,18.9,2,1,1.00,CYCLE,N
IND,208,6592,59452,14/01/2019,14:41:23,15,1,24.8,1.1,1.6,1.4,2,1,1.00,CYCLE,N
IND,208,6592,59453,14/01/2019,14:43:17,15,0,15.5,1.1,159.7,159.7,2,1,1.00,CYCLE,S
IND,208,6592,59453,14/01/2019,14:43:58,15,0,30.2,1.0,40.9,40.7,2,1,1.00,CYCLE,S
IND,208,6592,59453,14/01/2019,14:45:03,15,0,24.2,1.0,64.8,64.7,2,1,1.00,CYCLE,S
IND,208,6592,59452,14/01/2019,14:45:26,15,1,37.2,1.0,242.7,242.6,2,1,1.00,CYCLE,N
IND,208,6592,59452,14/01/2019,14:45:30,15,1,29.7,1.0,3.9,3.8,2,1,1.00,CYCLE,N
IND,208,6592,59452,14/01/2019,14:45:34,15,1,24.5,1.1,3.9,3.8,2,1,1.00,CYCLE,N
IND,208,6592,59452,14/01/2019,14:45:36,15,1,25.1,1.1,2.0,1.8,2,1,1.00,CYCLE,N
IND,208,6592,59453,14/01/2019,14:47:38,15,0,19.9,1.0,155.4,155.2,2,1,1.00,CYCLE,S
IND,208,6592,59453,14/01/2019,14:47:39,15,0,19.3,1.1,0.9,0.7,2,1,1.00,CYCLE,S
IND,208,6592,59452,14/01/2019,14:47:40,15,1,28.4,1.0,124.5,124.4,2,1,1.00,CYCLE,N
IND,208,6592,59453,14/01/2019,14:48:36,15,0,23.0,1.1,56.5,56.3,2,1,1.00,CYCLE,S
IND,208,6592,59452,14/01/2019,14:48:39,15,1,26.3,0.9,59.0,58.9,2,1,1.00,CYCLE,N
IND,208,6592,59452,14/01/2019,14:49:30,15,1,28.9,1.0,51.1,50.9,2,1,1.00,CYCLE,N
IND,208,6592,59452,14/01/2019,14:50:30,15,1,25.6,1.1,59.6,59.4,2,1,1.00,CYCLE,N
IND,208,6592,59453,14/01/2019,14:50:59,15,0,23.3,1.1,143.7,143.5,2,1,1.00,CYCLE,S
IND,208,6592,59452,14/01/2019,14:51:10,15,1,30.5,1.1,39.9,39.7,2,1,1.00,CYCLE,N
IND,208,6592,59452,14/01/2019,14:51:21,15,1,17.5,1.0,11.3,11.2,2,1,1.00,CYCLE,N
IND,208,6592,59452,14/01/2019,14:52:45,15,1,28.9,1.1,83.8,83.5,2,1,1.00,CYCLE,N
IND,208,6592,59452,14/01/2019,14:52:49,15,1,29.0,1.0,4.3,4.2,2,1,1.00,CYCLE,N
IND,208,6592,59452,14/01/2019,14:52:55,15,1,27.1,1.1,5.9,5.8,2,1,1.00,CYCLE,N
IND,208,6592,59452,14/01/2019,14:53:04,15,1,25.4,1.2,9.5,9.4,2,1,1.00,CYCLE,N
IND,208,6592,59452,14/01/2019,14:53:09,15,1,27.6,1.1,4.7,4.6,2,1,1.00,CYCLE,N
IND,208,6592,59452,14/01/2019,14:53:10,15,1,23.0,1.1,0.9,0.8,2,1,1.00,CYCLE,N
IND,208,6592,59452,14/01/2019,14:53:12,15,1,21.6,1.1,1.5,1.3,2,1,1.00,CYCLE,N
IND,208,6592,59452,14/01/2019,14:53:50,15,1,4.8,0.4,38.5,38.5,2,1,1.00,CYCLE,N
IND,208,6592,59452,14/01/2019,14:54:55,15,1,23.6,1.1,64.7,64.4,2,1,1.00,CYCLE,N
IND,208,6592,59452,14/01/2019,14:55:04,15,1,20.9,1.1,9.7,9.5,2,1,1.00,CYCLE,N
IND,208,6592,59453,14/01/2019,14:55:06,15,0,31.9,1.0,246.8,246.6,2,1,1.00,CYCLE,S
IND,208,6592,59452,14/01/2019,14:56:22,15,1,40.2,1.1,77.4,77.2,2,1,1.00,CYCLE,N
IND,208,6592,59452,14/01/2019,14:56:22,15,1,41.5,1.0,0.6,0.5,2,1,1.00,CYCLE,N
IND,208,6592,59453,14/01/2019,14:57:36,15,0,25.6,1.0,149.9,149.8,2,1,1.00,CYCLE,S
IND,208,6592,59453,14/01/2019,14:57:53,15,0,18.4,1.0,17.4,17.2,2,1,1.00,CYCLE,S
IND,208,6592,59453,14/01/2019,14:57:54,15,0,18.4,1.1,0.3,0.1,2,1,1.00,CYCLE,S
IND,208,6592,59452,14/01/2019,14:58:40,15,1,30.9,1.0,137.5,137.4,2,1,1.00,CYCLE,N
IND,208,6592,59452,14/01/2019,14:58:40,15,1,32.1,1.0,0.3,0.2,2,1,1.00,CYCLE,N
IND,208,6592,59452,14/01/2019,14:58:41,15,1,33.1,1.0,0.8,0.7,2,1,1.00,CYCLE,N
IND,208,6592,59452,14/01/2019,14:59:06,15,1,23.2,1.1,24.6,24.5,2,1,1.00,CYCLE,N
IND,208,6592,59452,14/01/2019,14:59:11,15,1,23.3,1.0,5.4,5.2,2,1,0.86,CYCLE,N
IND,208,6592,59453,14/01/2019,14:59:13,15,0,17.0,1.1,79.4,79.2,2,1,1.00,CYCLE,S
IND,208,6592,59452,14/01/2019,15:00:41,15,1,28.5,1.0,90.1,89.9,2,1,1.00,CYCLE,N
IND,208,6592,59452,14/01/2019,15:00:51,15,1,26.4,1.0,10.2,10.1,2,1,1.00,CYCLE,N
IND,208,6592,59452,14/01/2019,15:01:11,15,1,23.1,1.1,20.2,20.1,2,1,1.00,CYCLE,N
IND,208,6592,59453,14/01/2019,15:01:14,15,0,20.3,1.0,121.1,120.8,2,1,1.00,CYCLE,S
IND,208,6592,59452,14/01/2019,15:02:38,15,1,32.5,1.1,86.9,86.7,2,1,1.00,CYCLE,N
IND,208,6592,59452,14/01/2019,15:02:43,15,1,26.2,1.1,4.9,4.7,2,1,1.00,CYCLE,N
IND,208,6592,59452,14/01/2019,15:02:51,15,1,29.4,1.0,7.8,7.6,2,1,1.00,CYCLE,N
IND,208,6592,59453,14/01/2019,15:02:55,15,0,17.7,1.0,100.4,100.3,2,1,1.00,CYCLE,S
IND,208,6592,59452,14/01/2019,15:02:55,15,1,26.7,1.1,4.0,3.9,2,1,1.00,CYCLE,N
IND,208,6592,59452,14/01/2019,15:02:56,15,1,26.5,1.0,0.8,0.6,2,1,1.00,CYCLE,N
IND,208,6592,59452,14/01/2019,15:02:57,15,1,26.5,1.0,1.6,1.5,2,1,1.00,CYCLE,N
IND,208,6592,59452,14/01/2019,15:03:52,15,1,14.7,1.0,54.9,54.8,2,1,1.00,CYCLE,N
IND,208,6592,59452,14/01/2019,15:03:52,15,1,14.7,1.0,0.0,0.0,2,1,1.00,CYCLE,N
IND,208,6592,59452,14/01/2019,15:04:39,15,1,29.7,1.0,46.4,45.9,2,1,1.00,CYCLE,N
IND,208,6592,59452,14/01/2019,15:04:45,15,1,29.2,1.0,6.0,5.9,2,1,1.00,CYCLE,N
IND,208,6592,59452,14/01/2019,15:04:56,15,1,31.8,1.1,11.0,10.9,2,1,1.00,CYCLE,N
IND,208,6592,59453,14/01/2019,15:05:00,15,0,26.2,1.1,125.2,125.0,2,1,1.00,CYCLE,S
IND,208,6592,59452,14/01/2019,15:05:05,15,1,21.9,1.1,8.9,8.8,2,1,1.00,CYCLE,N
IND,208,6592,59452,14/01/2019,15:05:05,15,1,23.6,1.0,0.4,0.2,2,1,1.00,CYCLE,N
IND,208,6592,59452,14/01/2019,15:06:36,15,1,26.1,1.0,91.5,91.3,2,1,1.00,CYCLE,N
IND,208,6592,59452,14/01/2019,15:06:39,15,1,24.1,1.1,2.1,2.0,2,1,1.00,CYCLE,N
IND,208,6592,59453,14/01/2019,15:07:10,15,0,21.7,1.1,130.4,130.2,2,1,1.00,CYCLE,S
IND,208,6592,59452,14/01/2019,15:07:11,15,1,29.9,1.1,32.8,32.6,2,1,1.00,CYCLE,N
IND,208,6592,59452,14/01/2019,15:08:32,15,1,28.2,1.0,80.1,79.9,2,1,1.00,CYCLE,N
IND,208,6592,59452,14/01/2019,15:08:32,15,1,26.7,1.0,0.6,0.5,2,1,1.00,CYCLE,N
IND,208,6592,59452,14/01/2019,15:08:36,15,1,25.2,1.1,4.3,4.2,2,1,1.00,CYCLE,N
IND,208,6592,59452,14/01/2019,15:08:37,15,1,23.6,1.0,0.7,0.5,2,1,1.00,CYCLE,N
IND,208,6592,59452,14/01/2019,15:08:43,15,1,26.2,1.0,5.9,5.8,2,1,1.00,CYCLE,N
IND,208,6592,59452,14/01/2019,15:09:03,15,1,21.6,1.1,19.6,19.5,2,1,1.00,CYCLE,N
IND,208,6592,59453,14/01/2019,15:09:37,15,0,19.7,1.1,146.5,146.3,2,1,1.00,CYCLE,S
IND,208,6592,59452,14/01/2019,15:10:26,15,1,27.7,1.1,83.6,83.4,2,1,1.00,CYCLE,N
IND,208,6592,59452,14/01/2019,15:12:08,15,1,32.3,1.2,101.6,101.5,2,1,1.00,CYCLE,N
IND,208,6592,59452,14/01/2019,15:12:14,15,1,27.9,1.0,6.2,6.0,2,1,1.00,CYCLE,N
IND,208,6592,59452,14/01/2019,15:12:19,15,1,32.4,1.0,4.6,4.5,2,1,0.50,CYCLE,N
IND,208,6592,59453,14/01/2019,15:12:19,15,0,32.4,1.0,0.0,0.0,2,1,0.50,CYCLE,S
IND,208,6592,59452,14/01/2019,15:12:27,15,1,22.7,1.1,8.7,8.4,2,1,1.00,CYCLE,N
IND,208,6592,59453,14/01/2019,15:12:54,15,0,19.1,1.0,196.9,196.7,2,1,1.00,CYCLE,S
IND,208,6592,59452,14/01/2019,15:13:57,15,1,36.3,1.0,89.3,89.1,2,1,1.00,CYCLE,N
IND,208,6592,59453,14/01/2019,15:14:23,15,0,23.4,1.0,89.6,89.4,2,1,1.00,CYCLE,S
IND,208,6592,59452,14/01/2019,15:14:28,15,1,23.5,1.1,31.0,30.9,2,1,1.00,CYCLE,N
IND,208,6592,59452,14/01/2019,15:14:37,15,1,21.7,1.0,9.0,8.9,2,1,1.00,CYCLE,N
IND,208,6592,59452,14/01/2019,15:14:39,15,1,22.0,1.1,2.4,2.3,2,1,1.00,CYCLE,N
IND,208,6592,59452,14/01/2019,15:15:39,15,1,33.1,1.1,60.4,60.2,2,1,1.00,CYCLE,N
IND,208,6592,59452,14/01/2019,15:15:47,15,1,30.0,1.0,7.9,7.8,2,1,1.00,CYCLE,N
IND,208,6592,59452,14/01/2019,15:16:24,15,1,25.6,1.0,36.3,36.2,2,1,1.00,CYCLE,N
IND,208,6592,59452,14/01/2019,15:16:25,15,1,26.9,1.1,0.8,0.7,2,1,1.00,CYCLE,N
IND,208,6592,59452,14/01/2019,15:16:28,15,1,22.0,1.1,3.1,2.9,2,1,1.00,CYCLE,N
IND,208,6592,59452,14/01/2019,15:16:30,15,1,21.8,1.0,2.5,2.3,2,1,1.00,CYCLE,N
IND,208,6592,59453,14/01/2019,15:16:31,15,0,25.7,1.1,128.2,128.0,2,1,1.00,CYCLE,S
IND,208,6592,59452,14/01/2019,15:16:53,15,1,21.0,1.0,23.3,23.2,2,1,0.80,CYCLE,N
IND,208,6592,59452,14/01/2019,15:18:03,15,1,28.9,1.0,70.0,69.8,2,1,1.00,CYCLE,N
IND,208,6592,59452,14/01/2019,15:18:06,15,1,29.0,1.0,2.6,2.5,2,1,1.00,CYCLE,N
IND,208,6592,59452,14/01/2019,15:18:08,15,1,26.5,1.0,2.1,2.0,2,1,1.00,CYCLE,N
IND,208,6592,59452,14/01/2019,15:18:09,15,1,25.7,1.0,0.8,0.6,2,1,1.00,CYCLE,N
IND,208,6592,59452,14/01/2019,15:18:23,15,1,23.3,1.0,13.9,13.8,2,1,1.00,CYCLE,N
IND,208,6592,59452,14/01/2019,15:20:25,15,1,31.9,1.1,122.1,122.0,2,1,1.00,CYCLE,N
IND,208,6592,59452,14/01/2019,15:20:26,15,1,29.2,1.1,1.4,1.3,2,1,1.00,CYCLE,N
IND,208,6592,59452,14/01/2019,15:20:30,15,1,25.8,1.0,4.0,3.9,2,1,1.00,CYCLE,N
IND,208,6592,59452,14/01/2019,15:20:31,15,1,26.3,1.0,1.0,0.9,2,1,1.00,CYCLE,N
IND,208,6592,59452,14/01/2019,15:20:33,15,1,24.9,1.1,1.5,1.4,2,1,1.00,CYCLE,N
IND,208,6592,59452,14/01/2019,15:20:35,15,1,26.1,1.0,1.9,1.7,2,1,1.00,CYCLE,N
IND,208,6592,59452,14/01/2019,15:20:36,15,1,21.9,1.1,1.6,1.5,2,1,1.00,CYCLE,N
IND,208,6592,59453,14/01/2019,15:21:33,15,0,26.6,1.0,301.4,301.3,2,1,1.00,CYCLE,S
IND,208,6592,59452,14/01/2019,15:22:11,15,1,27.9,1.0,94.9,94.7,2,1,1.00,CYCLE,N
IND,208,6592,59452,14/01/2019,15:22:12,15,1,29.0,1.0,0.5,0.4,2,1,1.00,CYCLE,N
IND,208,6592,59452,14/01/2019,15:22:12,15,1,30.1,1.1,0.6,0.5,2,1,1.00,CYCLE,N
IND,208,6592,59452,14/01/2019,15:22:13,15,1,29.5,1.0,0.3,0.2,2,1,1.00,CYCLE,N
IND,208,6592,59452,14/01/2019,15:22:14,15,1,30.6,1.1,1.4,1.3,2,1,1.00,CYCLE,N
IND,208,6592,59452,14/01/2019,15:22:16,15,1,30.0,1.0,1.4,1.3,2,1,1.00,CYCLE,N
IND,208,6592,59452,14/01/2019,15:22:16,15,1,28.9,1.1,0.7,0.6,2,1,1.00,CYCLE,N
IND,208,6592,59452,14/01/2019,15:22:17,15,1,29.2,1.1,0.6,0.4,2,1,1.00,CYCLE,N
IND,208,6592,59452,14/01/2019,15:22:18,15,1,29.3,1.0,1.5,1.4,2,1,1.00,CYCLE,N
IND,208,6592,59452,14/01/2019,15:22:21,15,1,26.5,1.1,2.9,2.8,2,1,1.00,CYCLE,N
IND,208,6592,59452,14/01/2019,15:22:25,15,1,22.2,1.0,4.1,4.0,2,1,1.00,CYCLE,N
IND,208,6592,59452,14/01/2019,15:22:27,15,1,22.6,1.0,1.9,1.7,2,1,1.00,CYCLE,N
IND,208,6592,59452,14/01/2019,15:22:32,15,1,23.8,1.0,5.1,4.9,2,1,0.50,CYCLE,N
IND,208,6592,59453,14/01/2019,15:22:32,15,0,23.8,1.0,0.0,0.0,2,1,0.50,CYCLE,S
IND,208,6592,59452,14/01/2019,15:23:37,15,1,32.7,1.0,65.1,64.7,2,1,1.00,CYCLE,N
IND,208,6592,59453,14/01/2019,15:24:09,15,0,27.5,1.1,156.6,156.4,2,1,1.00,CYCLE,S
IND,208,6592,59452,14/01/2019,15:24:10,15,1,36.4,1.0,32.2,32.1,2,1,1.00,CYCLE,N
IND,208,6592,59452,14/01/2019,15:24:12,15,1,36.7,1.0,1.9,1.8,2,1,1.00,CYCLE,N
IND,208,6592,59452,14/01/2019,15:24:15,15,1,30.7,1.0,3.1,3.0,2,1,1.00,CYCLE,N
IND,208,6592,59452,14/01/2019,15:24:20,15,1,23.9,1.1,5.1,4.9,2,1,1.00,CYCLE,N
IND,208,6592,59452,14/01/2019,15:24:21,15,1,22.4,1.1,1.7,1.5,2,1,1.00,CYCLE,N
IND,208,6592,59452,14/01/2019,15:24:24,15,1,22.3,1.0,2.3,2.2,2,1,1.00,CYCLE,N
IND,208,6592,59452,14/01/2019,15:24:24,15,1,23.7,1.0,0.7,0.5,2,1,1.00,CYCLE,N
IND,208,6592,59452,14/01/2019,15:26:08,15,1,31.4,1.0,104.0,103.8,2,1,1.00,CYCLE,N
IND,208,6592,59452,14/01/2019,15:26:12,15,1,29.7,1.0,3.5,3.3,2,1,1.00,CYCLE,N
IND,208,6592,59452,14/01/2019,15:26:13,15,1,28.5,1.1,1.2,1.1,2,1,1.00,CYCLE,N
IND,208,6592,59452,14/01/2019,15:26:19,15,1,26.1,1.1,5.7,5.6,2,1,1.00,CYCLE,N
IND,208,6592,59452,14/01/2019,15:26:21,15,1,20.5,1.1,2.0,1.9,2,1,1.00,CYCLE,N
IND,208,6592,59452,14/01/2019,15:26:23,15,1,21.2,1.0,2.3,2.1,2,1,1.00,CYCLE,N
IND,208,6592,59452,14/01/2019,15:26:36,15,1,19.6,1.1,13.3,13.1,2,1,1.00,CYCLE,N
IND,208,6592,59452,14/01/2019,15:28:01,15,1,26.6,1.0,84.9,84.7,2,1,1.00,CYCLE,N
IND,208,6592,59452,14/01/2019,15:28:23,15,1,36.2,1.0,22.1,21.9,2,1,1.00,CYCLE,N
IND,208,6592,59452,14/01/2019,15:28:30,15,1,28.2,1.0,6.8,6.7,2,1,1.00,CYCLE,N
IND,208,6592,59452,14/01/2019,15:28:32,15,1,26.1,1.0,2.3,2.2,2,1,1.00,CYCLE,N
IND,208,6592,59452,14/01/2019,15:28:33,15,1,26.1,1.0,0.4,0.2,2,1,0.57,CYCLE,N
IND,208,6592,59452,14/01/2019,15:28:34,15,1,27.2,1.1,0.8,0.7,2,1,1.00,CYCLE,N
IND,208,6592,59452,14/01/2019,15:28:35,15,1,26.2,1.0,0.9,0.8,2,1,1.00,CYCLE,N
IND,208,6592,59452,14/01/2019,15:28:36,15,1,28.7,1.0,0.9,0.8,2,1,1.00,CYCLE,N
IND,208,6592,59452,14/01/2019,15:29:59,15,1,30.3,1.1,83.8,83.7,2,1,1.00,CYCLE,N
IND,208,6592,59453,14/01/2019,15:30:16,15,0,22.2,1.0,366.4,366.3,2,1,1.00,CYCLE,S
IND,208,6592,59452,14/01/2019,15:30:35,15,1,33.6,1.0,35.3,35.1,2,1,1.00,CYCLE,N
IND,208,6592,59452,14/01/2019,15:30:35,15,1,32.9,1.1,0.6,0.5,2,1,1.00,CYCLE,N
IND,208,6592,59452,14/01/2019,15:30:39,15,1,30.1,1.0,3.5,3.4,2,1,1.00,CYCLE,N
IND,208,6592,59452,14/01/2019,15:30:40,15,1,22.0,1.1,1.2,1.1,2,1,1.00,CYCLE,N
IND,208,6592,59452,14/01/2019,15:30:41,15,1,24.7,1.0,1.4,1.2,2,1,1.00,CYCLE,N
IND,208,6592,59452,14/01/2019,15:30:42,15,1,29.4,1.1,1.1,0.9,2,1,1.00,CYCLE,N
IND,208,6592,59452,14/01/2019,15:30:44,15,1,25.1,1.0,1.4,1.3,2,1,1.00,CYCLE,N
IND,208,6592,59452,14/01/2019,15:30:48,15,1,23.2,1.1,4.7,4.6,2,1,1.00,CYCLE,N
IND,208,6592,59452,14/01/2019,15:30:50,15,1,21.8,1.1,1.4,1.3,2,1,1.00,CYCLE,N
IND,208,6592,59452,14/01/2019,15:30:51,15,1,21.3,1.0,0.7,0.5,2,1,1.00,CYCLE,N
IND,208,6592,59452,14/01/2019,15:30:52,15,1,21.7,1.1,1.5,1.3,2,1,1.00,CYCLE,N
IND,208,6592,59453,14/01/2019,15:31:54,15,0,25.5,1.1,98.0,97.9,2,1,1.00,CYCLE,S
IND,208,6592,59453,14/01/2019,15:32:24,15,0,27.2,1.1,30.6,30.4,2,1,1.00,CYCLE,S
IND,208,6592,59452,14/01/2019,15:32:34,15,1,29.3,1.0,101.8,101.6,2,1,1.00,CYCLE,N
IND,208,6592,59452,14/01/2019,15:32:35,15,1,29.0,1.0,1.0,0.8,2,1,1.00,CYCLE,N
IND,208,6592,59452,14/01/2019,15:32:36,15,1,31.1,1.1,1.1,0.9,2,1,1.00,CYCLE,N
IND,208,6592,59452,14/01/2019,15:32:36,15,1,28.1,1.1,0.3,0.2,2,1,1.00,CYCLE,N
IND,208,6592,59452,14/01/2019,15:32:39,15,1,26.0,1.1,3.0,2.9,2,1,1.00,CYCLE,N
IND,208,6592,59452,14/01/2019,15:33:59,15,1,30.5,1.0,79.3,79.1,2,1,1.00,CYCLE,N
IND,208,6592,59452,14/01/2019,15:34:00,15,1,30.9,1.0,1.6,1.5,2,1,1.00,CYCLE,N
IND,208,6592,59452,14/01/2019,15:34:01,15,1,30.5,1.0,0.6,0.5,2,1,1.00,CYCLE,N
IND,208,6592,59452,14/01/2019,15:34:05,15,1,26.1,1.1,4.1,4.0,2,1,1.00,CYCLE,N
IND,208,6592,59452,14/01/2019,15:34:06,15,1,27.0,1.1,0.9,0.7,2,1,1.00,CYCLE,N
IND,208,6592,59452,14/01/2019,15:34:06,15,1,28.2,1.0,0.6,0.4,2,1,1.00,CYCLE,N
IND,208,6592,59452,14/01/2019,15:34:07,15,1,27.8,1.0,0.5,0.3,2,1,1.00,CYCLE,N
IND,208,6592,59452,14/01/2019,15:34:09,15,1,27.9,1.0,2.7,2.5,2,1,1.00,CYCLE,N
IND,208,6592,59452,14/01/2019,15:34:11,15,1,23.1,1.1,1.6,1.5,2,1,1.00,CYCLE,N
IND,208,6592,59452,14/01/2019,15:34:13,15,1,21.8,1.1,1.7,1.5,2,1,1.00,CYCLE,N
IND,208,6592,59452,14/01/2019,15:34:25,15,1,25.2,1.0,12.7,12.5,2,1,1.00,CYCLE,N
IND,208,6592,59452,14/01/2019,15:34:33,15,1,25.3,1.0,7.4,7.2,2,1,1.00,CYCLE,N
IND,208,6592,59452,14/01/2019,15:36:13,15,1,33.2,1.0,100.0,99.9,2,1,1.00,CYCLE,N
IND,208,6592,59452,14/01/2019,15:36:16,15,1,29.4,1.0,3.2,3.1,2,1,1.00,CYCLE,N
IND,208,6592,59452,14/01/2019,15:36:20,15,1,26.7,1.1,3.5,3.4,2,1,1.00,CYCLE,N
IND,208,6592,59452,14/01/2019,15:36:29,15,1,23.5,1.1,9.0,8.8,2,1,1.00,CYCLE,N
IND,208,6592,59452,14/01/2019,15:37:43,15,1,25.4,1.1,74.9,74.8,2,1,1.00,CYCLE,N
IND,208,6592,59452,14/01/2019,15:37:52,15,1,32.8,1.0,8.1,8.0,2,1,1.00,CYCLE,N
IND,208,6592,59452,14/01/2019,15:37:57,15,1,30.2,1.0,5.3,5.1,2,1,1.00,CYCLE,N
IND,208,6592,59453,14/01/2019,15:37:59,15,0,24.7,1.1,334.2,334.1,2,1,1.00,CYCLE,S
IND,208,6592,59452,14/01/2019,15:38:07,15,1,29.5,1.1,9.8,9.6,2,1,1.00,CYCLE,N
IND,208,6592,59452,14/01/2019,15:38:14,15,1,27.3,1.0,7.5,7.4,2,1,1.00,CYCLE,N
IND,208,6592,59452,14/01/2019,15:38:15,15,1,27.7,1.1,0.7,0.6,2,1,1.00,CYCLE,N
IND,208,6592,59452,14/01/2019,15:38:16,15,1,27.1,1.0,1.3,1.1,2,1,1.00,CYCLE,N
IND,208,6592,59452,14/01/2019,15:38:18,15,1,27.5,1.0,1.6,1.5,2,1,1.00,CYCLE,N
IND,208,6592,59452,14/01/2019,15:38:24,15,1,24.5,1.0,6.3,6.2,2,1,1.00,CYCLE,N
IND,208,6592,59452,14/01/2019,15:38:31,15,1,24.9,1.0,6.9,6.7,2,1,1.00,CYCLE,N
IND,208,6592,59453,14/01/2019,15:38:31,15,0,22.9,1.0,32.8,32.6,2,1,1.00,CYCLE,S
IND,208,6592,59452,14/01/2019,15:40:02,15,1,33.5,1.1,90.7,90.5,2,1,1.00,CYCLE,N
IND,208,6592,59452,14/01/2019,15:40:02,15,1,33.6,1.0,0.4,0.3,2,1,1.00,CYCLE,N
IND,208,6592,59452,14/01/2019,15:40:03,15,1,36.2,1.0,0.5,0.4,2,1,1.00,CYCLE,N
IND,208,6592,59452,14/01/2019,15:40:12,15,1,31.3,1.0,9.5,9.4,2,1,1.00,CYCLE,N
IND,208,6592,59452,14/01/2019,15:40:14,15,1,30.1,1.1,1.7,1.6,2,1,1.00,CYCLE,N
IND,208,6592,59452,14/01/2019,15:40:23,15,1,26.7,1.1,8.8,8.7,2,1,1.00,CYCLE,N
IND,208,6592,59452,14/01/2019,15:40:29,15,1,29.1,1.0,6.8,6.6,2,1,1.00,CYCLE,N
IND,208,6592,59452,14/01/2019,15:40:31,15,1,23.9,1.1,1.5,1.4,2,1,1.00,CYCLE,N
IND,208,6592,59452,14/01/2019,15:40:32,15,1,23.9,1.0,0.6,0.5,2,1,1.00,CYCLE,N
IND,208,6592,59452,14/01/2019,15:40:35,15,1,24.2,1.0,3.9,3.8,2,1,1.00,CYCLE,N
IND,208,6592,59452,14/01/2019,15:40:35,15,1,24.2,1.0,0.0,0.0,2,1,1.00,CYCLE,N
IND,208,6592,59452,14/01/2019,15:41:52,15,1,35.5,1.0,76.4,76.2,2,1,1.00,CYCLE,N
IND,208,6592,59452,14/01/2019,15:42:02,15,1,31.5,1.0,9.9,9.8,2,1,1.00,CYCLE,N
IND,208,6592,59452,14/01/2019,15:42:02,15,1,31.7,1.0,0.6,0.5,2,1,1.00,CYCLE,N
IND,208,6592,59452,14/01/2019,15:42:09,15,1,28.1,1.0,7.0,6.9,2,1,1.00,CYCLE,N
IND,208,6592,59453,14/01/2019,15:42:15,15,0,26.8,1.0,223.5,223.4,2,1,1.00,CYCLE,S
IND,208,6592,59452,14/01/2019,15:42:27,15,1,29.6,1.1,17.1,17.0,2,1,1.00,CYCLE,N
IND,208,6592,59452,14/01/2019,15:42:29,15,1,23.5,1.1,2.9,2.8,2,1,1.00,CYCLE,N
IND,208,6592,59452,14/01/2019,15:42:31,15,1,21.7,1.0,1.1,1.0,2,1,1.00,CYCLE,N
IND,208,6592,59452,14/01/2019,15:42:35,15,1,24.2,1.0,4.2,4.0,2,1,1.00,CYCLE,N
IND,208,6592,59452,14/01/2019,15:42:43,15,1,21.9,1.0,8.0,7.8,2,1,1.00,CYCLE,N
IND,208,6592,59452,14/01/2019,15:42:44,15,1,22.5,1.2,1.0,0.8,2,1,1.00,CYCLE,N
IND,208,6592,59453,14/01/2019,15:43:44,15,0,37.5,1.0,88.8,88.6,2,1,1.00,CYCLE,S
IND,208,6592,59452,14/01/2019,15:44:02,15,1,31.9,1.0,78.2,78.0,2,1,1.00,CYCLE,N
IND,208,6592,59452,14/01/2019,15:44:04,15,1,32.3,1.0,2.1,2.0,2,1,1.00,CYCLE,N
IND,208,6592,59452,14/01/2019,15:44:07,15,1,29.7,1.1,3.2,3.1,2,1,1.00,CYCLE,N
IND,208,6592,59452,14/01/2019,15:44:11,15,1,28.3,1.0,3.2,3.1,2,1,1.00,CYCLE,N
IND,208,6592,59452,14/01/2019,15:44:13,15,1,27.2,1.0,2.9,2.7,2,1,1.00,CYCLE,N
IND,208,6592,59452,14/01/2019,15:44:15,15,1,28.7,1.0,1.4,1.3,2,1,1.00,CYCLE,N
IND,208,6592,59452,14/01/2019,15:44:17,15,1,27.4,1.1,2.3,2.1,2,1,1.00,CYCLE,N
IND,208,6592,59452,14/01/2019,15:44:21,15,1,35.0,1.0,4.0,3.8,2,1,1.00,CYCLE,N
IND,208,6592,59452,14/01/2019,15:44:22,15,1,25.3,1.1,0.8,0.7,2,1,1.00,CYCLE,N
IND,208,6592,59452,14/01/2019,15:44:23,15,1,25.7,1.1,1.2,1.0,2,1,1.00,CYCLE,N
IND,208,6592,59452,14/01/2019,15:45:42,15,1,27.7,1.0,78.9,78.7,2,1,1.00,CYCLE,N
IND,208,6592,59452,14/01/2019,15:46:03,15,1,35.7,1.0,21.2,21.1,2,1,1.00,CYCLE,N
IND,208,6592,59452,14/01/2019,15:46:04,15,1,35.0,1.0,1.0,0.9,2,1,1.00,CYCLE,N
IND,208,6592,59452,14/01/2019,15:46:06,15,1,32.8,1.0,1.5,1.4,2,1,1.00,CYCLE,N
IND,208,6592,59452,14/01/2019,15:46:08,15,1,30.0,1.1,2.5,2.4,2,1,1.00,CYCLE,N
IND,208,6592,59452,14/01/2019,15:46:10,15,1,26.5,1.1,1.5,1.3,2,1,1.00,CYCLE,N
IND,208,6592,59452,14/01/2019,15:46:11,15,1,27.3,1.1,1.2,1.0,2,1,1.00,CYCLE,N
IND,208,6592,59452,14/01/2019,15:46:12,15,1,28.9,1.0,1.4,1.3,2,1,1.00,CYCLE,N
IND,208,6592,59452,14/01/2019,15:46:13,15,1,25.1,1.0,1.1,1.0,2,1,1.00,CYCLE,N
IND,208,6592,59453,14/01/2019,15:46:26,15,0,22.7,1.1,162.2,162.2,2,1,1.00,CYCLE,S
IND,208,6592,59452,14/01/2019,15:46:38,15,1,19.2,1.1,25.0,24.8,2,1,1.00,CYCLE,N
IND,208,6592,59453,14/01/2019,15:46:49,15,0,22.9,1.1,22.6,22.4,2,1,1.00,CYCLE,S
IND,208,6592,59452,14/01/2019,15:47:54,15,1,32.3,1.0,76.0,75.7,2,1,1.00,CYCLE,N
IND,208,6592,59452,14/01/2019,15:47:56,15,1,30.6,1.0,2.1,2.0,2,1,1.00,CYCLE,N
IND,208,6592,59452,14/01/2019,15:47:58,15,1,29.0,1.1,1.7,1.6,2,1,1.00,CYCLE,N
IND,208,6592,59452,14/01/2019,15:47:59,15,1,27.7,1.0,1.2,1.0,2,1,1.00,CYCLE,N
IND,208,6592,59452,14/01/2019,15:48:00,15,1,26.7,1.0,0.9,0.8,2,1,1.00,CYCLE,N
IND,208,6592,59452,14/01/2019,15:48:01,15,1,26.9,1.0,0.7,0.5,2,1,1.00,CYCLE,N
IND,208,6592,59452,14/01/2019,15:48:02,15,1,27.2,1.0,1.2,1.0,2,1,1.00,CYCLE,N
IND,208,6592,59452,14/01/2019,15:48:03,15,1,26.7,1.0,1.3,1.2,2,1,1.00,CYCLE,N
IND,208,6592,59452,14/01/2019,15:48:04,15,1,25.5,1.1,1.1,0.9,2,1,1.00,CYCLE,N
IND,208,6592,59452,14/01/2019,15:48:06,15,1,25.2,1.1,1.4,1.2,2,1,1.00,CYCLE,N
IND,208,6592,59453,14/01/2019,15:48:11,15,0,29.0,1.0,82.3,82.1,2,1,1.00,CYCLE,S
IND,208,6592,59452,14/01/2019,15:48:14,15,1,24.2,1.1,7.8,7.6,2,1,1.00,CYCLE,N
IND,208,6592,59453,14/01/2019,15:48:14,15,0,24.4,1.0,3.3,3.2,2,1,1.00,CYCLE,S
IND,208,6592,59453,14/01/2019,15:48:19,15,0,21.6,1.1,5.0,4.8,2,1,1.00,CYCLE,S
IND,208,6592,59452,14/01/2019,15:48:24,15,1,21.2,1.0,10.0,9.8,2,1,1.00,CYCLE,N
IND,208,6592,59452,14/01/2019,15:48:45,15,1,28.5,1.0,21.7,21.5,2,1,1.00,CYCLE,N
IND,208,6592,59452,14/01/2019,15:50:05,15,1,36.2,1.0,79.8,79.7,2,1,1.00,CYCLE,N
IND,208,6592,59452,14/01/2019,15:50:07,15,1,29.3,1.0,2.2,2.1,2,1,1.00,CYCLE,N
IND,208,6592,59452,14/01/2019,15:50:08,15,1,37.4,1.0,1.1,0.9,2,1,1.00,CYCLE,N
IND,208,6592,59452,14/01/2019,15:50:09,15,1,32.1,1.0,0.6,0.5,2,1,1.00,CYCLE,N
IND,208,6592,59452,14/01/2019,15:50:10,15,1,30.2,1.0,0.3,0.1,2,1,1.00,CYCLE,N
IND,208,6592,59453,14/01/2019,15:50:12,15,0,27.0,1.1,113.1,112.9,2,1,1.00,CYCLE,S
IND,208,6592,59452,14/01/2019,15:50:14,15,1,27.8,1.1,3.5,3.4,2,1,1.00,CYCLE,N
IND,208,6592,59452,14/01/2019,15:50:14,15,1,26.5,1.0,0.7,0.6,2,1,1.00,CYCLE,N
IND,208,6592,59452,14/01/2019,15:50:15,15,1,28.4,1.0,0.8,0.7,2,1,1.00,CYCLE,N
IND,208,6592,59452,14/01/2019,15:50:17,15,1,25.2,1.0,1.4,1.2,2,1,1.00,CYCLE,N
IND,208,6592,59452,14/01/2019,15:50:17,15,1,25.4,1.0,0.7,0.5,2,1,1.00,CYCLE,N
IND,208,6592,59452,14/01/2019,15:50:17,15,1,25.4,1.0,0.0,0.0,2,1,1.00,CYCLE,N
IND,208,6592,59452,14/01/2019,15:50:19,15,1,28.4,1.0,1.4,1.1,2,1,1.00,CYCLE,N
IND,208,6592,59452,14/01/2019,15:50:20,15,1,28.0,1.1,1.3,1.2,2,1,1.00,CYCLE,N
IND,208,6592,59452,14/01/2019,15:50:21,15,1,27.6,1.1,0.4,0.3,2,1,1.00,CYCLE,N
IND,208,6592,59452,14/01/2019,15:50:22,15,1,27.6,1.1,0.6,0.5,2,1,1.00,CYCLE,N
IND,208,6592,59452,14/01/2019,15:50:23,15,1,26.6,1.0,1.5,1.3,2,1,1.00,CYCLE,N
IND,208,6592,59452,14/01/2019,15:50:26,15,1,27.7,1.0,2.9,2.7,2,1,0.57,CYCLE,N
IND,208,6592,59452,14/01/2019,15:50:28,15,1,23.5,1.0,2.0,1.7,2,1,1.00,CYCLE,N
IND,208,6592,59452,14/01/2019,15:50:29,15,1,25.5,1.1,0.8,0.6,2,1,1.00,CYCLE,N
IND,208,6592,59452,14/01/2019,15:50:30,15,1,21.3,1.0,1.4,1.3,2,1,1.00,CYCLE,N
IND,208,6592,59452,14/01/2019,15:50:42,15,1,21.4,1.1,11.6,11.4,2,1,1.00,CYCLE,N
IND,208,6592,59453,14/01/2019,15:51:16,15,0,10.0,0.5,63.6,63.4,2,1,1.00,CYCLE,S
IND,208,6592,59452,14/01/2019,15:52:12,15,1,32.1,1.0,89.9,89.7,2,1,1.00,CYCLE,N
IND,208,6592,59452,14/01/2019,15:52:16,15,1,29.9,1.0,4.3,4.1,2,1,1.00,CYCLE,N
IND,208,6592,59452,14/01/2019,15:52:16,15,1,26.7,1.1,0.3,0.2,2,1,1.00,CYCLE,N
IND,208,6592,59452,14/01/2019,15:52:17,15,1,26.2,1.1,0.6,0.5,2,1,1.00,CYCLE,N
IND,208,6592,59452,14/01/2019,15:52:19,15,1,26.0,1.1,2.3,2.2,2,1,1.00,CYCLE,N
IND,208,6592,59452,14/01/2019,15:52:24,15,1,22.1,1.1,4.6,4.4,2,1,1.00,CYCLE,N
IND,208,6592,59453,14/01/2019,15:52:37,15,0,26.9,1.1,80.8,80.6,2,1,1.00,CYCLE,S
IND,208,6592,59453,14/01/2019,15:52:51,15,0,29.5,1.0,14.6,14.5,2,1,1.00,CYCLE,S
IND,208,6592,59453,14/01/2019,15:53:55,15,0,26.8,1.0,63.9,63.8,2,1,1.00,CYCLE,S
IND,208,6592,59452,14/01/2019,15:53:57,15,1,32.3,1.0,93.2,93.0,2,1,1.00,CYCLE,N
IND,208,6592,59452,14/01/2019,15:54:02,15,1,31.0,1.0,5.0,4.9,2,1,1.00,CYCLE,N
IND,208,6592,59452,14/01/2019,15:54:03,15,1,29.3,1.0,1.4,1.3,2,1,1.00,CYCLE,N
IND,208,6592,59452,14/01/2019,15:54:04,15,1,29.3,1.0,0.3,0.1,2,1,1.00,CYCLE,N
IND,208,6592,59452,14/01/2019,15:54:05,15,1,26.9,1.0,1.6,1.5,2,1,0.86,CYCLE,N
IND,208,6592,59452,14/01/2019,15:54:07,15,1,30.3,1.0,1.3,1.0,2,1,1.00,CYCLE,N
IND,208,6592,59452,14/01/2019,15:54:07,15,1,29.9,1.1,0.8,0.6,2,1,1.00,CYCLE,N
IND,208,6592,59452,14/01/2019,15:54:09,15,1,28.1,1.1,2.0,1.8,2,1,1.00,CYCLE,N
IND,208,6592,59453,14/01/2019,15:54:11,15,0,22.1,1.1,16.2,16.1,2,1,1.00,CYCLE,S
IND,208,6592,59452,14/01/2019,15:54:24,15,1,25.4,1.1,15.1,15.0,2,1,1.00,CYCLE,N
IND,208,6592,59452,14/01/2019,15:54:26,15,1,31.4,1.0,1.1,0.9,2,1,0.75,CYCLE,N
IND,208,6592,59452,14/01/2019,15:54:27,15,1,26.2,1.2,1.2,1.1,2,1,1.00,CYCLE,N
IND,208,6592,59452,14/01/2019,15:54:35,15,1,22.6,1.1,8.5,8.4,2,1,1.00,CYCLE,N
IND,208,6592,59452,14/01/2019,15:56:14,15,1,34.3,1.0,98.6,98.4,2,1,1.00,CYCLE,N
IND,208,6592,59452,14/01/2019,15:56:14,15,1,30.6,1.0,0.5,0.4,2,1,1.00,CYCLE,N
IND,208,6592,59452,14/01/2019,15:56:16,15,1,32.0,1.0,1.1,1.0,2,1,1.00,CYCLE,N
IND,208,6592,59452,14/01/2019,15:56:16,15,1,32.4,1.0,0.4,0.3,2,1,1.00,CYCLE,N
IND,208,6592,59452,14/01/2019,15:56:16,15,1,27.6,1.0,0.3,0.2,2,1,1.00,CYCLE,N
IND,208,6592,59452,14/01/2019,15:56:18,15,1,31.1,1.0,1.3,1.1,2,1,1.00,CYCLE,N
IND,208,6592,59452,14/01/2019,15:56:19,15,1,30.6,1.1,1.0,0.9,2,1,1.00,CYCLE,N
IND,208,6592,59452,14/01/2019,15:56:22,15,1,27.3,1.1,3.3,3.2,2,1,1.00,CYCLE,N
IND,208,6592,59452,14/01/2019,15:56:24,15,1,24.4,1.1,2.4,2.2,2,1,1.00,CYCLE,N
IND,208,6592,59452,14/01/2019,15:56:25,15,1,24.0,1.1,1.1,0.9,2,1,1.00,CYCLE,N
IND,208,6592,59452,14/01/2019,15:56:37,15,1,20.0,1.1,12.0,11.9,2,1,1.00,CYCLE,N
IND,208,6592,59452,14/01/2019,15:58:05,15,1,34.7,1.0,87.9,87.6,2,1,1.00,CYCLE,N
IND,208,6592,59452,14/01/2019,15:58:05,15,1,34.0,1.0,0.2,0.0,2,1,1.00,CYCLE,N
IND,208,6592,59452,14/01/2019,15:58:10,15,1,35.4,1.0,4.3,4.2,2,1,1.00,CYCLE,N
IND,208,6592,59452,14/01/2019,15:58:10,15,1,32.7,1.0,0.6,0.5,2,1,1.00,CYCLE,N
IND,208,6592,59452,14/01/2019,15:58:12,15,1,32.0,1.0,1.2,1.1,2,1,1.00,CYCLE,N
IND,208,6592,59452,14/01/2019,15:58:13,15,1,28.0,1.0,1.9,1.8,2,1,1.00,CYCLE,N
IND,208,6592,59452,14/01/2019,15:58:14,15,1,24.8,1.1,0.7,0.6,2,1,1.00,CYCLE,N
IND,208,6592,59452,14/01/2019,15:58:15,15,1,24.6,1.0,0.9,0.7,2,1,1.00,CYCLE,N
IND,208,6592,59452,14/01/2019,15:58:15,15,1,24.6,1.0,0.0,0.0,2,1,1.00,CYCLE,N
IND,208,6592,59452,14/01/2019,15:58:17,15,1,26.4,1.1,1.8,1.5,2,1,1.00,CYCLE,N
IND,208,6592,59452,14/01/2019,15:58:17,15,1,30.1,1.0,0.3,0.1,2,1,1.00,CYCLE,N
IND,208,6592,59452,14/01/2019,15:58:21,15,1,27.7,1.0,3.4,3.3,2,1,1.00,CYCLE,N
IND,208,6592,59452,14/01/2019,15:58:29,15,1,23.9,1.0,8.5,8.4,2,1,0.50,CYCLE,N
IND,208,6592,59453,14/01/2019,15:58:29,15,0,23.9,1.0,0.0,0.0,2,1,0.50,CYCLE,S
IND,208,6592,59452,14/01/2019,15:58:34,15,1,22.0,1.0,5.1,4.8,2,1,1.00,CYCLE,N
IND,208,6592,59452,14/01/2019,15:58:34,15,1,22.0,1.0,0.0,0.0,2,1,1.00,CYCLE,N
IND,208,6592,59452,14/01/2019,15:58:37,15,1,22.0,1.0,2.6,2.4,2,1,1.00,CYCLE,N
IND,208,6592,59452,14/01/2019,15:58:38,15,1,23.0,1.0,1.2,1.1,2,1,1.00,CYCLE,N
IND,208,6592,59452,14/01/2019,15:58:48,15,1,18.7,1.0,10.3,10.1,2,1,1.00,CYCLE,N
IND,208,6592,59452,14/01/2019,16:00:06,15,1,32.5,1.1,77.8,77.5,2,1,1.00,CYCLE,N
IND,208,6592,59452,14/01/2019,16:00:08,15,1,32.5,1.0,2.0,1.8,2,1,1.00,CYCLE,N
IND,208,6592,59452,14/01/2019,16:00:09,15,1,32.5,1.0,0.9,0.8,2,1,1.00,CYCLE,N
IND,208,6592,59452,14/01/2019,16:00:12,15,1,28.7,1.0,3.5,3.4,2,1,1.00,CYCLE,N
IND,208,6592,59452,14/01/2019,16:00:15,15,1,25.8,1.1,2.0,1.9,2,1,1.00,CYCLE,N
IND,208,6592,59452,14/01/2019,16:00:16,15,1,26.5,1.1,1.1,0.9,2,1,1.00,CYCLE,N
IND,208,6592,59453,14/01/2019,16:01:13,15,0,26.3,1.0,422.1,421.9,2,1,1.00,CYCLE,S
IND,208,6592,59452,14/01/2019,16:02:03,15,1,33.9,1.0,107.6,107.4,2,1,1.00,CYCLE,N
IND,208,6592,59452,14/01/2019,16:02:04,15,1,30.5,1.0,0.6,0.5,2,1,1.00,CYCLE,N
IND,208,6592,59453,14/01/2019,16:02:04,15,0,28.1,1.1,50.7,50.5,2,1,1.00,CYCLE,S
IND,208,6592,59452,14/01/2019,16:02:06,15,1,30.9,1.0,2.0,1.9,2,1,1.00,CYCLE,N
IND,208,6592,59452,14/01/2019,16:02:08,15,1,30.4,1.0,2.3,2.2,2,1,1.00,CYCLE,N
IND,208,6592,59452,14/01/2019,16:02:08,15,1,30.4,1.0,0.4,0.3,2,1,1.00,CYCLE,N
IND,208,6592,59452,14/01/2019,16:02:11,15,1,29.2,1.1,3.1,2.9,2,1,1.00,CYCLE,N
IND,208,6592,59453,14/01/2019,16:02:12,15,0,26.6,1.0,8.3,8.1,2,1,1.00,CYCLE,S
IND,208,6592,59453,14/01/2019,16:02:14,15,0,29.1,1.0,1.8,1.7,2,1,1.00,CYCLE,S
IND,208,6592,59453,14/01/2019,16:02:14,15,0,29.1,1.0,0.0,0.0,2,1,1.00,CYCLE,S
IND,208,6592,59452,14/01/2019,16:02:15,15,1,27.2,1.0,3.4,3.2,2,1,1.00,CYCLE,N
IND,208,6592,59452,14/01/2019,16:02:18,15,1,25.9,1.1,2.7,2.6,2,1,1.00,CYCLE,N
IND,208,6592,59452,14/01/2019,16:02:18,15,1,26.7,1.1,0.9,0.7,2,1,1.00,CYCLE,N
IND,208,6592,59452,14/01/2019,16:02:21,15,1,26.2,1.1,2.2,2.0,2,1,1.00,CYCLE,N
IND,208,6592,59452,14/01/2019,16:02:21,15,1,25.9,1.1,0.6,0.4,2,1,1.00,CYCLE,N
IND,208,6592,59452,14/01/2019,16:02:23,15,1,25.7,1.1,2.0,1.8,2,1,1.00,CYCLE,N
IND,208,6592,59452,14/01/2019,16:02:27,15,1,24.5,1.0,3.6,3.4,2,1,1.00,CYCLE,N
IND,208,6592,59452,14/01/2019,16:02:37,15,1,22.5,1.1,10.0,9.9,2,1,1.00,CYCLE,N
IND,208,6592,59453,14/01/2019,16:02:42,15,0,29.8,1.0,27.6,27.4,2,1,1.00,CYCLE,S
IND,208,6592,59452,14/01/2019,16:03:54,15,1,25.2,1.0,77.2,77.0,2,1,0.75,CYCLE,N
IND,208,6592,59452,14/01/2019,16:03:55,15,1,35.0,1.1,0.8,0.6,2,1,1.00,CYCLE,N
IND,208,6592,59452,14/01/2019,16:03:59,15,1,21.2,1.0,4.6,4.4,2,1,0.57,CYCLE,N
IND,208,6592,59452,14/01/2019,16:04:01,15,1,33.3,1.0,1.7,1.6,2,1,1.00,CYCLE,N
IND,208,6592,59452,14/01/2019,16:04:07,15,1,28.2,1.0,6.2,6.1,2,1,1.00,CYCLE,N
IND,208,6592,59452,14/01/2019,16:04:12,15,1,26.6,1.1,4.6,4.5,2,1,1.00,CYCLE,N
IND,208,6592,59452,14/01/2019,16:04:13,15,1,27.9,1.0,1.2,1.0,2,1,1.00,CYCLE,N
IND,208,6592,59452,14/01/2019,16:04:15,15,1,25.9,1.0,1.6,1.4,2,1,1.00,CYCLE,N
IND,208,6592,59452,14/01/2019,16:04:17,15,1,26.5,1.0,2.3,2.1,2,1,1.00,CYCLE,N
IND,208,6592,59452,14/01/2019,16:04:25,15,1,22.2,1.0,8.5,8.3,2,1,1.00,CYCLE,N
IND,208,6592,59452,14/01/2019,16:06:17,15,1,37.0,1.0,111.1,110.9,2,1,1.00,CYCLE,N
IND,208,6592,59452,14/01/2019,16:06:20,15,1,36.0,1.0,3.2,3.1,2,1,1.00,CYCLE,N
IND,208,6592,59452,14/01/2019,16:06:21,15,1,30.6,1.0,1.3,1.2,2,1,1.00,CYCLE,N
IND,208,6592,59452,14/01/2019,16:06:22,15,1,29.7,1.0,0.7,0.5,2,1,1.00,CYCLE,N
IND,208,6592,59452,14/01/2019,16:06:24,15,1,35.1,1.1,2.7,2.6,2,1,1.00,CYCLE,N
IND,208,6592,59452,14/01/2019,16:06:25,15,1,27.6,1.0,0.3,0.2,2,1,1.00,CYCLE,N
IND,208,6592,59452,14/01/2019,16:06:26,15,1,27.3,1.1,0.9,0.7,2,1,1.00,CYCLE,N
IND,208,6592,59452,14/01/2019,16:06:26,15,1,29.3,1.1,0.6,0.5,2,1,1.00,CYCLE,N
IND,208,6592,59452,14/01/2019,16:06:27,15,1,29.9,1.1,0.4,0.3,2,1,1.00,CYCLE,N
IND,208,6592,59452,14/01/2019,16:06:28,15,1,27.3,1.0,1.7,1.6,2,1,1.00,CYCLE,N
IND,208,6592,59452,14/01/2019,16:06:32,15,1,27.3,1.0,3.6,3.4,2,1,1.00,CYCLE,N
IND,208,6592,59452,14/01/2019,16:06:32,15,1,27.3,1.0,0.0,0.0,2,1,1.00,CYCLE,N
IND,208,6592,59452,14/01/2019,16:06:33,15,1,25.1,1.0,1.4,1.1,2,1,1.00,CYCLE,N
IND,208,6592,59452,14/01/2019,16:06:37,15,1,24.1,1.0,3.9,3.7,2,1,1.00,CYCLE,N
IND,208,6592,59452,14/01/2019,16:06:37,15,1,24.1,1.0,0.0,0.0,2,1,1.00,CYCLE,N
IND,208,6592,59452,14/01/2019,16:08:08,15,1,32.5,1.0,91.3,91.0,2,1,1.00,CYCLE,N
IND,208,6592,59452,14/01/2019,16:08:09,15,1,32.6,1.0,0.9,0.8,2,1,1.00,CYCLE,N
IND,208,6592,59452,14/01/2019,16:08:10,15,1,32.1,1.0,0.4,0.2,2,1,1.00,CYCLE,N
IND,208,6592,59452,14/01/2019,16:08:10,15,1,31.8,1.0,0.3,0.2,2,1,1.00,CYCLE,N
IND,208,6592,59452,14/01/2019,16:08:11,15,1,24.8,1.0,1.1,1.0,2,1,1.00,CYCLE,N
IND,208,6592,59452,14/01/2019,16:08:12,15,1,32.1,1.0,0.6,0.4,2,1,1.00,CYCLE,N
IND,208,6592,59452,14/01/2019,16:08:12,15,1,34.6,1.0,0.7,0.6,2,1,1.00,CYCLE,N
IND,208,6592,59452,14/01/2019,16:08:12,15,1,34.6,1.0,0.0,0.0,2,1,1.00,CYCLE,N
IND,208,6592,59452,14/01/2019,16:08:13,15,1,31.9,1.0,1.0,0.9,2,1,1.00,CYCLE,N
IND,208,6592,59452,14/01/2019,16:08:16,15,1,29.8,1.0,2.2,2.1,2,1,1.00,CYCLE,N
IND,208,6592,59452,14/01/2019,16:08:16,15,1,30.3,1.1,0.3,0.1,2,1,1.00,CYCLE,N
IND,208,6592,59452,14/01/2019,16:08:16,15,1,30.7,1.0,0.4,0.3,2,1,1.00,CYCLE,N
IND,208,6592,59452,14/01/2019,16:08:17,15,1,27.8,1.1,0.5,0.4,2,1,1.00,CYCLE,N
IND,208,6592,59453,14/01/2019,16:08:18,15,0,24.2,1.0,336.4,336.3,2,1,1.00,CYCLE,S
IND,208,6592,59452,14/01/2019,16:08:20,15,1,29.3,1.0,2.7,2.6,2,1,1.00,CYCLE,N
IND,208,6592,59452,14/01/2019,16:08:20,15,1,26.2,1.1,0.5,0.4,2,1,1.00,CYCLE,N
IND,208,6592,59452,14/01/2019,16:08:23,15,1,23.8,1.1,3.4,3.3,2,1,1.00,CYCLE,N
IND,208,6592,59452,14/01/2019,16:08:24,15,1,23.8,1.1,0.7,0.5,2,1,1.00,CYCLE,N
IND,208,6592,59452,14/01/2019,16:08:25,15,1,23.6,1.1,0.7,0.6,2,1,1.00,CYCLE,N
IND,208,6592,59452,14/01/2019,16:08:27,15,1,25.0,1.1,1.9,1.7,2,1,1.00,CYCLE,N
IND,208,6592,59452,14/01/2019,16:08:29,15,1,23.2,1.0,1.8,1.6,2,1,1.00,CYCLE,N
IND,208,6592,59452,14/01/2019,16:08:35,15,1,22.7,1.0,6.7,6.6,2,1,1.00,CYCLE,N
IND,208,6592,59452,14/01/2019,16:08:39,15,1,20.4,1.0,4.2,4.0,2,1,1.00,CYCLE,N
IND,208,6592,59452,14/01/2019,16:09:51,15,1,36.7,1.0,71.5,71.3,2,1,1.00,CYCLE,N
IND,208,6592,59452,14/01/2019,16:09:51,15,1,37.0,1.0,0.3,0.2,2,1,1.00,CYCLE,N
IND,208,6592,59452,14/01/2019,16:09:55,15,1,32.2,1.1,3.5,3.4,2,1,1.00,CYCLE,N
IND,208,6592,59452,14/01/2019,16:09:56,15,1,34.3,1.1,1.4,1.3,2,1,1.00,CYCLE,N
IND,208,6592,59452,14/01/2019,16:09:57,15,1,33.6,1.0,1.2,1.1,2,1,1.00,CYCLE,N
IND,208,6592,59452,14/01/2019,16:09:58,15,1,32.3,1.0,0.2,0.1,2,1,1.00,CYCLE,N
IND,208,6592,59452,14/01/2019,16:10:01,15,1,26.1,1.1,3.0,2.9,2,1,1.00,CYCLE,N
IND,208,6592,59452,14/01/2019,16:10:06,15,1,26.9,1.0,5.1,5.0,2,1,1.00,CYCLE,N
IND,208,6592,59452,14/01/2019,16:10:06,15,1,23.3,1.1,0.6,0.5,2,1,1.00,CYCLE,N
IND,208,6592,59452,14/01/2019,16:10:11,15,1,24.8,1.0,4.5,4.3,2,1,1.00,CYCLE,N
IND,208,6592,59452,14/01/2019,16:10:11,15,1,27.3,1.0,0.6,0.5,2,1,1.00,CYCLE,N
IND,208,6592,59452,14/01/2019,16:10:13,15,1,25.1,1.0,2.1,1.9,2,1,1.00,CYCLE,N
IND,208,6592,59452,14/01/2019,16:10:26,15,1,21.2,1.1,12.6,12.4,2,1,1.00,CYCLE,N
IND,208,6592,59453,14/01/2019,16:10:28,15,0,20.9,1.0,130.1,129.9,2,1,1.00,CYCLE,S
IND,208,6592,59453,14/01/2019,16:10:29,15,0,23.7,1.0,0.9,0.7,2,1,1.00,CYCLE,S
IND,208,6592,59453,14/01/2019,16:10:49,15,0,27.1,1.0,19.7,19.5,2,1,1.00,CYCLE,S
IND,208,6592,59452,14/01/2019,16:12:01,15,1,25.7,1.1,95.2,95.0,2,1,1.00,CYCLE,N
IND,208,6592,59452,14/01/2019,16:12:04,15,1,29.4,1.0,2.9,2.8,2,1,1.00,CYCLE,N
IND,208,6592,59452,14/01/2019,16:12:05,15,1,29.9,1.0,0.7,0.6,2,1,1.00,CYCLE,N
IND,208,6592,59453,14/01/2019,16:12:06,15,0,24.5,1.0,77.5,77.3,2,1,1.00,CYCLE,S
IND,208,6592,59453,14/01/2019,16:12:09,15,0,23.8,1.0,2.6,2.5,2,1,1.00,CYCLE,S
IND,208,6592,59452,14/01/2019,16:12:15,15,1,30.7,1.0,9.9,9.8,2,1,1.00,CYCLE,N
IND,208,6592,59452,14/01/2019,16:12:27,15,1,27.4,1.0,11.8,11.6,2,1,1.00,CYCLE,N
IND,208,6592,59452,14/01/2019,16:12:27,15,1,23.7,1.0,0.8,0.7,2,1,1.00,CYCLE,N
IND,208,6592,59452,14/01/2019,16:12:29,15,1,27.2,1.0,1.2,1.1,2,1,1.00,CYCLE,N
IND,208,6592,59452,14/01/2019,16:12:30,15,1,25.6,1.0,1.6,1.5,2,1,1.00,CYCLE,N
IND,208,6592,59452,14/01/2019,16:14:03,15,1,35.0,1.0,92.6,92.5,2,1,1.00,CYCLE,N
IND,208,6592,59452,14/01/2019,16:14:03,15,1,35.4,1.0,0.4,0.3,2,1,1.00,CYCLE,N
IND,208,6592,59452,14/01/2019,16:14:04,15,1,36.1,1.0,0.5,0.4,2,1,1.00,CYCLE,N
IND,208,6592,59452,14/01/2019,16:14:04,15,1,36.9,1.1,0.3,0.2,2,1,1.00,CYCLE,N
IND,208,6592,59452,14/01/2019,16:14:05,15,1,32.1,1.0,1.0,0.9,2,1,1.00,CYCLE,N
IND,208,6592,59452,14/01/2019,16:14:07,15,1,30.5,1.0,1.8,1.7,2,1,1.00,CYCLE,N
IND,208,6592,59452,14/01/2019,16:14:07,15,1,30.4,1.0,0.3,0.2,2,1,1.00,CYCLE,N
IND,208,6592,59452,14/01/2019,16:14:10,15,1,26.7,1.1,2.9,2.8,2,1,1.00,CYCLE,N
IND,208,6592,59452,14/01/2019,16:14:13,15,1,25.7,1.0,3.3,3.2,2,1,1.00,CYCLE,N
IND,208,6592,59452,14/01/2019,16:14:14,15,1,26.0,1.0,0.6,0.5,2,1,1.00,CYCLE,N
IND,208,6592,59453,14/01/2019,16:14:15,15,0,28.9,1.0,126.0,125.8,2,1,1.00,CYCLE,S
IND,208,6592,59452,14/01/2019,16:14:17,15,1,25.9,1.1,3.2,3.1,2,1,1.00,CYCLE,N
IND,208,6592,59452,14/01/2019,16:14:19,15,1,26.7,1.1,1.2,1.0,2,1,1.00,CYCLE,N
IND,208,6592,59452,14/01/2019,16:14:19,15,1,25.5,1.0,0.5,0.4,2,1,1.00,CYCLE,N
IND,208,6592,59452,14/01/2019,16:14:19,15,1,25.5,1.2,0.4,0.3,2,1,1.00,CYCLE,N
IND,208,6592,59452,14/01/2019,16:14:23,15,1,24.5,1.1,4.0,3.9,2,1,1.00,CYCLE,N
IND,208,6592,59452,14/01/2019,16:14:25,15,1,24.0,1.1,1.4,1.3,2,1,1.00,CYCLE,N
IND,208,6592,59452,14/01/2019,16:14:27,15,1,25.6,1.0,2.3,2.1,2,1,1.00,CYCLE,N
IND,208,6592,59452,14/01/2019,16:14:27,15,1,23.6,1.1,0.2,0.1,2,1,1.00,CYCLE,N
IND,208,6592,59452,14/01/2019,16:14:28,15,1,26.0,1.0,0.3,0.1,2,1,1.00,CYCLE,N
IND,208,6592,59452,14/01/2019,16:14:29,15,1,28.0,1.0,0.9,0.8,2,1,1.00,CYCLE,N
IND,208,6592,59452,14/01/2019,16:14:29,15,1,24.8,1.1,0.5,0.3,2,1,1.00,CYCLE,N
IND,208,6592,59452,14/01/2019,16:14:31,15,1,25.1,1.1,1.8,1.6,2,1,1.00,CYCLE,N
IND,208,6592,59452,14/01/2019,16:14:32,15,1,22.7,1.1,0.9,0.7,2,1,1.00,CYCLE,N
IND,208,6592,59452,14/01/2019,16:14:34,15,1,24.0,1.1,1.9,1.7,2,1,1.00,CYCLE,N
IND,208,6592,59452,14/01/2019,16:14:40,15,1,22.5,1.0,6.8,6.6,2,1,1.00,CYCLE,N
IND,208,6592,59452,14/01/2019,16:14:43,15,1,22.5,1.1,2.7,2.6,2,1,1.00,CYCLE,N
IND,208,6592,59453,14/01/2019,16:14:45,15,0,28.7,1.1,30.3,30.1,2,1,1.00,CYCLE,S
IND,208,6592,59452,14/01/2019,16:15:49,15,1,46.0,1.1,66.1,65.9,2,1,1.00,CYCLE,N
IND,208,6592,59452,14/01/2019,16:16:01,15,1,32.1,1.0,12.3,12.2,2,1,1.00,CYCLE,N
IND,208,6592,59452,14/01/2019,16:16:08,15,1,28.8,1.0,6.3,6.2,2,1,1.00,CYCLE,N
IND,208,6592,59452,14/01/2019,16:16:08,15,1,28.1,1.1,0.4,0.3,2,1,1.00,CYCLE,N
IND,208,6592,59452,14/01/2019,16:16:11,15,1,27.5,1.0,2.4,2.2,2,1,1.00,CYCLE,N
IND,208,6592,59452,14/01/2019,16:16:12,15,1,27.8,1.1,1.5,1.4,2,1,1.00,CYCLE,N
IND,208,6592,59452,14/01/2019,16:16:15,15,1,26.2,1.1,2.7,2.6,2,1,1.00,CYCLE,N
IND,208,6592,59452,14/01/2019,16:16:19,15,1,25.3,1.1,3.9,3.8,2,1,1.00,CYCLE,N
IND,208,6592,59452,14/01/2019,16:16:21,15,1,27.6,1.0,2.2,2.1,2,1,1.00,CYCLE,N
IND,208,6592,59452,14/01/2019,16:16:21,15,1,27.8,1.0,0.4,0.3,2,1,1.00,CYCLE,N
IND,208,6592,59452,14/01/2019,16:16:23,15,1,26.6,1.0,2.0,1.9,2,1,1.00,CYCLE,N
IND,208,6592,59452,14/01/2019,16:16:25,15,1,27.3,1.0,1.3,1.1,2,1,1.00,CYCLE,N
IND,208,6592,59452,14/01/2019,16:16:34,15,1,22.6,1.1,9.4,9.3,2,1,1.00,CYCLE,N
IND,208,6592,59452,14/01/2019,16:16:51,15,1,20.6,1.0,17.2,17.0,2,1,1.00,CYCLE,N
IND,208,6592,59452,14/01/2019,16:17:58,15,1,35.4,1.0,67.0,66.8,2,1,1.00,CYCLE,N
IND,208,6592,59452,14/01/2019,16:18:01,15,1,29.5,1.0,2.8,2.7,2,1,1.00,CYCLE,N
IND,208,6592,59452,14/01/2019,16:18:02,15,1,30.3,1.1,0.8,0.7,2,1,1.00,CYCLE,N
IND,208,6592,59452,14/01/2019,16:18:04,15,1,29.8,1.1,1.9,1.7,2,1,1.00,CYCLE,N
IND,208,6592,59452,14/01/2019,16:18:04,15,1,31.4,1.0,0.9,0.7,2,1,1.00,CYCLE,N
IND,208,6592,59452,14/01/2019,16:18:05,15,1,28.7,1.0,0.8,0.7,2,1,1.00,CYCLE,N
IND,208,6592,59452,14/01/2019,16:18:08,15,1,33.0,1.0,2.7,2.5,2,1,0.50,CYCLE,N
IND,208,6592,59453,14/01/2019,16:18:08,15,0,33.0,1.0,0.0,0.0,2,1,0.50,CYCLE,S
IND,208,6592,59452,14/01/2019,16:18:10,15,1,24.8,1.1,2.5,2.3,2,1,1.00,CYCLE,N
IND,208,6592,59452,14/01/2019,16:18:12,15,1,23.5,1.0,1.9,1.8,2,1,1.00,CYCLE,N
IND,208,6592,59452,14/01/2019,16:18:15,15,1,26.4,1.1,2.7,2.6,2,1,1.00,CYCLE,N
IND,208,6592,59452,14/01/2019,16:18:16,15,1,23.1,1.1,1.1,1.0,2,1,1.00,CYCLE,N
IND,208,6592,59453,14/01/2019,16:19:03,15,0,18.6,1.1,257.8,257.7,2,1,1.00,CYCLE,S
IND,208,6592,59452,14/01/2019,16:20:03,15,1,28.3,1.0,106.6,106.4,2,1,1.00,CYCLE,N
IND,208,6592,59452,14/01/2019,16:20:04,15,1,28.1,1.1,1.0,0.9,2,1,1.00,CYCLE,N
IND,208,6592,59452,14/01/2019,16:20:05,15,1,29.1,1.0,0.9,0.8,2,1,0.88,CYCLE,N
IND,208,6592,59452,14/01/2019,16:20:05,15,1,29.1,1.0,0.0,0.0,2,1,0.88,CYCLE,N
IND,208,6592,59452,14/01/2019,16:20:05,15,1,29.1,1.0,0.0,0.0,2,1,0.88,CYCLE,N
IND,208,6592,59452,14/01/2019,16:20:06,15,1,30.9,1.1,1.2,0.3,2,1,1.00,CYCLE,N
IND,208,6592,59452,14/01/2019,16:20:07,15,1,30.4,1.1,0.7,0.6,2,1,1.00,CYCLE,N
IND,208,6592,59452,14/01/2019,16:20:08,15,1,29.1,1.0,1.7,1.6,2,1,1.00,CYCLE,N
IND,208,6592,59452,14/01/2019,16:20:09,15,1,31.4,1.1,1.0,0.8,2,1,1.00,CYCLE,N
IND,208,6592,59452,14/01/2019,16:20:10,15,1,26.2,1.0,1.0,0.9,2,1,1.00,CYCLE,N
IND,208,6592,59452,14/01/2019,16:20:11,15,1,34.1,1.0,0.7,0.5,2,1,1.00,CYCLE,N
IND,208,6592,59452,14/01/2019,16:20:12,15,1,27.0,1.0,0.5,0.4,2,1,1.00,CYCLE,N
IND,208,6592,59452,14/01/2019,16:20:13,15,1,26.5,1.1,1.1,1.0,2,1,1.00,CYCLE,N
IND,208,6592,59452,14/01/2019,16:20:13,15,1,25.5,1.1,0.4,0.3,2,1,1.00,CYCLE,N
IND,208,6592,59452,14/01/2019,16:20:14,15,1,26.0,1.1,0.7,0.5,2,1,1.00,CYCLE,N
IND,208,6592,59453,14/01/2019,16:20:14,15,0,41.2,1.0,71.2,70.9,2,1,0.35,CYCLE,S
IND,208,6592,59453,14/01/2019,16:20:14,15,0,41.2,1.0,0.0,0.0,2,1,0.35,CYCLE,S
IND,208,6592,59453,14/01/2019,16:20:14,15,0,41.2,1.0,0.0,0.0,2,1,0.35,CYCLE,S
IND,208,6592,59453,14/01/2019,16:20:14,15,0,41.2,1.0,0.0,0.0,2,1,0.35,CYCLE,S
IND,208,6592,59452,14/01/2019,16:20:16,15,1,29.4,1.0,2.6,2.4,2,1,1.00,CYCLE,N
IND,208,6592,59452,14/01/2019,16:20:17,15,1,27.7,1.0,0.8,0.6,2,1,1.00,CYCLE,N
IND,208,6592,59452,14/01/2019,16:20:19,15,1,27.9,1.1,1.5,1.4,2,1,1.00,CYCLE,N
IND,208,6592,59452,14/01/2019,16:20:20,15,1,27.1,1.2,1.3,1.2,2,1,1.00,CYCLE,N
IND,208,6592,59453,14/01/2019,16:20:21,15,0,23.1,1.0,7.0,6.0,2,1,1.00,CYCLE,S
IND,208,6592,59452,14/01/2019,16:20:22,15,1,27.2,1.0,2.0,1.9,2,1,1.00,CYCLE,N
IND,208,6592,59452,14/01/2019,16:20:23,15,1,25.1,1.0,1.1,1.0,2,1,1.00,CYCLE,N
IND,208,6592,59452,14/01/2019,16:20:25,15,1,26.6,1.1,1.5,1.4,2,1,1.00,CYCLE,N
IND,208,6592,59453,14/01/2019,16:20:54,15,0,27.6,1.0,33.0,32.9,2,1,1.00,CYCLE,S
IND,208,6592,59453,14/01/2019,16:21:12,15,0,26.5,1.0,18.2,18.1,2,1,1.00,CYCLE,S
IND,208,6592,59453,14/01/2019,16:21:33,15,0,24.1,1.1,20.7,20.6,2,1,1.00,CYCLE,S
IND,208,6592,59453,14/01/2019,16:21:37,15,0,30.0,1.1,4.2,4.1,2,1,1.00,CYCLE,S
IND,208,6592,59452,14/01/2019,16:22:15,15,1,33.5,1.0,110.7,110.5,2,1,1.00,CYCLE,N
IND,208,6592,59452,14/01/2019,16:22:18,15,1,29.8,1.0,2.3,2.1,2,1,1.00,CYCLE,N
IND,208,6592,59452,14/01/2019,16:22:22,15,1,32.1,1.1,4.0,3.9,2,1,1.00,CYCLE,N
IND,208,6592,59452,14/01/2019,16:22:22,15,1,31.5,1.0,0.7,0.5,2,1,0.67,CYCLE,N
IND,208,6592,59452,14/01/2019,16:22:22,15,1,31.5,1.0,0.0,0.0,2,1,0.67,CYCLE,N
IND,208,6592,59452,14/01/2019,16:22:24,15,1,25.7,1.1,1.4,0.8,2,1,1.00,CYCLE,N
IND,208,6592,59452,14/01/2019,16:22:24,15,1,31.5,1.0,0.8,0.6,2,1,1.00,CYCLE,N
IND,208,6592,59452,14/01/2019,16:22:26,15,1,31.1,1.0,1.1,1.0,2,1,1.00,CYCLE,N
IND,208,6592,59452,14/01/2019,16:22:28,15,1,25.4,1.0,2.4,2.3,2,1,0.57,CYCLE,N
IND,208,6592,59452,14/01/2019,16:22:28,15,1,25.4,1.0,0.0,0.0,2,1,0.57,CYCLE,N
IND,208,6592,59452,14/01/2019,16:22:29,15,1,27.4,1.0,1.5,1.4,2,1,1.00,CYCLE,N
IND,208,6592,59452,14/01/2019,16:22:30,15,1,27.9,1.1,0.4,0.2,2,1,1.00,CYCLE,N
IND,208,6592,59452,14/01/2019,16:22:30,15,1,25.0,1.0,0.2,0.1,2,1,1.00,CYCLE,N
IND,208,6592,59452,14/01/2019,16:22:32,15,1,27.1,1.0,1.5,1.3,2,1,1.00,CYCLE,N
IND,208,6592,59452,14/01/2019,16:22:32,15,1,25.5,1.0,0.9,0.7,2,1,1.00,CYCLE,N
IND,208,6592,59452,14/01/2019,16:22:32,15,1,25.5,1.0,0.0,0.0,2,1,1.00,CYCLE,N
IND,208,6592,59452,14/01/2019,16:22:35,15,1,25.6,1.0,2.7,2.4,2,1,1.00,CYCLE,N
IND,208,6592,59452,14/01/2019,16:22:36,15,1,24.7,1.1,1.1,1.0,2,1,1.00,CYCLE,N
IND,208,6592,59452,14/01/2019,16:22:39,15,1,24.3,1.0,2.9,2.7,2,1,1.00,CYCLE,N
IND,208,6592,59452,14/01/2019,16:22:40,15,1,20.0,1.1,0.8,0.7,2,1,1.00,CYCLE,N
IND,208,6592,59452,14/01/2019,16:22:42,15,1,20.2,1.1,2.3,2.1,2,1,1.00,CYCLE,N
IND,208,6592,59452,14/01/2019,16:22:43,15,1,21.3,1.1,0.7,0.5,2,1,1.00,CYCLE,N
IND,208,6592,59452,14/01/2019,16:22:50,15,1,18.1,1.0,7.3,7.1,2,1,1.00,CYCLE,N
IND,208,6592,59453,14/01/2019,16:22:54,15,0,23.2,1.0,76.4,76.3,2,1,1.00,CYCLE,S
IND,208,6592,59453,14/01/2019,16:22:59,15,0,28.7,1.1,5.2,5.1,2,1,1.00,CYCLE,S
IND,208,6592,59452,14/01/2019,16:23:06,15,1,26.6,1.0,15.9,15.7,2,1,1.00,CYCLE,N
IND,208,6592,59452,14/01/2019,16:23:58,15,1,30.3,1.0,52.3,52.1,2,1,1.00,CYCLE,N
IND,208,6592,59452,14/01/2019,16:24:00,15,1,31.3,1.0,1.7,1.6,2,1,1.00,CYCLE,N
IND,208,6592,59452,14/01/2019,16:24:05,15,1,34.0,1.0,4.6,4.5,2,1,1.00,CYCLE,N
IND,208,6592,59452,14/01/2019,16:24:06,15,1,33.9,1.0,0.8,0.7,2,1,1.00,CYCLE,N
IND,208,6592,59452,14/01/2019,16:24:06,15,1,26.8,1.0,0.8,0.7,2,1,1.00,CYCLE,N
IND,208,6592,59452,14/01/2019,16:24:07,15,1,26.9,1.1,0.4,0.2,2,1,1.00,CYCLE,N
IND,208,6592,59452,14/01/2019,16:24:07,15,1,32.0,1.0,0.4,0.2,2,1,1.00,CYCLE,N
IND,208,6592,59452,14/01/2019,16:24:13,15,1,32.0,1.1,5.7,5.6,2,1,1.00,CYCLE,N
IND,208,6592,59452,14/01/2019,16:24:14,15,1,27.5,1.0,1.0,0.9,2,1,1.00,CYCLE,N
IND,208,6592,59452,14/01/2019,16:24:15,15,1,29.1,1.1,0.8,0.6,2,1,1.00,CYCLE,N
IND,208,6592,59452,14/01/2019,16:24:15,15,1,28.9,1.0,0.6,0.5,2,1,1.00,CYCLE,N
IND,208,6592,59452,14/01/2019,16:24:17,15,1,29.0,1.0,1.6,1.5,2,1,1.00,CYCLE,N
IND,208,6592,59452,14/01/2019,16:24:18,15,1,28.3,1.1,1.3,1.2,2,1,1.00,CYCLE,N
IND,208,6592,59452,14/01/2019,16:24:19,15,1,29.0,1.0,0.9,0.8,2,1,1.00,CYCLE,N
IND,208,6592,59452,14/01/2019,16:24:22,15,1,27.0,1.0,3.0,2.9,2,1,1.00,CYCLE,N
IND,208,6592,59452,14/01/2019,16:24:28,15,1,23.7,1.0,5.4,5.3,2,1,1.00,CYCLE,N
IND,208,6592,59452,14/01/2019,16:24:32,15,1,24.4,1.0,2.7,2.5,2,1,1.00,CYCLE,N
IND,208,6592,59452,14/01/2019,16:24:34,15,1,30.4,1.1,2.4,2.2,2,1,1.00,CYCLE,N
IND,208,6592,59452,14/01/2019,16:24:34,15,1,23.3,1.1,0.2,0.1,2,1,1.00,CYCLE,N
IND,208,6592,59452,14/01/2019,16:24:36,15,1,22.1,1.0,2.1,1.9,2,1,1.00,CYCLE,N
IND,208,6592,59452,14/01/2019,16:24:37,15,1,23.2,1.0,1.1,0.9,2,1,1.00,CYCLE,N
IND,208,6592,59452,14/01/2019,16:24:44,15,1,19.0,1.1,6.6,6.5,2,1,1.00,CYCLE,N
IND,208,6592,59452,14/01/2019,16:25:01,15,1,23.7,1.1,17.4,17.1,2,1,1.00,CYCLE,N
IND,208,6592,59452,14/01/2019,16:25:59,15,1,33.9,1.0,58.0,57.9,2,1,1.00,CYCLE,N
IND,208,6592,59452,14/01/2019,16:26:02,15,1,30.3,1.1,2.5,2.4,2,1,1.00,CYCLE,N
IND,208,6592,59452,14/01/2019,16:26:05,15,1,37.9,1.0,3.4,3.2,2,1,1.00,CYCLE,N
IND,208,6592,59452,14/01/2019,16:26:06,15,1,39.1,1.0,0.6,0.5,2,1,1.00,CYCLE,N
IND,208,6592,59452,14/01/2019,16:26:06,15,1,40.3,1.0,0.5,0.4,2,1,1.00,CYCLE,N
IND,208,6592,59452,14/01/2019,16:26:07,15,1,39.5,1.1,0.7,0.6,2,1,1.00,CYCLE,N
IND,208,6592,59452,14/01/2019,16:26:11,15,1,28.5,1.1,4.5,4.4,2,1,1.00,CYCLE,N
IND,208,6592,59453,14/01/2019,16:26:13,15,0,22.5,1.0,193.9,193.8,2,1,1.00,CYCLE,S
IND,208,6592,59452,14/01/2019,16:26:14,15,1,26.5,1.1,2.4,2.3,2,1,1.00,CYCLE,N
IND,208,6592,59452,14/01/2019,16:26:14,15,1,26.7,1.0,0.4,0.3,2,1,1.00,CYCLE,N
IND,208,6592,59452,14/01/2019,16:26:15,15,1,27.6,1.0,0.3,0.2,2,1,1.00,CYCLE,N
IND,208,6592,59452,14/01/2019,16:26:15,15,1,29.7,1.0,0.8,0.6,2,1,1.00,CYCLE,N
IND,208,6592,59452,14/01/2019,16:26:16,15,1,29.7,1.0,0.8,0.7,2,1,1.00,CYCLE,N
IND,208,6592,59452,14/01/2019,16:26:19,15,1,26.6,1.1,2.5,2.4,2,1,1.00,CYCLE,N
IND,208,6592,59452,14/01/2019,16:26:20,15,1,22.5,1.1,1.2,1.1,2,1,1.00,CYCLE,N
IND,208,6592,59452,14/01/2019,16:26:21,15,1,21.3,1.1,0.7,0.5,2,1,1.00,CYCLE,N
IND,208,6592,59452,14/01/2019,16:26:22,15,1,24.3,1.0,1.2,1.0,2,1,1.00,CYCLE,N
IND,208,6592,59452,14/01/2019,16:26:35,15,1,21.4,1.1,12.6,12.5,2,1,1.00,CYCLE,N
IND,208,6592,59452,14/01/2019,16:28:01,15,1,31.2,1.1,86.8,86.6,2,1,1.00,CYCLE,N
IND,208,6592,59452,14/01/2019,16:28:07,15,1,26.3,1.0,6.0,5.9,2,1,1.00,CYCLE,N
IND,208,6592,59452,14/01/2019,16:28:08,15,1,31.4,1.0,1.0,0.9,2,1,1.00,CYCLE,N
IND,208,6592,59452,14/01/2019,16:28:13,15,1,29.9,1.0,4.2,4.1,2,1,1.00,CYCLE,N
IND,208,6592,59452,14/01/2019,16:28:13,15,1,40.0,1.0,0.6,0.4,2,1,0.29,CYCLE,N
IND,208,6592,59452,14/01/2019,16:28:14,15,1,25.3,1.1,0.8,0.6,2,1,1.00,CYCLE,N
IND,208,6592,59452,14/01/2019,16:28:14,15,1,29.6,1.0,0.4,0.2,2,1,1.00,CYCLE,N
IND,208,6592,59452,14/01/2019,16:28:15,15,1,29.8,1.1,0.9,0.7,2,1,1.00,CYCLE,N
IND,208,6592,59452,14/01/2019,16:28:18,15,1,33.6,1.1,3.1,2.9,2,1,1.00,CYCLE,N
IND,208,6592,59452,14/01/2019,16:28:19,15,1,26.5,1.0,0.6,0.5,2,1,1.00,CYCLE,N
IND,208,6592,59452,14/01/2019,16:28:19,15,1,33.4,1.1,0.6,0.4,2,1,1.00,CYCLE,N
IND,208,6592,59452,14/01/2019,16:28:20,15,1,33.7,1.0,0.4,0.3,2,1,1.00,CYCLE,N
IND,208,6592,59452,14/01/2019,16:28:20,15,1,33.4,1.0,0.5,0.4,2,1,1.00,CYCLE,N
IND,208,6592,59452,14/01/2019,16:28:24,15,1,28.0,1.1,3.2,3.1,2,1,1.00,CYCLE,N
IND,208,6592,59452,14/01/2019,16:28:24,15,1,27.7,1.2,0.4,0.2,2,1,1.00,CYCLE,N
IND,208,6592,59453,14/01/2019,16:28:24,15,0,26.1,1.1,131.4,131.2,2,1,1.00,CYCLE,S
IND,208,6592,59452,14/01/2019,16:28:26,15,1,24.3,1.0,0.5,0.3,2,1,1.00,CYCLE,N
IND,208,6592,59452,14/01/2019,16:28:27,15,1,24.6,1.1,0.5,0.3,2,1,1.00,CYCLE,N
IND,208,6592,59452,14/01/2019,16:28:27,15,1,19.0,1.1,0.3,0.2,2,1,1.00,CYCLE,N
IND,208,6592,59452,14/01/2019,16:28:28,15,1,29.3,1.0,1.4,1.2,2,1,1.00,CYCLE,N
IND,208,6592,59452,14/01/2019,16:28:29,15,1,26.3,1.0,1.2,1.1,2,1,1.00,CYCLE,N
IND,208,6592,59452,14/01/2019,16:28:30,15,1,27.6,1.0,0.8,0.6,2,1,1.00,CYCLE,N
IND,208,6592,59452,14/01/2019,16:28:30,15,1,25.2,1.1,0.2,0.1,2,1,1.00,CYCLE,N
IND,208,6592,59452,14/01/2019,16:28:37,15,1,23.3,1.1,6.1,6.0,2,1,1.00,CYCLE,N
IND,208,6592,59452,14/01/2019,16:28:37,15,1,22.3,1.0,0.7,0.6,2,1,1.00,CYCLE,N
IND,208,6592,59452,14/01/2019,16:28:49,15,1,20.7,1.1,11.8,11.6,2,1,1.00,CYCLE,N
IND,208,6592,59452,14/01/2019,16:28:50,15,1,20.7,1.1,1.0,0.8,2,1,1.00,CYCLE,N
IND,208,6592,59452,14/01/2019,16:28:51,15,1,21.7,1.0,1.2,1.1,2,1,1.00,CYCLE,N
IND,208,6592,59452,14/01/2019,16:28:52,15,1,25.2,1.0,1.2,1.0,2,1,0.33,CYCLE,N
IND,208,6592,59452,14/01/2019,16:29:51,15,1,26.4,1.1,58.3,57.9,2,1,1.00,CYCLE,N
IND,208,6592,59452,14/01/2019,16:30:10,15,1,29.7,1.0,18.8,18.7,2,1,1.00,CYCLE,N
IND,208,6592,59452,14/01/2019,16:30:10,15,1,27.8,1.1,0.4,0.3,2,1,1.00,CYCLE,N
IND,208,6592,59452,14/01/2019,16:30:11,15,1,30.0,1.0,0.6,0.4,2,1,1.00,CYCLE,N
IND,208,6592,59452,14/01/2019,16:30:11,15,1,30.3,1.0,0.4,0.3,2,1,1.00,CYCLE,N
IND,208,6592,59452,14/01/2019,16:30:12,15,1,30.3,1.1,1.0,0.9,2,1,1.00,CYCLE,N
IND,208,6592,59452,14/01/2019,16:30:15,15,1,28.8,1.0,3.0,2.8,2,1,1.00,CYCLE,N
IND,208,6592,59452,14/01/2019,16:30:15,15,1,28.8,1.0,0.0,0.0,2,1,1.00,CYCLE,N
IND,208,6592,59452,14/01/2019,16:30:16,15,1,33.7,1.1,1.4,1.2,2,1,1.00,CYCLE,N
IND,208,6592,59452,14/01/2019,16:30:17,15,1,32.8,1.0,0.4,0.3,2,1,1.00,CYCLE,N
IND,208,6592,59452,14/01/2019,16:30:17,15,1,29.1,1.0,0.6,0.5,2,1,1.00,CYCLE,N
IND,208,6592,59452,14/01/2019,16:30:23,15,1,26.5,1.0,5.4,5.2,2,1,1.00,CYCLE,N
IND,208,6592,59452,14/01/2019,16:30:23,15,1,26.2,1.1,0.5,0.4,2,1,1.00,CYCLE,N
IND,208,6592,59452,14/01/2019,16:30:24,15,1,27.8,1.0,0.7,0.5,2,1,1.00,CYCLE,N
IND,208,6592,59452,14/01/2019,16:30:25,15,1,27.3,1.1,1.0,0.8,2,1,1.00,CYCLE,N
IND,208,6592,59452,14/01/2019,16:30:31,15,1,25.0,1.0,6.4,6.2,2,1,1.00,CYCLE,N
IND,208,6592,59452,14/01/2019,16:30:32,15,1,25.2,1.0,0.7,0.5,2,1,1.00,CYCLE,N
IND,208,6592,59452,14/01/2019,16:30:33,15,1,30.8,1.1,0.9,0.7,2,1,1.00,CYCLE,N
IND,208,6592,59452,14/01/2019,16:30:34,15,1,22.7,1.0,1.0,0.9,2,1,1.00,CYCLE,N
IND,208,6592,59452,14/01/2019,16:30:35,15,1,22.7,1.1,0.8,0.6,2,1,1.00,CYCLE,N
IND,208,6592,59452,14/01/2019,16:30:38,15,1,27.9,1.0,3.2,3.0,2,1,1.00,CYCLE,N
IND,208,6592,59452,14/01/2019,16:30:39,15,1,22.9,1.1,1.5,1.4,2,1,1.00,CYCLE,N
IND,208,6592,59452,14/01/2019,16:30:51,15,1,20.5,1.0,11.8,11.6,2,1,1.00,CYCLE,N
IND,208,6592,59452,14/01/2019,16:30:51,15,1,24.6,1.1,0.5,0.3,2,1,1.00,CYCLE,N
IND,208,6592,59452,14/01/2019,16:30:52,15,1,19.5,1.0,0.4,0.3,2,1,1.00,CYCLE,N
IND,208,6592,59452,14/01/2019,16:32:00,15,1,31.3,1.0,68.3,68.1,2,1,1.00,CYCLE,N
IND,208,6592,59452,14/01/2019,16:32:09,15,1,28.8,1.0,8.9,8.8,2,1,1.00,CYCLE,N
IND,208,6592,59453,14/01/2019,16:32:11,15,0,34.2,1.0,226.3,226.2,2,1,1.00,CYCLE,S
IND,208,6592,59452,14/01/2019,16:32:18,15,1,34.7,1.0,9.2,9.1,2,1,1.00,CYCLE,N
IND,208,6592,59452,14/01/2019,16:32:21,15,1,32.0,1.1,3.0,2.9,2,1,1.00,CYCLE,N
IND,208,6592,59452,14/01/2019,16:32:22,15,1,34.1,1.0,0.6,0.5,2,1,1.00,CYCLE,N
IND,208,6592,59452,14/01/2019,16:32:23,15,1,34.6,1.1,0.7,0.6,2,1,1.00,CYCLE,N
IND,208,6592,59452,14/01/2019,16:32:24,15,1,32.8,1.0,1.3,1.2,2,1,1.00,CYCLE,N
IND,208,6592,59452,14/01/2019,16:32:24,15,1,27.7,1.1,0.2,0.1,2,1,1.00,CYCLE,N
IND,208,6592,59452,14/01/2019,16:32:25,15,1,27.1,1.0,0.3,0.2,2,1,1.00,CYCLE,N
IND,208,6592,59452,14/01/2019,16:32:25,15,1,33.1,1.0,0.3,0.2,2,1,1.00,CYCLE,N
IND,208,6592,59452,14/01/2019,16:32:26,15,1,32.5,1.0,1.4,1.3,2,1,1.00,CYCLE,N
IND,208,6592,59452,14/01/2019,16:32:27,15,1,27.5,1.1,0.5,0.4,2,1,1.00,CYCLE,N
IND,208,6592,59452,14/01/2019,16:32:29,15,1,33.3,1.0,1.9,1.8,2,1,1.00,CYCLE,N
IND,208,6592,59452,14/01/2019,16:32:30,15,1,26.0,1.0,1.3,1.2,2,1,1.00,CYCLE,N
IND,208,6592,59452,14/01/2019,16:32:30,15,1,26.0,1.0,0.0,0.0,2,1,1.00,CYCLE,N
IND,208,6592,59452,14/01/2019,16:32:31,15,1,25.5,1.1,0.6,0.5,2,1,1.00,CYCLE,N
IND,208,6592,59452,14/01/2019,16:32:32,15,1,26.1,1.0,1.6,1.5,2,1,1.00,CYCLE,N
IND,208,6592,59452,14/01/2019,16:32:33,15,1,26.5,1.0,0.6,0.5,2,1,1.00,CYCLE,N
IND,208,6592,59452,14/01/2019,16:32:34,15,1,28.6,1.0,0.8,0.6,2,1,1.00,CYCLE,N
IND,208,6592,59452,14/01/2019,16:32:34,15,1,25.1,1.1,0.2,0.1,2,1,1.00,CYCLE,N
IND,208,6592,59452,14/01/2019,16:32:36,15,1,25.5,1.0,1.9,1.8,2,1,1.00,CYCLE,N
IND,208,6592,59452,14/01/2019,16:32:36,15,1,28.1,1.0,0.6,0.5,2,1,1.00,CYCLE,N
IND,208,6592,59452,14/01/2019,16:32:37,15,1,24.8,1.1,0.9,0.7,2,1,1.00,CYCLE,N
IND,208,6592,59452,14/01/2019,16:32:39,15,1,24.6,1.1,1.4,1.3,2,1,1.00,CYCLE,N
IND,208,6592,59452,14/01/2019,16:32:40,15,1,24.5,1.0,1.4,1.2,2,1,1.00,CYCLE,N
IND,208,6592,59452,14/01/2019,16:32:41,15,1,24.3,1.0,1.1,1.0,2,1,1.00,CYCLE,N
IND,208,6592,59452,14/01/2019,16:32:42,15,1,21.8,1.1,1.1,1.0,2,1,1.00,CYCLE,N
IND,208,6592,59452,14/01/2019,16:32:44,15,1,22.3,1.0,2.0,1.8,2,1,1.00,CYCLE,N
IND,208,6592,59452,14/01/2019,16:32:46,15,1,22.5,1.0,1.9,1.7,2,1,1.00,CYCLE,N
IND,208,6592,59452,14/01/2019,16:32:47,15,1,30.0,1.0,0.6,0.4,2,1,1.00,CYCLE,N
IND,208,6592,59452,14/01/2019,16:32:49,15,1,24.9,1.0,2.0,1.9,2,1,1.00,CYCLE,N
IND,208,6592,59452,14/01/2019,16:32:50,15,1,19.0,1.0,1.1,1.0,2,1,1.00,CYCLE,N
IND,208,6592,59453,14/01/2019,16:32:53,15,0,22.1,1.1,42.3,42.2,2,1,1.00,CYCLE,S
IND,208,6592,59452,14/01/2019,16:34:08,15,1,30.7,1.0,11.4,10.4,2,1,1.00,CYCLE,N
IND,208,6592,59452,14/01/2019,16:34:09,15,1,30.6,1.0,1.2,1.1,2,1,1.00,CYCLE,N
IND,208,6592,59452,14/01/2019,16:34:11,15,1,31.5,1.0,1.4,1.3,2,1,1.00,CYCLE,N
IND,208,6592,59452,14/01/2019,16:34:12,15,1,31.4,1.0,0.8,0.7,2,1,1.00,CYCLE,N
IND,208,6592,59452,14/01/2019,16:34:14,15,1,29.6,1.0,2.1,1.9,2,1,1.00,CYCLE,N
IND,208,6592,59452,14/01/2019,16:34:14,15,1,29.5,1.1,0.4,0.3,2,1,1.00,CYCLE,N
IND,208,6592,59452,14/01/2019,16:34:18,15,1,24.8,1.1,3.9,3.8,2,1,1.00,CYCLE,N
IND,208,6592,59452,14/01/2019,16:34:19,15,1,26.6,1.0,0.8,0.7,2,1,1.00,CYCLE,N
IND,208,6592,59452,14/01/2019,16:34:19,15,1,27.0,1.0,0.3,0.2,2,1,1.00,CYCLE,N
IND,208,6592,59452,14/01/2019,16:34:20,15,1,25.5,1.1,0.9,0.7,2,1,1.00,CYCLE,N
IND,208,6592,59452,14/01/2019,16:34:21,15,1,24.9,1.1,0.8,0.6,2,1,1.00,CYCLE,N
IND,208,6592,59452,14/01/2019,16:34:21,15,1,24.1,1.0,0.5,0.3,2,1,1.00,CYCLE,N
IND,208,6592,59452,14/01/2019,16:34:22,15,1,24.7,1.1,0.3,0.1,2,1,1.00,CYCLE,N
IND,208,6592,59452,14/01/2019,16:34:22,15,1,24.3,1.0,0.6,0.4,2,1,1.00,CYCLE,N
IND,208,6592,59452,14/01/2019,16:34:23,15,1,24.6,1.0,0.6,0.5,2,1,1.00,CYCLE,N
IND,208,6592,59452,14/01/2019,16:34:23,15,1,24.8,1.1,0.7,0.5,2,1,1.00,CYCLE,N
IND,208,6592,59452,14/01/2019,16:34:24,15,1,24.7,1.0,0.7,0.6,2,1,1.00,CYCLE,N
IND,208,6592,59452,14/01/2019,16:34:27,15,1,23.4,1.1,2.4,2.2,2,1,1.00,CYCLE,N
IND,208,6592,59452,14/01/2019,16:34:27,15,1,22.9,1.1,0.9,0.7,2,1,1.00,CYCLE,N
IND,208,6592,59452,14/01/2019,16:34:29,15,1,22.9,1.0,1.3,1.2,2,1,1.00,CYCLE,N
IND,208,6592,59452,14/01/2019,16:34:30,15,1,22.7,1.0,0.9,0.8,2,1,1.00,CYCLE,N
IND,208,6592,59452,14/01/2019,16:34:33,15,1,22.7,1.1,2.9,2.7,2,1,1.00,CYCLE,N
IND,208,6592,59452,14/01/2019,16:34:33,15,1,23.5,1.0,0.8,0.6,2,1,1.00,CYCLE,N
IND,208,6592,59452,14/01/2019,16:34:34,15,1,23.4,1.0,0.8,0.6,2,1,1.00,CYCLE,N
IND,208,6592,59452,14/01/2019,16:34:36,15,1,22.6,1.1,1.8,1.7,2,1,1.00,CYCLE,N
IND,208,6592,59452,14/01/2019,16:34:44,15,1,17.9,1.0,7.6,7.5,2,1,1.00,CYCLE,N
IND,208,6592,59452,14/01/2019,16:34:44,15,1,17.9,1.0,0.0,0.0,2,1,1.00,CYCLE,N
IND,208,6592,59452,14/01/2019,16:34:54,15,1,26.5,1.1,10.5,10.2,2,1,1.00,CYCLE,N
IND,208,6592,59452,14/01/2019,16:35:47,15,1,29.7,1.0,53.0,52.9,2,1,1.00,CYCLE,N
IND,208,6592,59452,14/01/2019,16:36:07,15,1,30.7,1.0,20.1,20.0,2,1,1.00,CYCLE,N
IND,208,6592,59452,14/01/2019,16:36:12,15,1,31.2,1.0,4.5,4.3,2,1,1.00,CYCLE,N
IND,208,6592,59452,14/01/2019,16:36:12,15,1,30.7,1.0,0.5,0.4,2,1,1.00,CYCLE,N
IND,208,6592,59452,14/01/2019,16:36:13,15,1,42.7,1.1,1.0,0.9,2,1,1.00,CYCLE,N
IND,208,6592,59453,14/01/2019,16:36:15,15,0,33.1,1.0,201.9,201.7,2,1,0.40,CYCLE,S
IND,208,6592,59452,14/01/2019,16:36:15,15,1,27.3,1.0,2.3,2.2,2,1,1.00,CYCLE,N
IND,208,6592,59452,14/01/2019,16:36:16,15,1,30.7,1.1,0.2,0.1,2,1,1.00,CYCLE,N
IND,208,6592,59452,14/01/2019,16:36:17,15,1,31.7,1.0,1.1,1.0,2,1,1.00,CYCLE,N
IND,208,6592,59452,14/01/2019,16:36:17,15,1,30.6,1.0,0.4,0.3,2,1,1.00,CYCLE,N
IND,208,6592,59452,14/01/2019,16:36:18,15,1,26.9,1.1,0.9,0.8,2,1,1.00,CYCLE,N
IND,208,6592,59452,14/01/2019,16:36:19,15,1,27.9,1.0,1.4,1.3,2,1,1.00,CYCLE,N
IND,208,6592,59452,14/01/2019,16:36:20,15,1,26.0,1.1,0.9,0.8,2,1,1.00,CYCLE,N
IND,208,6592,59452,14/01/2019,16:36:21,15,1,25.8,1.0,0.8,0.6,2,1,1.00,CYCLE,N
IND,208,6592,59452,14/01/2019,16:36:22,15,1,25.8,1.0,0.8,0.6,2,1,1.00,CYCLE,N
IND,208,6592,59452,14/01/2019,16:36:23,15,1,25.4,1.1,0.8,0.6,2,1,1.00,CYCLE,N
IND,208,6592,59452,14/01/2019,16:36:25,15,1,28.9,1.1,2.0,1.8,2,1,1.00,CYCLE,N
IND,208,6592,59452,14/01/2019,16:36:26,15,1,24.4,1.0,1.8,1.6,2,1,1.00,CYCLE,N
IND,208,6592,59452,14/01/2019,16:36:27,15,1,27.2,1.0,0.2,0.1,2,1,1.00,CYCLE,N
IND,208,6592,59452,14/01/2019,16:36:29,15,1,24.5,1.1,1.9,1.7,2,1,1.00,CYCLE,N
IND,208,6592,59452,14/01/2019,16:36:30,15,1,27.0,1.1,1.3,1.1,2,1,1.00,CYCLE,N
IND,208,6592,59452,14/01/2019,16:36:32,15,1,28.1,1.0,1.7,1.5,2,1,1.00,CYCLE,N
IND,208,6592,59452,14/01/2019,16:36:34,15,1,22.8,1.1,1.9,1.8,2,1,1.00,CYCLE,N
IND,208,6592,59452,14/01/2019,16:36:37,15,1,21.8,1.1,3.6,3.4,2,1,1.00,CYCLE,N
IND,208,6592,59452,14/01/2019,16:36:39,15,1,21.8,1.0,2.1,1.9,2,1,1.00,CYCLE,N
IND,208,6592,59452,14/01/2019,16:36:42,15,1,18.7,1.1,2.7,2.6,2,1,1.00,CYCLE,N
IND,208,6592,59452,14/01/2019,16:36:43,15,1,17.4,1.1,1.6,1.4,2,1,1.00,CYCLE,N
IND,208,6592,59453,14/01/2019,16:36:50,15,0,22.4,1.1,35.4,35.2,2,1,1.00,CYCLE,S
IND,208,6592,59453,14/01/2019,16:36:51,15,0,25.5,1.1,0.7,0.5,2,1,1.00,CYCLE,S
IND,208,6592,59452,14/01/2019,16:36:54,15,1,19.4,1.0,10.9,10.7,2,1,1.00,CYCLE,N
IND,208,6592,59452,14/01/2019,16:36:54,15,1,19.4,1.0,0.0,0.0,2,1,1.00,CYCLE,N
IND,208,6592,59453,14/01/2019,16:36:56,15,0,17.7,1.0,5.0,4.8,2,1,0.25,CYCLE,S
IND,208,6592,59453,14/01/2019,16:36:56,15,0,17.7,1.0,0.0,0.0,2,1,0.25,CYCLE,S
IND,208,6592,59452,14/01/2019,16:36:57,15,1,21.2,1.0,2.9,2.6,2,1,1.00,CYCLE,N
IND,208,6592,59452,14/01/2019,16:38:06,15,1,38.9,1.0,68.3,68.1,2,1,1.00,CYCLE,N
IND,208,6592,59452,14/01/2019,16:38:06,15,1,37.7,1.0,0.2,0.2,2,1,1.00,CYCLE,N
IND,208,6592,59452,14/01/2019,16:38:06,15,1,37.8,1.0,0.4,0.3,2,1,1.00,CYCLE,N
IND,208,6592,59452,14/01/2019,16:38:08,15,1,33.5,1.0,1.3,1.2,2,1,1.00,CYCLE,N
IND,208,6592,59452,14/01/2019,16:38:09,15,1,34.9,1.1,1.2,1.1,2,1,1.00,CYCLE,N
IND,208,6592,59452,14/01/2019,16:38:10,15,1,34.9,1.0,1.2,1.0,2,1,1.00,CYCLE,N
IND,208,6592,59452,14/01/2019,16:38:11,15,1,30.4,1.0,1.5,1.4,2,1,1.00,CYCLE,N
IND,208,6592,59452,14/01/2019,16:38:12,15,1,32.4,1.1,0.5,0.4,2,1,1.00,CYCLE,N
IND,208,6592,59452,14/01/2019,16:38:13,15,1,31.5,1.0,0.8,0.7,2,1,1.00,CYCLE,N
IND,208,6592,59452,14/01/2019,16:38:15,15,1,29.6,1.0,1.8,1.7,2,1,1.00,CYCLE,N
IND,208,6592,59452,14/01/2019,16:38:15,15,1,28.9,1.0,0.6,0.5,2,1,1.00,CYCLE,N
IND,208,6592,59452,14/01/2019,16:38:16,15,1,28.7,1.0,0.6,0.5,2,1,1.00,CYCLE,N
IND,208,6592,59452,14/01/2019,16:38:17,15,1,28.8,1.1,1.7,1.6,2,1,1.00,CYCLE,N
IND,208,6592,59452,14/01/2019,16:38:18,15,1,37.0,1.0,0.3,0.2,2,1,1.00,CYCLE,N
IND,208,6592,59452,14/01/2019,16:38:20,15,1,27.2,1.1,1.8,1.7,2,1,1.00,CYCLE,N
IND,208,6592,59452,14/01/2019,16:38:20,15,1,26.8,1.0,0.6,0.5,2,1,1.00,CYCLE,N
IND,208,6592,59452,14/01/2019,16:38:25,15,1,27.8,1.1,4.8,4.6,2,1,1.00,CYCLE,N
IND,208,6592,59453,14/01/2019,16:38:30,15,0,22.7,1.1,74.9,74.8,2,1,1.00,CYCLE,S
IND,208,6592,59452,14/01/2019,16:38:32,15,1,32.3,1.1,6.6,6.4,2,1,1.00,CYCLE,N
IND,208,6592,59452,14/01/2019,16:38:34,15,1,24.4,1.0,2.6,2.5,2,1,0.86,CYCLE,N
IND,208,6592,59452,14/01/2019,16:38:36,15,1,22.2,1.1,2.4,2.2,2,1,1.00,CYCLE,N
IND,208,6592,59452,14/01/2019,16:38:37,15,1,25.2,1.0,0.9,0.7,2,1,1.00,CYCLE,N
IND,208,6592,59452,14/01/2019,16:38:40,15,1,24.1,1.1,2.5,2.3,2,1,1.00,CYCLE,N
IND,208,6592,59452,14/01/2019,16:38:42,15,1,22.8,1.1,2.3,2.2,2,1,1.00,CYCLE,N
IND,208,6592,59452,14/01/2019,16:38:50,15,1,21.0,1.0,8.3,8.2,2,1,1.00,CYCLE,N
IND,208,6592,59452,14/01/2019,16:38:51,15,1,20.9,1.1,0.7,0.6,2,1,1.00,CYCLE,N
IND,208,6592,59452,14/01/2019,16:38:52,15,1,21.0,1.1,0.7,0.5,2,1,1.00,CYCLE,N
IND,208,6592,59452,14/01/2019,16:39:07,15,1,27.0,1.0,14.7,14.5,2,1,1.00,CYCLE,N
IND,208,6592,59452,14/01/2019,16:40:01,15,1,33.2,1.0,54.8,54.6,2,1,1.00,CYCLE,N
IND,208,6592,59452,14/01/2019,16:40:04,15,1,31.5,1.1,2.6,2.5,2,1,1.00,CYCLE,N
IND,208,6592,59452,14/01/2019,16:40:06,15,1,30.9,1.1,2.0,1.9,2,1,1.00,CYCLE,N
IND,208,6592,59452,14/01/2019,16:40:07,15,1,30.2,1.1,0.8,0.7,2,1,1.00,CYCLE,N
IND,208,6592,59452,14/01/2019,16:40:07,15,1,30.4,1.2,0.6,0.4,2,1,1.00,CYCLE,N
IND,208,6592,59452,14/01/2019,16:40:08,15,1,30.3,1.0,0.4,0.3,2,1,1.00,CYCLE,N
IND,208,6592,59452,14/01/2019,16:40:08,15,1,28.6,1.1,0.4,0.3,2,1,1.00,CYCLE,N
IND,208,6592,59452,14/01/2019,16:40:12,15,1,30.3,1.0,3.4,3.3,2,1,1.00,CYCLE,N
IND,208,6592,59452,14/01/2019,16:40:12,15,1,25.1,1.1,0.8,0.7,2,1,1.00,CYCLE,N
IND,208,6592,59452,14/01/2019,16:40:13,15,1,33.2,1.1,0.9,0.7,2,1,1.00,CYCLE,N
IND,208,6592,59452,14/01/2019,16:40:14,15,1,31.1,1.0,0.3,0.2,2,1,1.00,CYCLE,N
IND,208,6592,59452,14/01/2019,16:40:14,15,1,31.1,1.0,0.0,0.0,2,1,1.00,CYCLE,N
IND,208,6592,59452,14/01/2019,16:40:14,15,1,31.1,1.0,0.0,0.0,2,1,1.00,CYCLE,N
IND,208,6592,59452,14/01/2019,16:40:15,15,1,27.1,1.0,1.3,0.8,2,1,0.80,CYCLE,N
IND,208,6592,59452,14/01/2019,16:40:17,15,1,27.2,1.1,2.2,2.0,2,1,1.00,CYCLE,N
IND,208,6592,59452,14/01/2019,16:40:18,15,1,34.2,1.0,0.6,0.5,2,1,0.50,CYCLE,N
IND,208,6592,59453,14/01/2019,16:40:18,15,0,34.2,1.0,0.0,0.0,2,1,0.50,CYCLE,S
IND,208,6592,59452,14/01/2019,16:40:19,15,1,31.1,1.0,1.3,1.1,2,1,1.00,CYCLE,N
IND,208,6592,59452,14/01/2019,16:40:19,15,1,26.2,1.0,0.3,0.2,2,1,1.00,CYCLE,N
IND,208,6592,59452,14/01/2019,16:40:21,15,1,26.6,1.1,1.4,1.3,2,1,1.00,CYCLE,N
IND,208,6592,59452,14/01/2019,16:40:22,15,1,24.6,1.0,1.2,1.0,2,1,1.00,CYCLE,N
IND,208,6592,59452,14/01/2019,16:40:22,15,1,27.0,1.0,0.3,0.1,2,1,0.67,CYCLE,N
IND,208,6592,59452,14/01/2019,16:40:22,15,1,27.0,1.0,0.0,0.0,2,1,0.67,CYCLE,N
IND,208,6592,59452,14/01/2019,16:40:23,15,1,23.8,1.0,1.2,0.5,2,1,1.00,CYCLE,N
IND,208,6592,59452,14/01/2019,16:40:24,15,1,26.5,1.0,0.9,0.7,2,1,1.00,CYCLE,N
IND,208,6592,59452,14/01/2019,16:40:25,15,1,25.8,1.1,1.0,0.9,2,1,1.00,CYCLE,N
IND,208,6592,59452,14/01/2019,16:40:26,15,1,25.2,1.1,0.9,0.7,2,1,1.00,CYCLE,N
IND,208,6592,59452,14/01/2019,16:40:29,15,1,24.5,1.1,2.9,2.8,2,1,1.00,CYCLE,N
IND,208,6592,59452,14/01/2019,16:40:30,15,1,24.1,1.0,0.5,0.4,2,1,1.00,CYCLE,N
IND,208,6592,59452,14/01/2019,16:40:33,15,1,24.7,1.0,3.1,3.0,2,1,1.00,CYCLE,N
IND,208,6592,59453,14/01/2019,16:40:35,15,0,25.5,1.0,124.8,124.6,2,1,1.00,CYCLE,S
IND,208,6592,59452,14/01/2019,16:42:03,15,1,37.5,1.0,89.9,89.7,2,1,1.00,CYCLE,N
IND,208,6592,59452,14/01/2019,16:42:03,15,1,39.3,1.1,0.4,0.3,2,1,1.00,CYCLE,N
IND,208,6592,59452,14/01/2019,16:42:08,15,1,31.9,1.0,4.6,4.5,2,1,1.00,CYCLE,N
IND,208,6592,59452,14/01/2019,16:42:09,15,1,31.1,1.0,0.9,0.8,2,1,1.00,CYCLE,N
IND,208,6592,59452,14/01/2019,16:42:10,15,1,34.4,1.0,1.0,0.9,2,1,1.00,CYCLE,N
IND,208,6592,59452,14/01/2019,16:42:10,15,1,34.3,1.0,0.4,0.3,2,1,1.00,CYCLE,N
IND,208,6592,59452,14/01/2019,16:42:11,15,1,34.3,1.0,0.8,0.7,2,1,1.00,CYCLE,N
IND,208,6592,59452,14/01/2019,16:42:11,15,1,27.7,1.0,0.3,0.2,2,1,1.00,CYCLE,N
IND,208,6592,59452,14/01/2019,16:42:17,15,1,25.6,1.0,5.8,5.7,2,1,1.00,CYCLE,N
IND,208,6592,59452,14/01/2019,16:42:17,15,1,25.6,1.0,0.0,0.0,2,1,1.00,CYCLE,N
IND,208,6592,59452,14/01/2019,16:42:18,15,1,27.6,1.0,0.8,0.5,2,1,1.00,CYCLE,N
IND,208,6592,59452,14/01/2019,16:42:18,15,1,27.6,1.0,0.0,0.0,2,1,1.00,CYCLE,N
IND,208,6592,59452,14/01/2019,16:42:18,15,1,26.5,1.1,0.8,0.7,2,1,1.00,CYCLE,N
IND,208,6592,59452,14/01/2019,16:42:21,15,1,16.1,1.0,2.9,2.8,2,1,1.00,CYCLE,N
IND,208,6592,59452,14/01/2019,16:42:22,15,1,25.0,1.1,0.5,0.2,2,1,1.00,CYCLE,N
IND,208,6592,59452,14/01/2019,16:42:42,15,1,21.6,1.1,20.1,19.9,2,1,1.00,CYCLE,N
IND,208,6592,59452,14/01/2019,16:42:55,15,1,18.5,1.1,13.3,13.2,2,1,1.00,CYCLE,N
IND,208,6592,59453,14/01/2019,16:43:05,15,0,27.8,1.0,149.6,149.4,2,1,1.00,CYCLE,S
IND,208,6592,59452,14/01/2019,16:44:10,15,1,30.5,1.1,75.2,75.0,2,1,1.00,CYCLE,N
IND,208,6592,59452,14/01/2019,16:44:11,15,1,31.0,1.0,0.8,0.7,2,1,1.00,CYCLE,N
IND,208,6592,59452,14/01/2019,16:44:12,15,1,33.7,1.0,1.0,0.8,2,1,1.00,CYCLE,N
IND,208,6592,59452,14/01/2019,16:44:14,15,1,29.0,1.0,2.4,2.3,2,1,1.00,CYCLE,N
IND,208,6592,59452,14/01/2019,16:44:15,15,1,29.8,1.0,0.5,0.3,2,1,1.00,CYCLE,N
IND,208,6592,59452,14/01/2019,16:44:16,15,1,28.8,1.1,0.9,0.8,2,1,1.00,CYCLE,N
IND,208,6592,59452,14/01/2019,16:44:16,15,1,28.0,1.0,0.4,0.2,2,1,1.00,CYCLE,N
IND,208,6592,59452,14/01/2019,16:44:17,15,1,33.8,1.1,0.7,0.5,2,1,1.00,CYCLE,N
IND,208,6592,59452,14/01/2019,16:44:19,15,1,27.0,1.0,2.6,2.5,2,1,1.00,CYCLE,N
IND,208,6592,59452,14/01/2019,16:44:22,15,1,34.2,1.1,2.7,2.6,2,1,1.00,CYCLE,N
IND,208,6592,59452,14/01/2019,16:44:23,15,1,30.0,1.0,0.9,0.7,2,1,0.75,CYCLE,N
IND,208,6592,59452,14/01/2019,16:44:24,15,1,31.0,1.0,0.6,0.5,2,1,1.00,CYCLE,N
IND,208,6592,59452,14/01/2019,16:44:24,15,1,24.5,1.1,0.4,0.3,2,1,1.00,CYCLE,N
IND,208,6592,59452,14/01/2019,16:44:25,15,1,24.5,1.1,0.7,0.6,2,1,1.00,CYCLE,N
IND,208,6592,59452,14/01/2019,16:44:27,15,1,24.8,1.0,1.8,1.6,2,1,1.00,CYCLE,N
IND,208,6592,59452,14/01/2019,16:44:27,15,1,24.8,1.0,0.0,0.0,2,1,1.00,CYCLE,N
IND,208,6592,59452,14/01/2019,16:44:28,15,1,24.6,1.0,1.2,0.8,2,1,0.50,CYCLE,N
IND,208,6592,59453,14/01/2019,16:44:28,15,0,24.6,1.0,0.0,0.0,2,1,0.50,CYCLE,S
IND,208,6592,59452,14/01/2019,16:44:29,15,1,24.7,1.1,1.6,1.4,2,1,1.00,CYCLE,N
IND,208,6592,59452,14/01/2019,16:44:30,15,1,29.1,1.1,0.4,0.2,2,1,1.00,CYCLE,N
IND,208,6592,59452,14/01/2019,16:44:31,15,1,25.4,1.1,0.9,0.7,2,1,1.00,CYCLE,N
IND,208,6592,59452,14/01/2019,16:44:32,15,1,26.2,1.1,1.2,1.0,2,1,1.00,CYCLE,N
IND,208,6592,59452,14/01/2019,16:44:34,15,1,25.2,1.1,1.9,1.7,2,1,1.00,CYCLE,N
IND,208,6592,59452,14/01/2019,16:44:36,15,1,23.9,1.1,1.9,1.8,2,1,1.00,CYCLE,N
IND,208,6592,59452,14/01/2019,16:44:37,15,1,22.6,1.1,1.2,1.0,2,1,1.00,CYCLE,N
IND,208,6592,59452,14/01/2019,16:44:37,15,1,26.5,1.1,0.4,0.3,2,1,1.00,CYCLE,N
IND,208,6592,59452,14/01/2019,16:45:48,15,1,36.0,1.1,71.0,70.8,2,1,1.00,CYCLE,N
IND,208,6592,59452,14/01/2019,16:46:02,15,1,36.7,1.1,13.7,13.6,2,1,1.00,CYCLE,N
IND,208,6592,59452,14/01/2019,16:46:11,15,1,37.9,1.0,6.8,6.6,2,1,1.00,CYCLE,N
IND,208,6592,59452,14/01/2019,16:46:11,15,1,30.5,1.0,0.4,0.3,2,1,1.00,CYCLE,N
IND,208,6592,59452,14/01/2019,16:46:13,15,1,33.5,1.1,1.5,1.4,2,1,1.00,CYCLE,N
IND,208,6592,59452,14/01/2019,16:46:14,15,1,28.9,1.1,1.8,1.7,2,1,1.00,CYCLE,N
IND,208,6592,59452,14/01/2019,16:46:17,15,1,28.2,1.0,2.2,2.1,2,1,1.00,CYCLE,N
IND,208,6592,59452,14/01/2019,16:46:17,15,1,27.9,1.0,0.7,0.6,2,1,1.00,CYCLE,N
IND,208,6592,59452,14/01/2019,16:46:19,15,1,28.3,1.1,2.1,2.0,2,1,1.00,CYCLE,N
IND,208,6592,59452,14/01/2019,16:46:22,15,1,25.6,1.0,2.3,2.2,2,1,0.86,CYCLE,N
IND,208,6592,59452,14/01/2019,16:46:25,15,1,36.0,1.0,2.8,2.6,2,1,0.67,CYCLE,N
IND,208,6592,59452,14/01/2019,16:46:25,15,1,36.0,1.0,0.0,0.0,2,1,0.67,CYCLE,N
IND,208,6592,59452,14/01/2019,16:46:26,15,1,26.5,1.1,1.2,0.7,2,1,1.00,CYCLE,N
IND,208,6592,59452,14/01/2019,16:46:26,15,1,26.2,1.0,0.7,0.6,2,1,1.00,CYCLE,N
IND,208,6592,59452,14/01/2019,16:46:29,15,1,30.8,1.1,2.1,1.9,2,1,1.00,CYCLE,N
IND,208,6592,59452,14/01/2019,16:46:29,15,1,24.8,1.0,0.7,0.6,2,1,1.00,CYCLE,N
IND,208,6592,59452,14/01/2019,16:46:29,15,1,24.8,1.0,0.0,0.0,2,1,1.00,CYCLE,N
IND,208,6592,59452,14/01/2019,16:46:30,15,1,25.7,1.1,0.6,0.4,2,1,1.00,CYCLE,N
IND,208,6592,59452,14/01/2019,16:46:31,15,1,26.8,1.0,1.4,1.3,2,1,1.00,CYCLE,N
IND,208,6592,59452,14/01/2019,16:46:33,15,1,26.1,1.0,1.3,1.2,2,1,1.00,CYCLE,N
IND,208,6592,59452,14/01/2019,16:46:33,15,1,25.3,1.1,0.7,0.6,2,1,1.00,CYCLE,N
IND,208,6592,59452,14/01/2019,16:46:34,15,1,25.6,1.1,0.6,0.4,2,1,1.00,CYCLE,N
IND,208,6592,59452,14/01/2019,16:46:35,15,1,25.2,1.0,1.1,0.9,2,1,1.00,CYCLE,N
IND,208,6592,59452,14/01/2019,16:46:36,15,1,24.9,1.0,1.3,1.1,2,1,1.00,CYCLE,N
IND,208,6592,59452,14/01/2019,16:46:41,15,1,25.8,1.1,4.5,4.3,2,1,1.00,CYCLE,N
IND,208,6592,59452,14/01/2019,16:46:42,15,1,26.1,1.1,1.4,1.3,2,1,1.00,CYCLE,N
IND,208,6592,59452,14/01/2019,16:46:49,15,1,18.8,1.0,6.6,6.4,2,1,1.00,CYCLE,N
IND,208,6592,59452,14/01/2019,16:46:49,15,1,18.8,1.0,0.0,0.0,2,1,1.00,CYCLE,N
IND,208,6592,59453,14/01/2019,16:47:03,15,0,22.3,1.1,238.5,238.4,2,1,1.00,CYCLE,S
IND,208,6592,59452,14/01/2019,16:48:06,15,1,30.2,1.0,77.3,77.0,2,1,1.00,CYCLE,N
IND,208,6592,59452,14/01/2019,16:48:08,15,1,31.5,1.0,2.2,2.1,2,1,1.00,CYCLE,N
IND,208,6592,59452,14/01/2019,16:48:08,15,1,31.2,1.1,0.2,0.1,2,1,1.00,CYCLE,N
IND,208,6592,59452,14/01/2019,16:48:10,15,1,32.1,1.0,1.1,0.9,2,1,1.00,CYCLE,N
IND,208,6592,59452,14/01/2019,16:48:13,15,1,28.5,1.0,3.6,3.4,2,1,1.00,CYCLE,N
IND,208,6592,59452,14/01/2019,16:48:14,15,1,29.2,1.1,1.0,0.9,2,1,1.00,CYCLE,N
IND,208,6592,59452,14/01/2019,16:48:15,15,1,27.7,1.1,0.8,0.7,2,1,1.00,CYCLE,N
IND,208,6592,59452,14/01/2019,16:48:16,15,1,28.3,1.0,0.8,0.7,2,1,1.00,CYCLE,N
IND,208,6592,59452,14/01/2019,16:48:17,15,1,26.8,1.1,1.6,1.5,2,1,1.00,CYCLE,N
IND,208,6592,59452,14/01/2019,16:48:18,15,1,35.2,1.0,0.3,0.2,2,1,0.50,CYCLE,N
IND,208,6592,59453,14/01/2019,16:48:18,15,0,35.2,1.0,0.0,0.0,2,1,0.50,CYCLE,S
IND,208,6592,59452,14/01/2019,16:48:19,15,1,29.9,1.0,1.0,0.9,2,1,1.00,CYCLE,N
IND,208,6592,59452,14/01/2019,16:48:19,15,1,28.2,1.0,0.2,0.1,2,1,0.75,CYCLE,N
IND,208,6592,59452,14/01/2019,16:48:20,15,1,29.7,1.1,0.9,0.7,2,1,1.00,CYCLE,N
IND,208,6592,59452,14/01/2019,16:48:21,15,1,28.5,1.0,0.8,0.7,2,1,1.00,CYCLE,N
IND,208,6592,59452,14/01/2019,16:48:21,15,1,30.0,1.1,0.7,0.6,2,1,1.00,CYCLE,N
IND,208,6592,59452,14/01/2019,16:48:27,15,1,28.7,1.1,5.4,5.3,2,1,1.00,CYCLE,N
IND,208,6592,59452,14/01/2019,16:48:27,15,1,29.5,1.0,0.4,0.2,2,1,0.33,CYCLE,N
IND,208,6592,59452,14/01/2019,16:48:27,15,1,29.5,1.0,0.0,0.0,2,1,0.33,CYCLE,N
IND,208,6592,59452,14/01/2019,16:48:28,15,1,24.2,1.1,0.6,0.3,2,1,1.00,CYCLE,N
IND,208,6592,59452,14/01/2019,16:48:28,15,1,26.9,1.0,0.5,0.4,2,1,1.00,CYCLE,N
IND,208,6592,59452,14/01/2019,16:48:29,15,1,27.3,1.1,0.4,0.2,2,1,1.00,CYCLE,N
IND,208,6592,59452,14/01/2019,16:48:30,15,1,27.4,1.0,1.6,1.4,2,1,1.00,CYCLE,N
IND,208,6592,59452,14/01/2019,16:48:31,15,1,26.6,1.1,0.9,0.8,2,1,1.00,CYCLE,N
IND,208,6592,59452,14/01/2019,16:48:32,15,1,25.8,1.0,0.8,0.7,2,1,1.00,CYCLE,N
IND,208,6592,59452,14/01/2019,16:48:34,15,1,26.1,1.0,1.8,1.7,2,1,1.00,CYCLE,N
IND,208,6592,59452,14/01/2019,16:48:34,15,1,28.8,1.0,0.2,0.1,2,1,1.00,CYCLE,N
IND,208,6592,59452,14/01/2019,16:48:35,15,1,22.4,1.0,1.0,0.9,2,1,1.00,CYCLE,N
IND,208,6592,59452,14/01/2019,16:48:35,15,1,24.6,1.0,0.3,0.2,2,1,1.00,CYCLE,N
IND,208,6592,59452,14/01/2019,16:48:39,15,1,27.3,1.0,3.6,3.4,2,1,1.00,CYCLE,N
IND,208,6592,59452,14/01/2019,16:48:41,15,1,22.3,1.1,1.6,1.5,2,1,1.00,CYCLE,N
IND,208,6592,59453,14/01/2019,16:48:55,15,0,23.6,1.0,112.3,112.1,2,1,1.00,CYCLE,S
IND,208,6592,59452,14/01/2019,16:50:00,15,1,37.7,1.1,79.6,79.4,2,1,1.00,CYCLE,N
IND,208,6592,59452,14/01/2019,16:50:02,15,1,35.8,1.0,1.6,1.5,2,1,1.00,CYCLE,N
IND,208,6592,59452,14/01/2019,16:50:04,15,1,30.6,1.0,2.4,2.3,2,1,1.00,CYCLE,N
IND,208,6592,59452,14/01/2019,16:50:07,15,1,30.5,1.1,3.0,2.9,2,1,1.00,CYCLE,N
IND,208,6592,59452,14/01/2019,16:50:08,15,1,35.4,1.0,1.2,1.0,2,1,1.00,CYCLE,N
IND,208,6592,59452,14/01/2019,16:50:08,15,1,29.8,1.0,0.2,0.1,2,1,1.00,CYCLE,N
IND,208,6592,59452,14/01/2019,16:50:08,15,1,29.8,1.0,0.0,0.0,2,1,1.00,CYCLE,N
IND,208,6592,59452,14/01/2019,16:50:10,15,1,33.2,1.0,1.0,0.8,2,1,1.00,CYCLE,N
IND,208,6592,59452,14/01/2019,16:50:11,15,1,35.6,1.0,1.8,1.7,2,1,1.00,CYCLE,N
IND,208,6592,59452,14/01/2019,16:50:12,15,1,31.7,1.1,0.4,0.3,2,1,1.00,CYCLE,N
IND,208,6592,59452,14/01/2019,16:50:13,15,1,26.6,1.0,1.3,1.2,2,1,1.00,CYCLE,N
IND,208,6592,59452,14/01/2019,16:50:13,15,1,31.2,1.1,0.4,0.3,2,1,1.00,CYCLE,N
IND,208,6592,59452,14/01/2019,16:50:14,15,1,30.4,1.0,0.5,0.4,2,1,1.00,CYCLE,N
IND,208,6592,59452,14/01/2019,16:50:17,15,1,27.9,1.0,3.4,3.3,2,1,1.00,CYCLE,N
IND,208,6592,59452,14/01/2019,16:50:19,15,1,22.9,1.1,1.1,1.0,2,1,1.00,CYCLE,N
IND,208,6592,59452,14/01/2019,16:50:20,15,1,27.6,1.0,1.5,1.3,2,1,1.00,CYCLE,N
IND,208,6592,59452,14/01/2019,16:50:21,15,1,27.6,1.1,0.7,0.5,2,1,1.00,CYCLE,N
IND,208,6592,59452,14/01/2019,16:50:21,15,1,27.0,1.0,0.5,0.3,2,1,1.00,CYCLE,N
IND,208,6592,59452,14/01/2019,16:50:22,15,1,31.3,1.1,0.8,0.7,2,1,1.00,CYCLE,N
IND,208,6592,59452,14/01/2019,16:50:23,15,1,26.4,1.0,0.9,0.8,2,1,1.00,CYCLE,N
IND,208,6592,59453,14/01/2019,16:50:25,15,0,26.8,1.0,89.5,89.3,2,1,1.00,CYCLE,S
IND,208,6592,59452,14/01/2019,16:50:29,15,1,23.2,1.1,6.0,5.8,2,1,1.00,CYCLE,N
IND,208,6592,59452,14/01/2019,16:50:30,15,1,22.3,1.0,0.8,0.6,2,1,1.00,CYCLE,N
IND,208,6592,59452,14/01/2019,16:50:32,15,1,22.0,1.0,2.1,2.0,2,1,1.00,CYCLE,N
IND,208,6592,59452,14/01/2019,16:50:34,15,1,25.1,1.1,2.2,2.1,2,1,1.00,CYCLE,N
IND,208,6592,59452,14/01/2019,16:50:47,15,1,24.3,1.0,13.0,12.8,2,1,1.00,CYCLE,N
IND,208,6592,59452,14/01/2019,16:51:34,15,1,28.4,1.1,46.8,46.6,2,1,1.00,CYCLE,N
IND,208,6592,59452,14/01/2019,16:52:10,15,1,32.9,1.0,35.8,35.6,2,1,0.80,CYCLE,N
IND,208,6592,59452,14/01/2019,16:52:12,15,1,40.3,1.1,2.9,2.7,2,1,1.00,CYCLE,N
IND,208,6592,59452,14/01/2019,16:52:13,15,1,35.0,1.0,0.5,0.4,2,1,1.00,CYCLE,N
IND,208,6592,59452,14/01/2019,16:52:15,15,1,26.7,1.0,1.7,1.6,2,1,1.00,CYCLE,N
IND,208,6592,59452,14/01/2019,16:52:18,15,1,31.0,1.1,3.1,3.0,2,1,1.00,CYCLE,N
IND,208,6592,59452,14/01/2019,16:52:19,15,1,30.1,1.1,0.8,0.7,2,1,1.00,CYCLE,N
IND,208,6592,59452,14/01/2019,16:52:19,15,1,25.7,1.0,0.3,0.2,2,1,1.00,CYCLE,N
IND,208,6592,59452,14/01/2019,16:52:20,15,1,30.0,1.0,1.1,0.9,2,1,1.00,CYCLE,N
IND,208,6592,59452,14/01/2019,16:52:23,15,1,28.2,1.0,2.8,2.7,2,1,1.00,CYCLE,N
IND,208,6592,59453,14/01/2019,16:52:23,15,0,28.6,1.1,118.3,118.2,2,1,1.00,CYCLE,S
IND,208,6592,59452,14/01/2019,16:52:25,15,1,25.9,1.1,2.3,2.2,2,1,1.00,CYCLE,N
IND,208,6592,59452,14/01/2019,16:52:26,15,1,30.2,1.0,0.8,0.6,2,1,1.00,CYCLE,N
IND,208,6592,59452,14/01/2019,16:52:26,15,1,29.1,1.2,0.5,0.4,2,1,1.00,CYCLE,N
IND,208,6592,59452,14/01/2019,16:52:27,15,1,30.8,1.1,0.7,0.6,2,1,1.00,CYCLE,N
IND,208,6592,59452,14/01/2019,16:52:28,15,1,26.8,1.0,0.5,0.4,2,1,0.86,CYCLE,N
IND,208,6592,59452,14/01/2019,16:52:28,15,1,28.0,1.0,0.6,0.4,2,1,1.00,CYCLE,N
IND,208,6592,59452,14/01/2019,16:52:29,15,1,26.7,1.1,1.0,0.9,2,1,1.00,CYCLE,N
IND,208,6592,59452,14/01/2019,16:52:30,15,1,27.9,1.0,0.8,0.6,2,1,1.00,CYCLE,N
IND,208,6592,59452,14/01/2019,16:52:31,15,1,27.3,1.0,1.1,1.0,2,1,1.00,CYCLE,N
IND,208,6592,59452,14/01/2019,16:52:32,15,1,27.0,1.1,0.8,0.7,2,1,1.00,CYCLE,N
IND,208,6592,59452,14/01/2019,16:52:33,15,1,25.8,1.1,1.2,1.1,2,1,1.00,CYCLE,N
IND,208,6592,59452,14/01/2019,16:52:34,15,1,25.1,1.0,1.4,1.2,2,1,1.00,CYCLE,N
IND,208,6592,59452,14/01/2019,16:52:36,15,1,25.9,1.0,1.2,1.0,2,1,1.00,CYCLE,N
IND,208,6592,59452,14/01/2019,16:52:38,15,1,21.6,1.1,2.2,2.1,2,1,1.00,CYCLE,N
IND,208,6592,59452,14/01/2019,16:52:39,15,1,24.5,1.0,0.7,0.5,2,1,1.00,CYCLE,N
IND,208,6592,59452,14/01/2019,16:52:40,15,1,19.9,1.0,1.0,0.7,2,1,1.00,CYCLE,N
IND,208,6592,59452,14/01/2019,16:52:41,15,1,23.5,1.0,1.5,1.4,2,1,1.00,CYCLE,N
IND,208,6592,59452,14/01/2019,16:52:42,15,1,20.4,1.1,0.7,0.6,2,1,1.00,CYCLE,N
IND,208,6592,59452,14/01/2019,16:52:43,15,1,22.4,1.0,0.9,0.7,2,1,1.00,CYCLE,N
IND,208,6592,59452,14/01/2019,16:52:44,15,1,25.6,1.0,1.6,1.5,2,1,0.50,CYCLE,N
IND,208,6592,59453,14/01/2019,16:52:44,15,0,25.6,1.0,0.0,0.0,2,1,0.50,CYCLE,S
IND,208,6592,59452,14/01/2019,16:52:47,15,1,18.4,1.1,2.4,2.0,2,1,1.00,CYCLE,N
IND,208,6592,59452,14/01/2019,16:52:47,15,1,21.7,1.0,0.5,0.2,2,1,1.00,CYCLE,N
IND,208,6592,59452,14/01/2019,16:52:49,15,1,20.7,1.1,1.4,1.2,2,1,1.00,CYCLE,N
IND,208,6592,59452,14/01/2019,16:52:50,15,1,19.7,1.0,1.0,0.8,2,1,1.00,CYCLE,N
IND,208,6592,59452,14/01/2019,16:54:07,15,1,31.7,1.1,77.8,77.6,2,1,1.00,CYCLE,N
IND,208,6592,59452,14/01/2019,16:54:10,15,1,30.2,1.0,2.3,2.2,2,1,1.00,CYCLE,N
IND,208,6592,59452,14/01/2019,16:54:10,15,1,29.9,1.0,0.6,0.5,2,1,1.00,CYCLE,N
IND,208,6592,59452,14/01/2019,16:54:11,15,1,29.2,1.1,0.9,0.8,2,1,1.00,CYCLE,N
IND,208,6592,59452,14/01/2019,16:54:12,15,1,28.4,1.0,1.2,1.0,2,1,1.00,CYCLE,N
IND,208,6592,59452,14/01/2019,16:54:16,15,1,27.8,1.1,3.3,3.2,2,1,1.00,CYCLE,N
IND,208,6592,59452,14/01/2019,16:54:18,15,1,25.5,1.1,2.3,2.2,2,1,1.00,CYCLE,N
IND,208,6592,59452,14/01/2019,16:54:19,15,1,24.8,1.0,0.8,0.6,2,1,1.00,CYCLE,N
IND,208,6592,59452,14/01/2019,16:54:22,15,1,24.7,1.1,3.3,3.2,2,1,1.00,CYCLE,N
IND,208,6592,59452,14/01/2019,16:54:23,15,1,25.1,1.1,1.2,1.1,2,1,1.00,CYCLE,N
IND,208,6592,59452,14/01/2019,16:54:24,15,1,23.9,1.1,1.1,0.9,2,1,1.00,CYCLE,N
IND,208,6592,59452,14/01/2019,16:54:25,15,1,24.6,1.0,0.8,0.6,2,1,1.00,CYCLE,N
IND,208,6592,59452,14/01/2019,16:54:29,15,1,21.3,1.0,3.6,3.4,2,1,1.00,CYCLE,N
IND,208,6592,59452,14/01/2019,16:54:33,15,1,21.1,1.0,4.7,4.5,2,1,1.00,CYCLE,N
IND,208,6592,59452,14/01/2019,16:54:36,15,1,21.7,1.1,2.2,2.0,2,1,1.00,CYCLE,N
IND,208,6592,59452,14/01/2019,16:54:42,15,1,20.1,1.0,6.4,6.2,2,1,1.00,CYCLE,N
IND,208,6592,59452,14/01/2019,16:54:44,15,1,20.4,1.1,1.5,1.3,2,1,1.00,CYCLE,N
IND,208,6592,59452,14/01/2019,16:56:07,15,1,28.3,1.0,83.6,83.4,2,1,1.00,CYCLE,N
IND,208,6592,59452,14/01/2019,16:56:08,15,1,28.5,1.0,0.4,0.3,2,1,1.00,CYCLE,N
IND,208,6592,59452,14/01/2019,16:56:08,15,1,28.8,1.1,0.5,0.4,2,1,1.00,CYCLE,N
IND,208,6592,59452,14/01/2019,16:56:09,15,1,29.5,1.0,0.9,0.8,2,1,1.00,CYCLE,N
IND,208,6592,59452,14/01/2019,16:56:10,15,1,28.6,1.0,0.5,0.4,2,1,1.00,CYCLE,N
IND,208,6592,59452,14/01/2019,16:56:10,15,1,29.2,1.0,0.4,0.3,2,1,1.00,CYCLE,N
IND,208,6592,59452,14/01/2019,16:56:12,15,1,29.4,1.0,2.1,2.0,2,1,1.00,CYCLE,N
IND,208,6592,59452,14/01/2019,16:56:13,15,1,34.6,1.0,0.5,0.4,2,1,1.00,CYCLE,N
IND,208,6592,59452,14/01/2019,16:56:14,15,1,25.7,1.1,1.7,1.6,2,1,1.00,CYCLE,N
IND,208,6592,59452,14/01/2019,16:56:15,15,1,24.7,1.1,1.0,0.8,2,1,1.00,CYCLE,N
IND,208,6592,59452,14/01/2019,16:56:16,15,1,23.7,1.1,0.5,0.3,2,1,1.00,CYCLE,N
IND,208,6592,59452,14/01/2019,16:56:18,15,1,25.8,1.0,2.3,2.1,2,1,1.00,CYCLE,N
IND,208,6592,59452,14/01/2019,16:56:19,15,1,25.3,1.0,0.9,0.7,2,1,1.00,CYCLE,N
IND,208,6592,59452,14/01/2019,16:56:20,15,1,24.7,1.0,0.7,0.5,2,1,1.00,CYCLE,N
IND,208,6592,59452,14/01/2019,16:56:20,15,1,25.5,1.0,0.6,0.4,2,1,1.00,CYCLE,N
IND,208,6592,59452,14/01/2019,16:56:21,15,1,24.5,1.0,0.5,0.4,2,1,1.00,CYCLE,N
IND,208,6592,59453,14/01/2019,16:56:23,15,0,25.0,1.0,239.6,239.5,2,1,1.00,CYCLE,S
IND,208,6592,59452,14/01/2019,16:56:23,15,1,24.9,1.1,2.8,2.6,2,1,1.00,CYCLE,N
IND,208,6592,59452,14/01/2019,16:56:33,15,1,22.9,1.1,9.5,9.3,2,1,1.00,CYCLE,N
IND,208,6592,59452,14/01/2019,16:56:43,15,1,26.8,1.1,10.6,10.4,2,1,1.00,CYCLE,N
IND,208,6592,59453,14/01/2019,16:57:11,15,0,28.1,1.1,47.9,47.7,2,1,1.00,CYCLE,S
IND,208,6592,59453,14/01/2019,16:57:40,15,0,19.9,0.9,29.1,28.9,2,1,1.00,CYCLE,S
IND,208,6592,59452,14/01/2019,16:57:54,15,1,34.8,1.1,70.3,70.1,2,1,1.00,CYCLE,N
IND,208,6592,59452,14/01/2019,16:57:59,15,1,39.7,1.0,5.5,5.4,2,1,1.00,CYCLE,N
IND,208,6592,59452,14/01/2019,16:58:02,15,1,31.6,1.0,3.0,3.0,2,1,1.00,CYCLE,N
IND,208,6592,59452,14/01/2019,16:58:04,15,1,32.1,1.0,1.6,1.5,2,1,1.00,CYCLE,N
IND,208,6592,59452,14/01/2019,16:58:06,15,1,31.4,1.1,2.0,1.9,2,1,1.00,CYCLE,N
IND,208,6592,59452,14/01/2019,16:58:06,15,1,31.3,1.0,0.5,0.4,2,1,1.00,CYCLE,N
IND,208,6592,59452,14/01/2019,16:58:07,15,1,30.1,1.0,1.1,1.0,2,1,1.00,CYCLE,N
IND,208,6592,59452,14/01/2019,16:58:10,15,1,26.2,1.1,3.0,2.9,2,1,1.00,CYCLE,N
IND,208,6592,59452,14/01/2019,16:58:11,15,1,26.4,1.2,0.5,0.4,2,1,1.00,CYCLE,N
IND,208,6592,59452,14/01/2019,16:58:16,15,1,28.9,1.0,4.6,4.5,2,1,0.80,CYCLE,N
IND,208,6592,59452,14/01/2019,16:58:16,15,1,27.5,1.0,0.7,0.6,2,1,1.00,CYCLE,N
IND,208,6592,59452,14/01/2019,16:58:18,15,1,26.9,1.0,1.9,1.7,2,1,1.00,CYCLE,N
IND,208,6592,59452,14/01/2019,16:58:19,15,1,24.8,1.0,0.6,0.4,2,1,1.00,CYCLE,N
IND,208,6592,59452,14/01/2019,16:58:20,15,1,28.5,1.0,1.0,0.9,2,1,1.00,CYCLE,N
IND,208,6592,59452,14/01/2019,16:58:21,15,1,27.8,1.1,1.1,1.0,2,1,1.00,CYCLE,N
IND,208,6592,59452,14/01/2019,16:58:21,15,1,26.4,1.0,0.6,0.5,2,1,1.00,CYCLE,N
IND,208,6592,59452,14/01/2019,16:58:22,15,1,27.4,1.0,0.6,0.4,2,1,1.00,CYCLE,N
IND,208,6592,59452,14/01/2019,16:58:23,15,1,24.5,1.1,0.5,0.4,2,1,1.00,CYCLE,N
IND,208,6592,59452,14/01/2019,16:58:23,15,1,27.2,1.1,0.8,0.6,2,1,1.00,CYCLE,N
IND,208,6592,59452,14/01/2019,16:58:25,15,1,27.5,1.1,1.7,1.6,2,1,1.00,CYCLE,N
IND,208,6592,59452,14/01/2019,16:58:26,15,1,26.5,1.0,1.3,1.2,2,1,1.00,CYCLE,N
IND,208,6592,59452,14/01/2019,16:58:27,15,1,24.0,1.0,0.9,0.7,2,1,1.00,CYCLE,N
IND,208,6592,59452,14/01/2019,16:58:29,15,1,24.3,1.0,1.5,1.3,2,1,1.00,CYCLE,N
IND,208,6592,59452,14/01/2019,16:58:29,15,1,24.3,1.0,0.6,0.4,2,1,1.00,CYCLE,N
IND,208,6592,59452,14/01/2019,16:58:29,15,1,24.3,1.0,0.0,0.0,2,1,1.00,CYCLE,N
IND,208,6592,59452,14/01/2019,16:58:32,15,1,23.4,1.1,2.9,2.6,2,1,1.00,CYCLE,N
IND,208,6592,59452,14/01/2019,16:58:33,15,1,25.8,1.0,0.7,0.6,2,1,1.00,CYCLE,N
IND,208,6592,59452,14/01/2019,16:58:36,15,1,26.3,1.1,2.9,2.7,2,1,1.00,CYCLE,N
IND,208,6592,59452,14/01/2019,16:58:37,15,1,26.3,1.1,1.0,0.9,2,1,1.00,CYCLE,N
IND,208,6592,59452,14/01/2019,16:58:58,15,1,19.2,1.0,21.5,21.4,2,1,1.00,CYCLE,N
IND,208,6592,59452,14/01/2019,16:59:59,15,1,32.7,1.1,61.2,61.0,2,1,1.00,CYCLE,N
IND,208,6592,59452,14/01/2019,17:00:04,15,1,29.0,1.0,4.3,4.2,2,1,1.00,CYCLE,N
IND,208,6592,59452,14/01/2019,17:00:04,15,1,28.9,1.0,0.4,0.3,2,1,1.00,CYCLE,N
IND,208,6592,59452,14/01/2019,17:00:05,15,1,28.5,1.0,0.6,0.5,2,1,1.00,CYCLE,N
IND,208,6592,59452,14/01/2019,17:00:09,15,1,28.4,1.0,3.8,3.7,2,1,1.00,CYCLE,N
IND,208,6592,59452,14/01/2019,17:00:10,15,1,32.8,1.1,1.0,0.9,2,1,1.00,CYCLE,N
IND,208,6592,59452,14/01/2019,17:00:10,15,1,27.4,1.0,0.5,0.4,2,1,1.00,CYCLE,N
IND,208,6592,59452,14/01/2019,17:00:11,15,1,34.3,1.0,0.3,0.2,2,1,1.00,CYCLE,N
IND,208,6592,59452,14/01/2019,17:00:11,15,1,28.3,1.1,0.3,0.2,2,1,1.00,CYCLE,N
IND,208,6592,59452,14/01/2019,17:00:14,15,1,30.4,1.0,2.9,2.7,2,1,1.00,CYCLE,N
IND,208,6592,59452,14/01/2019,17:00:15,15,1,25.5,1.0,1.4,1.3,2,1,1.00,CYCLE,N
IND,208,6592,59452,14/01/2019,17:00:20,15,1,27.4,1.0,4.5,4.3,2,1,1.00,CYCLE,N
IND,208,6592,59452,14/01/2019,17:00:20,15,1,18.5,1.1,0.3,0.2,2,1,1.00,CYCLE,N
IND,208,6592,59452,14/01/2019,17:00:23,15,1,26.2,1.1,3.1,2.9,2,1,1.00,CYCLE,N
IND,208,6592,59452,14/01/2019,17:00:30,15,1,23.7,1.1,7.4,7.3,2,1,1.00,CYCLE,N
IND,208,6592,59452,14/01/2019,17:00:33,15,1,23.7,1.0,2.3,2.2,2,1,1.00,CYCLE,N
IND,208,6592,59452,14/01/2019,17:00:39,15,1,21.3,1.1,6.2,6.0,2,1,1.00,CYCLE,N
IND,208,6592,59452,14/01/2019,17:00:48,15,1,22.1,1.1,9.5,9.3,2,1,1.00,CYCLE,N
IND,208,6592,59453,14/01/2019,17:01:14,15,0,27.0,1.0,214.0,213.8,2,1,1.00,CYCLE,S
IND,208,6592,59452,14/01/2019,17:01:52,15,1,34.3,1.0,63.8,63.6,2,1,1.00,CYCLE,N
IND,208,6592,59452,14/01/2019,17:01:58,15,1,31.9,1.0,6.3,6.2,2,1,1.00,CYCLE,N
IND,208,6592,59452,14/01/2019,17:01:59,15,1,30.8,1.1,0.7,0.6,2,1,1.00,CYCLE,N
IND,208,6592,59452,14/01/2019,17:02:02,15,1,31.0,1.0,2.4,2.2,2,1,1.00,CYCLE,N
IND,208,6592,59452,14/01/2019,17:02:02,15,1,30.8,1.1,0.6,0.5,2,1,1.00,CYCLE,N
IND,208,6592,59452,14/01/2019,17:02:03,15,1,30.9,1.1,0.9,0.7,2,1,1.00,CYCLE,N
IND,208,6592,59452,14/01/2019,17:02:05,15,1,35.5,1.0,1.7,1.6,2,1,1.00,CYCLE,N
IND,208,6592,59452,14/01/2019,17:02:09,15,1,18.0,1.0,3.8,3.8,2,1,1.00,CYCLE,N
IND,208,6592,59452,14/01/2019,17:02:09,15,1,18.0,1.0,0.0,0.0,2,1,1.00,CYCLE,N
IND,208,6592,59452,14/01/2019,17:02:10,15,1,33.2,1.0,0.9,0.6,2,1,1.00,CYCLE,N
IND,208,6592,59452,14/01/2019,17:02:11,15,1,28.4,1.0,1.7,1.6,2,1,1.00,CYCLE,N
IND,208,6592,59452,14/01/2019,17:02:14,15,1,25.9,1.0,2.2,2.1,2,1,1.00,CYCLE,N
IND,208,6592,59452,14/01/2019,17:02:14,15,1,26.2,1.0,0.8,0.6,2,1,1.00,CYCLE,N
IND,208,6592,59452,14/01/2019,17:02:15,15,1,28.0,1.0,0.9,0.8,2,1,1.00,CYCLE,N
IND,208,6592,59452,14/01/2019,17:02:16,15,1,32.4,1.0,0.3,0.2,2,1,1.00,CYCLE,N
IND,208,6592,59452,14/01/2019,17:02:16,15,1,28.1,1.1,0.3,0.2,2,1,1.00,CYCLE,N
IND,208,6592,59452,14/01/2019,17:02:23,15,1,23.8,1.1,7.1,7.0,2,1,1.00,CYCLE,N
IND,208,6592,59452,14/01/2019,17:02:24,15,1,24.9,1.0,1.0,0.8,2,1,1.00,CYCLE,N
IND,208,6592,59452,14/01/2019,17:02:24,15,1,24.7,1.0,0.4,0.2,2,1,1.00,CYCLE,N
IND,208,6592,59452,14/01/2019,17:02:25,15,1,33.8,1.1,0.5,0.4,2,1,1.00,CYCLE,N
IND,208,6592,59452,14/01/2019,17:02:25,15,1,25.3,1.0,0.5,0.4,2,1,1.00,CYCLE,N
IND,208,6592,59452,14/01/2019,17:02:25,15,1,25.3,1.0,0.0,0.0,2,1,1.00,CYCLE,N
IND,208,6592,59452,14/01/2019,17:02:27,15,1,26.5,1.0,1.6,1.4,2,1,1.00,CYCLE,N
IND,208,6592,59452,14/01/2019,17:02:30,15,1,24.9,1.1,2.8,2.7,2,1,1.00,CYCLE,N
IND,208,6592,59452,14/01/2019,17:02:38,15,1,23.2,1.1,8.7,8.5,2,1,1.00,CYCLE,N
IND,208,6592,59453,14/01/2019,17:02:52,15,0,26.2,1.0,98.7,98.5,2,1,1.00,CYCLE,S
IND,208,6592,59452,14/01/2019,17:03:02,15,1,18.3,1.0,23.5,23.3,2,1,1.00,CYCLE,N
IND,208,6592,59452,14/01/2019,17:03:38,15,1,31.3,1.0,36.2,36.0,2,1,1.00,CYCLE,N
IND,208,6592,59452,14/01/2019,17:04:07,15,1,39.5,1.0,28.9,28.7,2,1,1.00,CYCLE,N
IND,208,6592,59452,14/01/2019,17:04:11,15,1,30.9,1.0,4.3,4.2,2,1,1.00,CYCLE,N
IND,208,6592,59452,14/01/2019,17:04:12,15,1,30.2,1.1,0.8,0.6,2,1,1.00,CYCLE,N
IND,208,6592,59452,14/01/2019,17:04:13,15,1,28.7,1.0,0.7,0.5,2,1,1.00,CYCLE,N
IND,208,6592,59452,14/01/2019,17:04:14,15,1,29.9,1.0,1.5,1.4,2,1,1.00,CYCLE,N
IND,208,6592,59452,14/01/2019,17:04:16,15,1,29.1,1.1,1.6,1.5,2,1,1.00,CYCLE,N
IND,208,6592,59452,14/01/2019,17:04:17,15,1,28.3,1.0,0.7,0.6,2,1,1.00,CYCLE,N
IND,208,6592,59452,14/01/2019,17:04:17,15,1,27.2,1.1,0.7,0.6,2,1,1.00,CYCLE,N
IND,208,6592,59452,14/01/2019,17:04:21,15,1,24.5,1.1,3.4,3.3,2,1,1.00,CYCLE,N
IND,208,6592,59452,14/01/2019,17:04:21,15,1,31.3,1.0,0.3,0.1,2,1,1.00,CYCLE,N
IND,208,6592,59452,14/01/2019,17:04:22,15,1,26.7,1.1,1.1,1.0,2,1,1.00,CYCLE,N
IND,208,6592,59452,14/01/2019,17:04:23,15,1,27.0,1.0,0.6,0.5,2,1,1.00,CYCLE,N
IND,208,6592,59452,14/01/2019,17:04:23,15,1,27.1,1.1,0.4,0.3,2,1,1.00,CYCLE,N
IND,208,6592,59452,14/01/2019,17:04:25,15,1,26.4,1.0,2.0,1.9,2,1,1.00,CYCLE,N
IND,208,6592,59452,14/01/2019,17:04:27,15,1,25.2,1.1,1.6,1.5,2,1,1.00,CYCLE,N
IND,208,6592,59452,14/01/2019,17:04:31,15,1,29.0,1.0,3.7,3.6,2,1,1.00,CYCLE,N
IND,208,6592,59452,14/01/2019,17:04:32,15,1,22.9,1.0,1.4,1.3,2,1,1.00,CYCLE,N
IND,208,6592,59452,14/01/2019,17:04:35,15,1,24.1,1.1,3.1,3.0,2,1,1.00,CYCLE,N
IND,208,6592,59452,14/01/2019,17:04:38,15,1,23.9,1.0,3.0,2.8,2,1,1.00,CYCLE,N
IND,208,6592,59452,14/01/2019,17:04:40,15,1,22.4,1.1,1.9,1.8,2,1,1.00,CYCLE,N
IND,208,6592,59452,14/01/2019,17:04:42,15,1,22.3,1.1,1.9,1.7,2,1,1.00,CYCLE,N
IND,208,6592,59452,14/01/2019,17:04:44,15,1,22.5,1.0,1.7,1.5,2,1,1.00,CYCLE,N
IND,208,6592,59452,14/01/2019,17:04:45,15,1,21.4,1.1,1.6,1.5,2,1,1.00,CYCLE,N
IND,208,6592,59453,14/01/2019,17:05:05,15,0,18.4,1.1,132.3,132.2,2,1,1.00,CYCLE,S
IND,208,6592,59452,14/01/2019,17:05:28,15,1,22.0,1.1,42.9,42.7,2,1,1.00,CYCLE,N
IND,208,6592,59452,14/01/2019,17:05:56,15,1,31.3,1.0,28.5,28.3,2,1,1.00,CYCLE,N
IND,208,6592,59452,14/01/2019,17:06:00,15,1,29.0,1.0,3.7,3.6,2,1,1.00,CYCLE,N
IND,208,6592,59452,14/01/2019,17:06:01,15,1,29.8,1.0,0.4,0.3,2,1,1.00,CYCLE,N
IND,208,6592,59452,14/01/2019,17:06:06,15,1,17.8,1.0,5.2,5.1,2,1,0.36,CYCLE,N
IND,208,6592,59452,14/01/2019,17:06:09,15,1,27.2,1.1,2.8,2.1,2,1,1.00,CYCLE,N
IND,208,6592,59452,14/01/2019,17:06:09,15,1,28.2,1.0,0.8,0.6,2,1,1.00,CYCLE,N
IND,208,6592,59452,14/01/2019,17:06:11,15,1,36.7,1.0,1.7,1.6,2,1,1.00,CYCLE,N
IND,208,6592,59452,14/01/2019,17:06:11,15,1,28.2,1.1,0.2,0.1,2,1,1.00,CYCLE,N
IND,208,6592,59452,14/01/2019,17:06:13,15,1,33.0,1.1,1.6,1.4,2,1,1.00,CYCLE,N
IND,208,6592,59452,14/01/2019,17:06:13,15,1,28.0,1.0,0.2,0.1,2,1,1.00,CYCLE,N
IND,208,6592,59452,14/01/2019,17:06:14,15,1,26.4,1.1,1.2,1.1,2,1,1.00,CYCLE,N
IND,208,6592,59452,14/01/2019,17:06:18,15,1,28.3,1.0,3.8,3.6,2,1,1.00,CYCLE,N
IND,208,6592,59452,14/01/2019,17:06:18,15,1,29.1,1.0,0.3,0.2,2,1,1.00,CYCLE,N
IND,208,6592,59452,14/01/2019,17:06:19,15,1,23.4,1.0,0.3,0.2,2,1,1.00,CYCLE,N
IND,208,6592,59452,14/01/2019,17:06:20,15,1,28.2,1.0,1.7,1.5,2,1,1.00,CYCLE,N
IND,208,6592,59452,14/01/2019,17:06:21,15,1,27.2,1.0,0.7,0.6,2,1,1.00,CYCLE,N
IND,208,6592,59452,14/01/2019,17:06:21,15,1,31.3,1.0,0.3,0.2,2,1,1.00,CYCLE,N
IND,208,6592,59452,14/01/2019,17:06:22,15,1,23.6,1.1,0.3,0.2,2,1,1.00,CYCLE,N
IND,208,6592,59452,14/01/2019,17:06:22,15,1,27.7,1.0,0.4,0.2,2,1,1.00,CYCLE,N
IND,208,6592,59452,14/01/2019,17:06:23,15,1,25.1,1.0,0.5,0.4,2,1,1.00,CYCLE,N
IND,208,6592,59452,14/01/2019,17:06:23,15,1,25.0,1.0,0.3,0.1,2,1,1.00,CYCLE,N
IND,208,6592,59452,14/01/2019,17:06:24,15,1,25.4,1.1,0.8,0.7,2,1,1.00,CYCLE,N
IND,208,6592,59452,14/01/2019,17:06:24,15,1,25.2,1.1,0.6,0.5,2,1,1.00,CYCLE,N
IND,208,6592,59452,14/01/2019,17:06:25,15,1,26.3,1.1,0.9,0.7,2,1,1.00,CYCLE,N
IND,208,6592,59452,14/01/2019,17:06:31,15,1,24.2,1.1,5.6,5.4,2,1,1.00,CYCLE,N
IND,208,6592,59452,14/01/2019,17:06:31,15,1,25.3,1.1,0.5,0.3,2,1,1.00,CYCLE,N
IND,208,6592,59452,14/01/2019,17:06:34,15,1,24.5,1.1,2.6,2.5,2,1,1.00,CYCLE,N
IND,208,6592,59452,14/01/2019,17:06:35,15,1,21.4,1.1,0.7,0.5,2,1,1.00,CYCLE,N
IND,208,6592,59452,14/01/2019,17:06:36,15,1,21.2,1.0,1.2,1.0,2,1,1.00,CYCLE,N
IND,208,6592,59452,14/01/2019,17:08:07,15,1,32.6,1.1,90.9,90.8,2,1,1.00,CYCLE,N
IND,208,6592,59452,14/01/2019,17:08:08,15,1,30.3,1.0,1.5,1.4,2,1,1.00,CYCLE,N
IND,208,6592,59452,14/01/2019,17:08:12,15,1,32.1,1.0,3.4,3.2,2,1,1.00,CYCLE,N
IND,208,6592,59452,14/01/2019,17:08:13,15,1,26.4,1.1,1.2,1.1,2,1,1.00,CYCLE,N
IND,208,6592,59452,14/01/2019,17:08:13,15,1,25.8,1.0,0.4,0.2,2,1,1.00,CYCLE,N
IND,208,6592,59452,14/01/2019,17:08:16,15,1,23.5,1.0,3.2,3.1,2,1,0.33,CYCLE,N
IND,208,6592,59452,14/01/2019,17:08:18,15,1,32.6,1.0,1.4,0.8,2,1,1.00,CYCLE,N
IND,208,6592,59452,14/01/2019,17:08:18,15,1,32.3,1.0,0.4,0.3,2,1,0.33,CYCLE,N
IND,208,6592,59452,14/01/2019,17:08:19,15,1,23.9,1.1,0.9,0.6,2,1,1.00,CYCLE,N
IND,208,6592,59452,14/01/2019,17:08:22,15,1,24.1,1.1,2.5,2.4,2,1,1.00,CYCLE,N
IND,208,6592,59452,14/01/2019,17:08:22,15,1,26.0,1.0,0.3,0.2,2,1,1.00,CYCLE,N
IND,208,6592,59452,14/01/2019,17:08:23,15,1,25.9,1.1,1.0,0.8,2,1,1.00,CYCLE,N
IND,208,6592,59452,14/01/2019,17:08:23,15,1,30.7,1.0,0.3,0.1,2,1,1.00,CYCLE,N
IND,208,6592,59452,14/01/2019,17:08:24,15,1,27.3,1.0,0.7,0.5,2,1,0.86,CYCLE,N
IND,208,6592,59452,14/01/2019,17:08:25,15,1,25.7,1.0,0.9,0.6,2,1,1.00,CYCLE,N
IND,208,6592,59452,14/01/2019,17:08:26,15,1,27.9,1.0,1.7,1.5,2,1,1.00,CYCLE,N
IND,208,6592,59452,14/01/2019,17:08:27,15,1,26.2,1.0,0.5,0.4,2,1,1.00,CYCLE,N
IND,208,6592,59452,14/01/2019,17:08:27,15,1,25.7,1.1,0.5,0.3,2,1,1.00,CYCLE,N
IND,208,6592,59452,14/01/2019,17:08:29,15,1,26.2,1.0,1.2,1.1,2,1,1.00,CYCLE,N
IND,208,6592,59452,14/01/2019,17:08:29,15,1,33.5,1.0,0.3,0.2,2,1,0.33,CYCLE,N
IND,208,6592,59452,14/01/2019,17:08:31,15,1,22.6,1.1,1.6,1.2,2,1,1.00,CYCLE,N
IND,208,6592,59452,14/01/2019,17:08:50,15,1,23.9,1.1,19.8,19.6,2,1,1.00,CYCLE,N
IND,208,6592,59452,14/01/2019,17:09:00,15,1,15.4,1.1,9.2,9.1,2,1,1.00,CYCLE,N
IND,208,6592,59452,14/01/2019,17:10:01,15,1,36.8,1.0,61.7,61.4,2,1,1.00,CYCLE,N
IND,208,6592,59453,14/01/2019,17:10:03,15,0,29.4,1.1,298.5,298.3,2,1,1.00,CYCLE,S
IND,208,6592,59452,14/01/2019,17:10:04,15,1,30.2,1.1,2.5,2.4,2,1,1.00,CYCLE,N
IND,208,6592,59452,14/01/2019,17:10:05,15,1,33.7,1.1,1.2,1.1,2,1,1.00,CYCLE,N
IND,208,6592,59452,14/01/2019,17:10:07,15,1,31.3,1.1,2.3,2.2,2,1,1.00,CYCLE,N
IND,208,6592,59452,14/01/2019,17:10:11,15,1,30.7,1.0,3.4,3.3,2,1,1.00,CYCLE,N
IND,208,6592,59452,14/01/2019,17:10:12,15,1,29.5,1.1,1.7,1.5,2,1,1.00,CYCLE,N
IND,208,6592,59452,14/01/2019,17:10:16,15,1,26.9,1.1,3.8,3.7,2,1,1.00,CYCLE,N
IND,208,6592,59452,14/01/2019,17:10:17,15,1,27.4,1.0,0.7,0.5,2,1,1.00,CYCLE,N
IND,208,6592,59452,14/01/2019,17:10:18,15,1,28.0,1.0,0.8,0.7,2,1,1.00,CYCLE,N
IND,208,6592,59452,14/01/2019,17:10:18,15,1,28.1,1.1,0.6,0.4,2,1,1.00,CYCLE,N
IND,208,6592,59452,14/01/2019,17:10:22,15,1,24.8,1.0,4.0,3.8,2,1,1.00,CYCLE,N
IND,208,6592,59452,14/01/2019,17:10:23,15,1,25.0,1.1,0.7,0.5,2,1,1.00,CYCLE,N
IND,208,6592,59452,14/01/2019,17:10:27,15,1,23.9,1.0,4.1,3.9,2,1,1.00,CYCLE,N
IND,208,6592,59452,14/01/2019,17:10:28,15,1,23.7,1.1,1.0,0.9,2,1,1.00,CYCLE,N
IND,208,6592,59452,14/01/2019,17:10:29,15,1,27.6,1.0,0.7,0.5,2,1,1.00,CYCLE,N
IND,208,6592,59452,14/01/2019,17:10:29,15,1,23.5,1.1,0.7,0.6,2,1,1.00,CYCLE,N
IND,208,6592,59452,14/01/2019,17:10:31,15,1,26.2,1.1,2.0,1.9,2,1,1.00,CYCLE,N
IND,208,6592,59452,14/01/2019,17:10:37,15,1,23.8,1.1,5.9,5.7,2,1,1.00,CYCLE,N
IND,208,6592,59452,14/01/2019,17:10:39,15,1,22.6,1.1,2.0,1.9,2,1,1.00,CYCLE,N
IND,208,6592,59453,14/01/2019,17:10:50,15,0,29.7,1.1,46.6,46.5,2,1,1.00,CYCLE,S
IND,208,6592,59453,14/01/2019,17:10:58,15,0,19.6,1.1,8.0,7.8,2,1,1.00,CYCLE,S
IND,208,6592,59452,14/01/2019,17:11:47,15,1,30.6,1.0,67.9,67.7,2,1,1.00,CYCLE,N
IND,208,6592,59452,14/01/2019,17:11:51,15,1,26.7,1.1,3.9,3.8,2,1,1.00,CYCLE,N
IND,208,6592,59452,14/01/2019,17:12:00,15,1,32.6,1.0,8.3,8.1,2,1,1.00,CYCLE,N
IND,208,6592,59452,14/01/2019,17:12:00,15,1,33.1,1.0,0.3,0.2,2,1,1.00,CYCLE,N
IND,208,6592,59452,14/01/2019,17:12:01,15,1,34.2,1.0,1.0,0.9,2,1,1.00,CYCLE,N
IND,208,6592,59452,14/01/2019,17:12:08,15,1,33.5,1.0,7.1,7.0,2,1,1.00,CYCLE,N
IND,208,6592,59453,14/01/2019,17:12:10,15,0,30.2,1.0,72.2,72.0,2,1,1.00,CYCLE,S
IND,208,6592,59452,14/01/2019,17:12:10,15,1,31.0,1.0,2.3,2.2,2,1,1.00,CYCLE,N
IND,208,6592,59452,14/01/2019,17:12:13,15,1,25.5,1.1,3.2,3.1,2,1,1.00,CYCLE,N
IND,208,6592,59452,14/01/2019,17:12:17,15,1,27.6,1.1,3.4,3.2,2,1,1.00,CYCLE,N
IND,208,6592,59452,14/01/2019,17:12:18,15,1,2.8,1.0,1.0,0.8,2,1,0.25,CYCLE,N
IND,208,6592,59452,14/01/2019,17:12:18,15,1,2.8,1.0,0.0,0.0,2,1,0.25,CYCLE,N
IND,208,6592,59452,14/01/2019,17:12:25,15,1,24.0,1.0,7.1,5.7,2,1,1.00,CYCLE,N
IND,208,6592,59452,14/01/2019,17:12:27,15,1,20.8,1.0,2.6,2.4,2,1,1.00,CYCLE,N
IND,208,6592,59452,14/01/2019,17:12:27,15,1,20.8,1.0,0.0,0.0,2,1,1.00,CYCLE,N
IND,208,6592,59452,14/01/2019,17:12:27,15,1,20.8,1.0,0.0,0.0,2,1,1.00,CYCLE,N
IND,208,6592,59452,14/01/2019,17:12:30,15,1,21.4,1.0,2.3,1.4,2,1,1.00,CYCLE,N
IND,208,6592,59452,14/01/2019,17:12:30,15,1,20.7,1.0,0.7,0.5,2,1,1.00,CYCLE,N
IND,208,6592,59452,14/01/2019,17:12:32,15,1,22.4,1.0,1.1,0.9,2,1,1.00,CYCLE,N
IND,208,6592,59453,14/01/2019,17:12:39,15,0,34.6,1.0,29.4,29.3,2,1,1.00,CYCLE,S
IND,208,6592,59452,14/01/2019,17:13:59,15,1,36.5,1.0,87.5,87.4,2,1,1.00,CYCLE,N
IND,208,6592,59452,14/01/2019,17:14:00,15,1,32.1,1.0,1.2,1.1,2,1,1.00,CYCLE,N
IND,208,6592,59452,14/01/2019,17:14:01,15,1,32.7,1.1,0.3,0.2,2,1,1.00,CYCLE,N
IND,208,6592,59452,14/01/2019,17:14:01,15,1,32.7,1.0,0.6,0.5,2,1,1.00,CYCLE,N
IND,208,6592,59452,14/01/2019,17:14:07,15,1,30.3,1.0,6.1,6.0,2,1,1.00,CYCLE,N
IND,208,6592,59452,14/01/2019,17:14:07,15,1,30.3,1.0,0.0,0.0,2,1,1.00,CYCLE,N
IND,208,6592,59452,14/01/2019,17:14:09,15,1,27.9,1.0,1.7,1.5,2,1,1.00,CYCLE,N
IND,208,6592,59452,14/01/2019,17:14:12,15,1,28.6,1.1,2.8,2.6,2,1,1.00,CYCLE,N
IND,208,6592,59452,14/01/2019,17:14:12,15,1,29.2,1.1,0.5,0.3,2,1,1.00,CYCLE,N
IND,208,6592,59452,14/01/2019,17:14:12,15,1,30.4,1.0,0.3,0.1,2,1,1.00,CYCLE,N
IND,208,6592,59452,14/01/2019,17:14:13,15,1,27.2,1.1,0.8,0.7,2,1,1.00,CYCLE,N
IND,208,6592,59452,14/01/2019,17:14:18,15,1,25.2,1.1,5.2,5.0,2,1,1.00,CYCLE,N
IND,208,6592,59452,14/01/2019,17:14:19,15,1,24.6,1.0,0.7,0.6,2,1,1.00,CYCLE,N
IND,208,6592,59452,14/01/2019,17:14:20,15,1,25.2,1.1,0.4,0.2,2,1,1.00,CYCLE,N
IND,208,6592,59452,14/01/2019,17:14:23,15,1,31.1,1.1,3.4,3.3,2,1,1.00,CYCLE,N
IND,208,6592,59452,14/01/2019,17:14:25,15,1,25.1,1.0,2.3,2.2,2,1,1.00,CYCLE,N
IND,208,6592,59453,14/01/2019,17:14:36,15,0,29.8,1.0,116.3,116.2,2,1,1.00,CYCLE,S
IND,208,6592,59452,14/01/2019,17:16:03,15,1,29.8,1.0,87.2,87.0,2,1,1.00,CYCLE,N
IND,208,6592,59452,14/01/2019,17:16:04,15,1,29.9,1.0,0.9,0.8,2,1,1.00,CYCLE,N
IND,208,6592,59452,14/01/2019,17:16:05,15,1,32.5,1.0,0.7,0.5,2,1,1.00,CYCLE,N
IND,208,6592,59452,14/01/2019,17:16:13,15,1,16.7,1.0,8.5,8.4,2,1,1.00,CYCLE,N
IND,208,6592,59452,14/01/2019,17:16:15,15,1,26.0,1.0,1.8,1.5,2,1,1.00,CYCLE,N
IND,208,6592,59452,14/01/2019,17:16:16,15,1,31.7,1.1,1.5,1.3,2,1,1.00,CYCLE,N
IND,208,6592,59452,14/01/2019,17:16:18,15,1,29.9,1.1,1.4,1.3,2,1,1.00,CYCLE,N
IND,208,6592,59452,14/01/2019,17:16:19,15,1,27.7,1.0,1.2,1.1,2,1,1.00,CYCLE,N
IND,208,6592,59452,14/01/2019,17:16:21,15,1,27.8,1.0,1.8,1.7,2,1,1.00,CYCLE,N
IND,208,6592,59452,14/01/2019,17:16:24,15,1,28.9,1.0,3.3,3.2,2,1,1.00,CYCLE,N
IND,208,6592,59452,14/01/2019,17:16:26,15,1,26.0,1.1,1.9,1.8,2,1,1.00,CYCLE,N
IND,208,6592,59452,14/01/2019,17:16:46,15,1,20.6,1.1,19.5,19.4,2,1,1.00,CYCLE,N
IND,208,6592,59452,14/01/2019,17:16:47,15,1,19.8,1.0,1.4,1.2,2,1,1.00,CYCLE,N
IND,208,6592,59452,14/01/2019,17:16:50,15,1,21.3,1.1,3.0,2.8,2,1,1.00,CYCLE,N
IND,208,6592,59453,14/01/2019,17:16:55,15,0,26.1,1.0,139.8,139.6,2,1,1.00,CYCLE,S
IND,208,6592,59452,14/01/2019,17:18:01,15,1,40.4,1.2,70.9,70.7,2,1,1.00,CYCLE,N
IND,208,6592,59453,14/01/2019,17:18:02,15,0,29.0,1.0,66.6,66.5,2,1,1.00,CYCLE,S
IND,208,6592,59452,14/01/2019,17:18:04,15,1,33.7,1.0,3.5,3.4,2,1,1.00,CYCLE,N
IND,208,6592,59452,14/01/2019,17:18:05,15,1,32.2,1.0,0.4,0.3,2,1,1.00,CYCLE,N
IND,208,6592,59452,14/01/2019,17:18:06,15,1,33.7,1.1,1.1,1.0,2,1,1.00,CYCLE,N
IND,208,6592,59452,14/01/2019,17:18:06,15,1,33.6,1.0,0.4,0.2,2,1,1.00,CYCLE,N
IND,208,6592,59452,14/01/2019,17:18:10,15,1,26.9,1.1,3.4,3.3,2,1,1.00,CYCLE,N
IND,208,6592,59452,14/01/2019,17:18:11,15,1,26.8,1.0,1.2,1.1,2,1,1.00,CYCLE,N
IND,208,6592,59452,14/01/2019,17:18:12,15,1,25.9,1.0,1.5,1.4,2,1,1.00,CYCLE,N
IND,208,6592,59452,14/01/2019,17:18:13,15,1,26.5,1.1,0.9,0.8,2,1,1.00,CYCLE,N
IND,208,6592,59452,14/01/2019,17:18:16,15,1,25.7,1.0,2.3,2.1,2,1,1.00,CYCLE,N
IND,208,6592,59452,14/01/2019,17:18:18,15,1,23.8,1.0,2.0,1.9,2,1,1.00,CYCLE,N
IND,208,6592,59452,14/01/2019,17:18:20,15,1,23.4,1.2,2.4,2.2,2,1,1.00,CYCLE,N
IND,208,6592,59452,14/01/2019,17:18:22,15,1,23.1,1.0,1.6,1.4,2,1,1.00,CYCLE,N
IND,208,6592,59453,14/01/2019,17:18:43,15,0,32.5,1.0,40.9,40.8,2,1,1.00,CYCLE,S
IND,208,6592,59452,14/01/2019,17:20:02,15,1,20.0,1.0,100.8,100.7,2,1,1.00,CYCLE,N
IND,208,6592,59452,14/01/2019,17:20:14,15,1,28.3,1.1,11.8,11.6,2,1,1.00,CYCLE,N
IND,208,6592,59452,14/01/2019,17:20:16,15,1,27.8,1.0,2.2,2.0,2,1,1.00,CYCLE,N
IND,208,6592,59452,14/01/2019,17:20:17,15,1,26.9,1.0,0.4,0.3,2,1,1.00,CYCLE,N
IND,208,6592,59452,14/01/2019,17:20:17,15,1,27.1,1.1,0.3,0.1,2,1,1.00,CYCLE,N
IND,208,6592,59452,14/01/2019,17:20:18,15,1,28.0,1.1,0.5,0.3,2,1,1.00,CYCLE,N
IND,208,6592,59452,14/01/2019,17:20:19,15,1,25.0,1.0,1.9,1.7,2,1,1.00,CYCLE,N
IND,208,6592,59452,14/01/2019,17:20:22,15,1,23.3,1.1,2.7,2.5,2,1,1.00,CYCLE,N
IND,208,6592,59452,14/01/2019,17:20:23,15,1,23.0,1.0,0.6,0.5,2,1,1.00,CYCLE,N
IND,208,6592,59452,14/01/2019,17:20:24,15,1,22.6,1.1,1.2,1.0,2,1,1.00,CYCLE,N
IND,208,6592,59452,14/01/2019,17:20:25,15,1,22.2,1.0,0.6,0.4,2,1,1.00,CYCLE,N
IND,208,6592,59452,14/01/2019,17:20:25,15,1,24.1,1.0,0.7,0.6,2,1,1.00,CYCLE,N
IND,208,6592,59452,14/01/2019,17:20:27,15,1,26.6,1.1,1.4,1.2,2,1,1.00,CYCLE,N
IND,208,6592,59452,14/01/2019,17:20:27,15,1,24.0,1.0,0.6,0.5,2,1,1.00,CYCLE,N
IND,208,6592,59452,14/01/2019,17:20:30,15,1,22.8,1.1,2.7,2.5,2,1,1.00,CYCLE,N
IND,208,6592,59452,14/01/2019,17:20:35,15,1,23.9,1.0,4.9,4.7,2,1,1.00,CYCLE,N
IND,208,6592,59452,14/01/2019,17:20:36,15,1,23.8,1.0,1.5,1.3,2,1,1.00,CYCLE,N
IND,208,6592,59452,14/01/2019,17:20:37,15,1,23.4,1.0,1.1,0.9,2,1,1.00,CYCLE,N
IND,208,6592,59453,14/01/2019,17:20:48,15,0,26.7,1.0,124.8,124.7,2,1,1.00,CYCLE,S
IND,208,6592,59453,14/01/2019,17:20:57,15,0,29.7,1.0,9.6,9.5,2,1,1.00,CYCLE,S
IND,208,6592,59452,14/01/2019,17:21:05,15,1,16.1,1.1,27.4,27.2,2,1,1.00,CYCLE,N
IND,208,6592,59452,14/01/2019,17:22:10,15,1,23.0,1.1,64.9,64.6,2,1,1.00,CYCLE,N
IND,208,6592,59452,14/01/2019,17:22:14,15,1,48.6,1.0,4.4,4.2,2,1,0.25,CYCLE,N
IND,208,6592,59452,14/01/2019,17:22:14,15,1,48.6,1.0,0.0,0.0,2,1,0.25,CYCLE,N
IND,208,6592,59452,14/01/2019,17:22:15,15,1,27.0,1.0,1.1,0.9,2,1,1.00,CYCLE,N
IND,208,6592,59452,14/01/2019,17:22:18,15,1,29.3,1.0,3.1,3.0,2,1,1.00,CYCLE,N
IND,208,6592,59452,14/01/2019,17:22:18,15,1,29.3,1.0,0.0,0.0,2,1,1.00,CYCLE,N
IND,208,6592,59452,14/01/2019,17:22:19,15,1,28.4,1.0,0.7,0.4,2,1,1.00,CYCLE,N
IND,208,6592,59452,14/01/2019,17:22:20,15,1,29.0,1.1,1.2,1.1,2,1,1.00,CYCLE,N
IND,208,6592,59452,14/01/2019,17:22:21,15,1,25.5,1.0,0.6,0.4,2,1,1.00,CYCLE,N
IND,208,6592,59452,14/01/2019,17:22:22,15,1,25.4,1.1,1.4,1.3,2,1,1.00,CYCLE,N
IND,208,6592,59452,14/01/2019,17:22:23,15,1,25.9,1.0,1.2,1.1,2,1,1.00,CYCLE,N
IND,208,6592,59452,14/01/2019,17:22:35,15,1,19.7,1.0,11.9,11.7,2,1,1.00,CYCLE,N
IND,208,6592,59452,14/01/2019,17:22:48,15,1,26.1,1.0,12.8,12.6,2,1,1.00,CYCLE,N
IND,208,6592,59453,14/01/2019,17:22:54,15,0,23.5,1.0,116.4,116.3,2,1,1.00,CYCLE,S
IND,208,6592,59452,14/01/2019,17:22:57,15,1,17.2,1.1,8.7,8.6,2,1,1.00,CYCLE,N
IND,208,6592,59452,14/01/2019,17:23:47,15,1,37.6,1.0,50.7,50.5,2,1,1.00,CYCLE,N
IND,208,6592,59452,14/01/2019,17:23:51,15,1,38.2,1.0,3.3,3.2,2,1,1.00,CYCLE,N
IND,208,6592,59452,14/01/2019,17:23:53,15,1,30.5,1.0,2.7,2.6,2,1,1.00,CYCLE,N
IND,208,6592,59452,14/01/2019,17:23:54,15,1,28.2,1.0,0.5,0.4,2,1,1.00,CYCLE,N
IND,208,6592,59452,14/01/2019,17:23:56,15,1,28.6,1.1,2.4,2.2,2,1,1.00,CYCLE,N
IND,208,6592,59452,14/01/2019,17:23:58,15,1,27.2,1.1,1.8,1.7,2,1,1.00,CYCLE,N
IND,208,6592,59452,14/01/2019,17:23:59,15,1,27.4,1.0,0.5,0.4,2,1,1.00,CYCLE,N
IND,208,6592,59452,14/01/2019,17:24:01,15,1,25.1,1.1,2.4,2.3,2,1,1.00,CYCLE,N
IND,208,6592,59452,14/01/2019,17:24:02,15,1,25.3,1.1,0.6,0.5,2,1,1.00,CYCLE,N
IND,208,6592,59452,14/01/2019,17:24:03,15,1,26.3,1.1,0.9,0.7,2,1,1.00,CYCLE,N
IND,208,6592,59452,14/01/2019,17:26:03,15,1,30.1,1.0,120.2,120.0,2,1,1.00,CYCLE,N
IND,208,6592,59452,14/01/2019,17:26:03,15,1,30.8,1.0,0.4,0.2,2,1,1.00,CYCLE,N
IND,208,6592,59452,14/01/2019,17:26:04,15,1,32.9,1.1,0.9,0.8,2,1,1.00,CYCLE,N
IND,208,6592,59452,14/01/2019,17:26:08,15,1,28.1,1.1,3.7,3.6,2,1,1.00,CYCLE,N
IND,208,6592,59452,14/01/2019,17:26:09,15,1,28.8,1.1,0.8,0.6,2,1,1.00,CYCLE,N
IND,208,6592,59452,14/01/2019,17:26:10,15,1,26.0,1.1,1.3,1.1,2,1,1.00,CYCLE,N
IND,208,6592,59452,14/01/2019,17:26:14,15,1,24.4,1.1,3.8,3.7,2,1,1.00,CYCLE,N
IND,208,6592,59452,14/01/2019,17:26:14,15,1,28.9,1.0,0.2,0.1,2,1,1.00,CYCLE,N
IND,208,6592,59452,14/01/2019,17:26:14,15,1,31.2,1.0,0.5,0.3,2,1,1.00,CYCLE,N
IND,208,6592,59452,14/01/2019,17:26:21,15,1,26.1,1.1,6.1,6.0,2,1,1.00,CYCLE,N
IND,208,6592,59453,14/01/2019,17:26:39,15,0,23.5,1.0,225.4,225.3,2,1,1.00,CYCLE,S
IND,208,6592,59452,14/01/2019,17:26:53,15,1,16.8,1.0,32.2,32.0,2,1,1.00,CYCLE,N
IND,208,6592,59452,14/01/2019,17:28:01,15,1,29.3,1.0,68.4,68.1,2,1,1.00,CYCLE,N
IND,208,6592,59452,14/01/2019,17:28:02,15,1,31.3,1.0,0.5,0.3,2,1,1.00,CYCLE,N
IND,208,6592,59452,14/01/2019,17:28:05,15,1,28.0,1.1,3.7,3.6,2,1,1.00,CYCLE,N
IND,208,6592,59452,14/01/2019,17:28:12,15,1,28.0,1.0,6.3,6.1,2,1,0.50,CYCLE,N
IND,208,6592,59453,14/01/2019,17:28:12,15,0,28.0,1.0,0.0,0.0,2,1,0.50,CYCLE,S
IND,208,6592,59452,14/01/2019,17:28:13,15,1,32.7,1.0,1.2,1.0,2,1,1.00,CYCLE,N
IND,208,6592,59452,14/01/2019,17:28:14,15,1,32.2,1.1,1.6,1.4,2,1,1.00,CYCLE,N
IND,208,6592,59452,14/01/2019,17:28:17,15,1,31.9,1.2,2.3,2.2,2,1,1.00,CYCLE,N
IND,208,6592,59452,14/01/2019,17:28:17,15,1,27.7,1.0,0.8,0.7,2,1,1.00,CYCLE,N
IND,208,6592,59452,14/01/2019,17:28:19,15,1,26.8,1.0,1.4,1.2,2,1,1.00,CYCLE,N
IND,208,6592,59452,14/01/2019,17:28:22,15,1,25.0,1.1,2.7,2.6,2,1,1.00,CYCLE,N
IND,208,6592,59452,14/01/2019,17:28:22,15,1,25.7,1.0,0.6,0.4,2,1,1.00,CYCLE,N
IND,208,6592,59452,14/01/2019,17:28:23,15,1,26.0,1.0,0.5,0.3,2,1,1.00,CYCLE,N
IND,208,6592,59452,14/01/2019,17:28:25,15,1,27.9,1.1,2.6,2.4,2,1,1.00,CYCLE,N
IND,208,6592,59452,14/01/2019,17:28:28,15,1,25.0,1.1,2.4,2.3,2,1,1.00,CYCLE,N
IND,208,6592,59452,14/01/2019,17:28:30,15,1,27.1,1.0,2.6,2.4,2,1,1.00,CYCLE,N
IND,208,6592,59452,14/01/2019,17:28:31,15,1,23.8,1.0,0.5,0.4,2,1,1.00,CYCLE,N
IND,208,6592,59452,14/01/2019,17:28:31,15,1,26.9,1.0,0.8,0.6,2,1,1.00,CYCLE,N
IND,208,6592,59452,14/01/2019,17:28:32,15,1,27.2,1.0,1.1,1.0,2,1,1.00,CYCLE,N
IND,208,6592,59452,14/01/2019,17:28:33,15,1,26.6,1.0,0.5,0.4,2,1,1.00,CYCLE,N
IND,208,6592,59452,14/01/2019,17:29:53,15,1,17.5,1.0,79.9,79.8,2,1,1.00,CYCLE,N
IND,208,6592,59452,14/01/2019,17:29:58,15,1,32.2,1.0,4.7,4.5,2,1,1.00,CYCLE,N
IND,208,6592,59452,14/01/2019,17:30:01,15,1,31.1,1.0,3.0,2.9,2,1,1.00,CYCLE,N
IND,208,6592,59452,14/01/2019,17:30:01,15,1,31.1,1.0,0.0,0.0,2,1,1.00,CYCLE,N
IND,208,6592,59452,14/01/2019,17:30:01,15,1,29.7,1.1,0.7,0.6,2,1,1.00,CYCLE,N
IND,208,6592,59452,14/01/2019,17:30:02,15,1,29.8,1.1,0.4,0.3,2,1,1.00,CYCLE,N
IND,208,6592,59452,14/01/2019,17:30:06,15,1,27.4,1.0,4.4,4.3,2,1,1.00,CYCLE,N
IND,208,6592,59452,14/01/2019,17:30:07,15,1,30.4,1.1,0.7,0.6,2,1,1.00,CYCLE,N
IND,208,6592,59452,14/01/2019,17:30:09,15,1,28.5,1.0,1.9,1.8,2,1,1.00,CYCLE,N
IND,208,6592,59452,14/01/2019,17:30:28,15,1,25.8,1.0,18.9,18.8,2,1,1.00,CYCLE,N
IND,208,6592,59452,14/01/2019,17:33:04,15,1,35.1,1.1,156.8,156.6,2,1,1.00,CYCLE,N
IND,208,6592,59452,14/01/2019,17:33:06,15,1,33.3,1.1,1.5,1.3,2,1,1.00,CYCLE,N
IND,208,6592,59452,14/01/2019,17:33:06,15,1,34.8,1.0,0.5,0.4,2,1,1.00,CYCLE,N
IND,208,6592,59452,14/01/2019,17:33:08,15,1,35.1,1.0,1.6,1.4,2,1,1.00,CYCLE,N
IND,208,6592,59452,14/01/2019,17:33:10,15,1,30.1,1.0,2.4,2.3,2,1,1.00,CYCLE,N
IND,208,6592,59452,14/01/2019,17:33:11,15,1,29.5,1.0,0.4,0.3,2,1,1.00,CYCLE,N
IND,208,6592,59452,14/01/2019,17:33:12,15,1,31.0,1.1,1.0,0.9,2,1,1.00,CYCLE,N
IND,208,6592,59452,14/01/2019,17:33:13,15,1,26.6,1.0,1.6,1.5,2,1,1.00,CYCLE,N
IND,208,6592,59452,14/01/2019,17:33:14,15,1,34.4,1.0,1.0,0.9,2,1,1.00,CYCLE,N
IND,208,6592,59452,14/01/2019,17:33:15,15,1,27.0,1.0,0.6,0.5,2,1,1.00,CYCLE,N
IND,208,6592,59452,14/01/2019,17:33:15,15,1,28.6,1.0,0.2,0.1,2,1,1.00,CYCLE,N
IND,208,6592,59452,14/01/2019,17:33:16,15,1,28.1,1.1,0.6,0.5,2,1,1.00,CYCLE,N
IND,208,6592,59452,14/01/2019,17:33:17,15,1,27.4,1.1,0.9,0.7,2,1,1.00,CYCLE,N
IND,208,6592,59452,14/01/2019,17:33:19,15,1,27.9,1.1,2.4,2.3,2,1,1.00,CYCLE,N
IND,208,6592,59452,14/01/2019,17:33:22,15,1,24.8,1.1,2.6,2.5,2,1,1.00,CYCLE,N
IND,208,6592,59452,14/01/2019,17:33:31,15,1,18.0,1.0,9.2,9.0,2,1,1.00,CYCLE,N
IND,208,6592,59452,14/01/2019,17:33:31,15,1,18.0,1.0,0.0,0.0,2,1,1.00,CYCLE,N
IND,208,6592,59452,14/01/2019,17:34:39,15,1,35.2,1.0,0.5,0.4,2,1,1.00,CYCLE,N
IND,208,6592,59452,14/01/2019,17:34:39,15,1,33.0,1.0,0.5,0.4,2,1,1.00,CYCLE,N
IND,208,6592,59452,14/01/2019,17:34:40,15,1,32.3,1.0,0.8,0.7,2,1,1.00,CYCLE,N
IND,208,6592,59452,14/01/2019,17:34:42,15,1,57.0,1.0,2.1,2.0,2,1,0.22,CYCLE,N
IND,208,6592,59452,14/01/2019,17:34:44,15,1,31.2,1.1,1.3,1.2,2,1,1.00,CYCLE,N
IND,208,6592,59452,14/01/2019,17:34:46,15,1,26.7,1.0,2.9,2.7,2,1,1.00,CYCLE,N
IND,208,6592,59452,14/01/2019,17:34:51,15,1,22.3,1.0,4.7,4.6,2,1,1.00,CYCLE,N
IND,208,6592,59452,14/01/2019,17:34:51,15,1,22.3,1.0,0.0,0.0,2,1,1.00,CYCLE,N
IND,208,6592,59452,14/01/2019,17:34:52,15,1,24.0,1.0,1.3,1.0,2,1,1.00,CYCLE,N
IND,208,6592,59452,14/01/2019,17:34:54,15,1,22.8,1.0,1.4,1.3,2,1,1.00,CYCLE,N
IND,208,6592,59452,14/01/2019,17:36:03,15,1,30.2,1.1,69.2,69.1,2,1,1.00,CYCLE,N
IND,208,6592,59452,14/01/2019,17:36:04,15,1,30.2,1.0,1.2,1.0,2,1,1.00,CYCLE,N
IND,208,6592,59452,14/01/2019,17:36:06,15,1,30.2,1.0,1.8,1.7,2,1,1.00,CYCLE,N
IND,208,6592,59452,14/01/2019,17:36:06,15,1,28.5,1.0,0.5,0.3,2,1,1.00,CYCLE,N
IND,208,6592,59452,14/01/2019,17:36:08,15,1,29.1,1.0,1.3,1.2,2,1,1.00,CYCLE,N
IND,208,6592,59452,14/01/2019,17:36:09,15,1,28.4,1.1,1.7,1.6,2,1,1.00,CYCLE,N
IND,208,6592,59452,14/01/2019,17:36:13,15,1,27.7,1.0,3.1,3.0,2,1,1.00,CYCLE,N
IND,208,6592,59452,14/01/2019,17:36:13,15,1,25.1,1.0,0.3,0.1,2,1,1.00,CYCLE,N
IND,208,6592,59452,14/01/2019,17:36:16,15,1,22.4,1.1,3.0,2.8,2,1,1.00,CYCLE,N
IND,208,6592,59452,14/01/2019,17:36:19,15,1,21.6,1.1,3.2,3.0,2,1,1.00,CYCLE,N
IND,208,6592,59452,14/01/2019,17:36:20,15,1,22.3,1.1,1.0,0.8,2,1,1.00,CYCLE,N
IND,208,6592,59452,14/01/2019,17:36:23,15,1,19.9,1.1,2.9,2.7,2,1,1.00,CYCLE,N
IND,208,6592,59452,14/01/2019,17:36:38,15,1,23.5,1.0,15.2,15.0,2,1,1.00,CYCLE,N
IND,208,6592,59453,14/01/2019,17:36:45,15,0,26.2,1.0,605.3,605.2,2,1,1.00,CYCLE,S
IND,208,6592,59452,14/01/2019,17:37:41,15,1,30.8,1.0,63.4,63.2,2,1,1.00,CYCLE,N
IND,208,6592,59452,14/01/2019,17:37:43,15,1,30.2,1.1,1.8,1.7,2,1,1.00,CYCLE,N
IND,208,6592,59452,14/01/2019,17:37:45,15,1,26.9,1.0,1.8,1.6,2,1,1.00,CYCLE,N
IND,208,6592,59452,14/01/2019,17:37:46,15,1,31.3,1.1,1.0,0.9,2,1,1.00,CYCLE,N
IND,208,6592,59452,14/01/2019,17:37:47,15,1,28.2,1.0,0.5,0.4,2,1,1.00,CYCLE,N
IND,208,6592,59452,14/01/2019,17:37:51,15,1,32.3,1.1,4.1,4.0,2,1,1.00,CYCLE,N
IND,208,6592,59452,14/01/2019,17:37:51,15,1,23.5,1.1,0.6,0.5,2,1,1.00,CYCLE,N
IND,208,6592,59452,14/01/2019,17:37:52,15,1,26.3,1.1,0.7,0.5,2,1,1.00,CYCLE,N
IND,208,6592,59452,14/01/2019,17:37:54,15,1,29.1,1.0,1.7,1.6,2,1,0.75,CYCLE,N
IND,208,6592,59452,14/01/2019,17:37:54,15,1,23.9,1.0,0.7,0.5,2,1,1.00,CYCLE,N
IND,208,6592,59452,14/01/2019,17:37:57,15,1,24.7,1.1,2.8,2.6,2,1,1.00,CYCLE,N
IND,208,6592,59452,14/01/2019,17:39:24,15,1,31.9,1.1,86.7,86.5,2,1,1.00,CYCLE,N
IND,208,6592,59452,14/01/2019,17:39:27,15,1,28.4,1.1,3.0,2.9,2,1,1.00,CYCLE,N
IND,208,6592,59452,14/01/2019,17:39:28,15,1,27.3,1.0,0.7,0.6,2,1,1.00,CYCLE,N
IND,208,6592,59452,14/01/2019,17:39:30,15,1,29.5,1.0,2.6,2.5,2,1,1.00,CYCLE,N
IND,208,6592,59452,14/01/2019,17:39:32,15,1,24.9,1.0,2.2,2.1,2,1,1.00,CYCLE,N
IND,208,6592,59452,14/01/2019,17:39:35,15,1,23.5,1.1,2.3,2.2,2,1,1.00,CYCLE,N
IND,208,6592,59453,14/01/2019,17:39:41,15,0,27.2,1.0,176.2,176.1,2,1,1.00,CYCLE,S
IND,208,6592,59452,14/01/2019,17:40:06,15,1,17.2,1.1,31.1,31.0,2,1,1.00,CYCLE,N
IND,208,6592,59452,14/01/2019,17:41:16,15,1,30.4,1.1,69.9,69.7,2,1,1.00,CYCLE,N
IND,208,6592,59452,14/01/2019,17:41:19,15,1,31.5,1.1,3.0,2.9,2,1,1.00,CYCLE,N
IND,208,6592,59452,14/01/2019,17:41:20,15,1,28.5,1.0,1.1,1.0,2,1,1.00,CYCLE,N
IND,208,6592,59452,14/01/2019,17:41:21,15,1,29.1,1.0,0.9,0.8,2,1,1.00,CYCLE,N
IND,208,6592,59452,14/01/2019,17:41:22,15,1,27.7,1.0,1.6,1.5,2,1,1.00,CYCLE,N
IND,208,6592,59452,14/01/2019,17:41:23,15,1,27.3,1.0,0.6,0.4,2,1,1.00,CYCLE,N
IND,208,6592,59452,14/01/2019,17:41:24,15,1,27.4,1.1,0.7,0.6,2,1,1.00,CYCLE,N
IND,208,6592,59452,14/01/2019,17:41:26,15,1,26.7,1.0,2.1,2.0,2,1,1.00,CYCLE,N
IND,208,6592,59452,14/01/2019,17:41:30,15,1,25.2,1.1,3.9,3.8,2,1,1.00,CYCLE,N
IND,208,6592,59453,14/01/2019,17:42:20,15,0,27.7,1.0,159.0,158.8,2,1,1.00,CYCLE,S
IND,208,6592,59452,14/01/2019,17:43:00,15,1,34.2,1.0,90.6,90.4,2,1,1.00,CYCLE,N
IND,208,6592,59452,14/01/2019,17:43:01,15,1,32.0,1.0,0.2,0.1,2,1,1.00,CYCLE,N
IND,208,6592,59452,14/01/2019,17:43:01,15,1,31.8,1.1,0.6,0.5,2,1,1.00,CYCLE,N
IND,208,6592,59452,14/01/2019,17:43:03,15,1,28.9,1.1,1.7,1.5,2,1,1.00,CYCLE,N
IND,208,6592,59452,14/01/2019,17:43:06,15,1,34.6,1.0,2.9,2.8,2,1,1.00,CYCLE,N
IND,208,6592,59452,14/01/2019,17:43:08,15,1,24.9,1.2,2.4,2.3,2,1,1.00,CYCLE,N
IND,208,6592,59452,14/01/2019,17:43:09,15,1,29.6,1.0,0.5,0.3,2,1,1.00,CYCLE,N
IND,208,6592,59452,14/01/2019,17:43:10,15,1,25.9,1.0,1.6,1.5,2,1,1.00,CYCLE,N
IND,208,6592,59452,14/01/2019,17:43:14,15,1,26.0,1.0,3.7,3.5,2,1,1.00,CYCLE,N
IND,208,6592,59452,14/01/2019,17:43:18,15,1,19.6,1.1,4.4,4.2,2,1,1.00,CYCLE,N
IND,208,6592,59452,14/01/2019,17:44:50,15,1,35.0,1.1,91.5,91.3,2,1,1.00,CYCLE,N
IND,208,6592,59452,14/01/2019,17:44:53,15,1,28.0,1.0,3.3,3.2,2,1,1.00,CYCLE,N
IND,208,6592,59452,14/01/2019,17:44:54,15,1,29.0,1.1,0.4,0.3,2,1,1.00,CYCLE,N
IND,208,6592,59452,14/01/2019,17:44:55,15,1,29.0,1.0,1.0,0.9,2,1,1.00,CYCLE,N
IND,208,6592,59452,14/01/2019,17:44:55,15,1,29.2,1.0,0.6,0.5,2,1,1.00,CYCLE,N
IND,208,6592,59452,14/01/2019,17:45:04,15,1,20.3,1.0,9.1,9.0,2,1,1.00,CYCLE,N
IND,208,6592,59453,14/01/2019,17:45:44,15,0,26.5,1.1,204.5,204.3,2,1,1.00,CYCLE,S
IND,208,6592,59453,14/01/2019,17:45:48,15,0,25.0,1.0,3.9,3.8,2,1,1.00,CYCLE,S
IND,208,6592,59452,14/01/2019,17:46:42,15,1,25.5,1.1,97.8,97.6,2,1,1.00,CYCLE,N
IND,208,6592,59452,14/01/2019,17:46:43,15,1,25.8,0.8,0.7,0.5,2,1,1.00,CYCLE,N
IND,208,6592,59452,14/01/2019,17:46:44,15,1,27.3,1.0,1.6,1.4,2,1,1.00,CYCLE,N
IND,208,6592,59452,14/01/2019,17:46:45,15,1,26.4,1.1,0.7,0.5,2,1,1.00,CYCLE,N
IND,208,6592,59452,14/01/2019,17:46:51,15,1,23.2,1.1,5.6,5.5,2,1,1.00,CYCLE,N
IND,208,6592,59452,14/01/2019,17:46:53,15,1,24.9,1.0,2.2,2.0,2,1,1.00,CYCLE,N
IND,208,6592,59452,14/01/2019,17:46:53,15,1,21.4,1.1,0.4,0.3,2,1,1.00,CYCLE,N
IND,208,6592,59452,14/01/2019,17:47:06,15,1,20.8,1.0,12.3,12.2,2,1,1.00,CYCLE,N
IND,208,6592,59452,14/01/2019,17:47:13,15,1,24.8,1.1,7.9,7.7,2,1,1.00,CYCLE,N
IND,208,6592,59452,14/01/2019,17:47:19,15,1,21.6,1.1,6.0,5.9,2,1,1.00,CYCLE,N
IND,208,6592,59453,14/01/2019,17:47:28,15,0,24.3,1.0,100.4,100.2,2,1,1.00,CYCLE,S
IND,208,6592,59452,14/01/2019,17:48:10,15,1,35.9,1.1,50.2,50.0,2,1,1.00,CYCLE,N
IND,208,6592,59452,14/01/2019,17:48:10,15,1,30.4,1.0,0.2,0.1,2,1,1.00,CYCLE,N
IND,208,6592,59452,14/01/2019,17:48:13,15,1,31.7,1.1,3.4,3.3,2,1,1.00,CYCLE,N
IND,208,6592,59452,14/01/2019,17:48:14,15,1,32.3,1.0,0.3,0.2,2,1,1.00,CYCLE,N
IND,208,6592,59452,14/01/2019,17:48:27,15,1,26.2,1.0,13.2,13.0,2,1,1.00,CYCLE,N
IND,208,6592,59452,14/01/2019,17:48:29,15,1,25.2,1.1,2.3,2.1,2,1,1.00,CYCLE,N
IND,208,6592,59452,14/01/2019,17:48:29,15,1,24.6,1.1,0.4,0.3,2,1,1.00,CYCLE,N
IND,208,6592,59452,14/01/2019,17:48:53,15,1,22.5,1.0,23.6,23.4,2,1,1.00,CYCLE,N
IND,208,6592,59452,14/01/2019,17:49:58,15,1,4.8,0.4,65.4,65.4,2,1,1.00,CYCLE,N
IND,208,6592,59452,14/01/2019,17:50:44,15,1,29.6,1.1,45.6,45.4,2,1,1.00,CYCLE,N
IND,208,6592,59452,14/01/2019,17:51:15,15,1,27.9,1.1,30.8,30.6,2,1,1.00,CYCLE,N
IND,208,6592,59452,14/01/2019,17:51:17,15,1,27.2,1.1,1.9,1.8,2,1,1.00,CYCLE,N
IND,208,6592,59452,14/01/2019,17:51:20,15,1,24.0,1.0,3.6,3.5,2,1,1.00,CYCLE,N
IND,208,6592,59452,14/01/2019,17:51:25,15,1,20.6,1.1,5.1,4.9,2,1,1.00,CYCLE,N
IND,208,6592,59453,14/01/2019,17:51:45,15,0,24.8,1.0,256.8,256.7,2,1,1.00,CYCLE,S
IND,208,6592,59452,14/01/2019,17:52:16,15,1,29.0,1.0,50.9,50.7,2,1,1.00,CYCLE,N
IND,208,6592,59452,14/01/2019,17:52:22,15,1,30.4,1.1,6.0,5.9,2,1,1.00,CYCLE,N
IND,208,6592,59452,14/01/2019,17:52:23,15,1,30.5,1.1,1.1,1.0,2,1,1.00,CYCLE,N
IND,208,6592,59452,14/01/2019,17:52:25,15,1,30.0,1.0,1.4,1.3,2,1,1.00,CYCLE,N
IND,208,6592,59452,14/01/2019,17:52:26,15,1,28.7,1.0,1.4,1.3,2,1,1.00,CYCLE,N
IND,208,6592,59452,14/01/2019,17:53:03,15,1,17.0,1.0,36.8,36.7,2,1,1.00,CYCLE,N
IND,208,6592,59452,14/01/2019,17:54:00,15,1,30.8,1.0,56.7,56.5,2,1,1.00,CYCLE,N
IND,208,6592,59452,14/01/2019,17:54:01,15,1,29.7,1.1,1.6,1.5,2,1,1.00,CYCLE,N
IND,208,6592,59452,14/01/2019,17:54:02,15,1,29.1,1.0,1.0,0.8,2,1,1.00,CYCLE,N
IND,208,6592,59452,14/01/2019,17:54:03,15,1,28.0,1.0,1.1,1.0,2,1,1.00,CYCLE,N
IND,208,6592,59452,14/01/2019,17:54:06,15,1,26.5,1.0,3.0,2.9,2,1,1.00,CYCLE,N
IND,208,6592,59452,14/01/2019,17:54:08,15,1,26.5,1.1,1.3,1.2,2,1,1.00,CYCLE,N
IND,208,6592,59452,14/01/2019,17:54:12,15,1,27.0,1.0,3.9,3.8,2,1,1.00,CYCLE,N
IND,208,6592,59452,14/01/2019,17:54:37,15,1,23.5,1.1,25.3,25.2,2,1,1.00,CYCLE,N
IND,208,6592,59452,14/01/2019,17:54:46,15,1,15.9,1.0,9.4,9.3,2,1,1.00,CYCLE,N
IND,208,6592,59452,14/01/2019,17:55:47,15,1,26.8,1.0,60.2,59.9,2,1,1.00,CYCLE,N
IND,208,6592,59452,14/01/2019,17:55:49,15,1,25.2,1.1,2.3,2.1,2,1,1.00,CYCLE,N
IND,208,6592,59452,14/01/2019,17:55:50,15,1,27.9,1.0,1.3,1.1,2,1,1.00,CYCLE,N
IND,208,6592,59452,14/01/2019,17:55:58,15,1,21.2,1.1,7.8,7.7,2,1,1.00,CYCLE,N
IND,208,6592,59452,14/01/2019,17:56:06,15,1,22.3,1.1,7.7,7.5,2,1,1.00,CYCLE,N
IND,208,6592,59452,14/01/2019,17:56:09,15,1,18.9,1.1,3.3,3.1,2,1,1.00,CYCLE,N
IND,208,6592,59452,14/01/2019,17:58:16,15,1,28.3,1.0,126.7,126.5,2,1,1.00,CYCLE,N
IND,208,6592,59452,14/01/2019,17:58:17,15,1,28.1,1.0,1.0,0.9,2,1,1.00,CYCLE,N
IND,208,6592,59452,14/01/2019,17:58:17,15,1,27.9,1.0,0.6,0.4,2,1,1.00,CYCLE,N
IND,208,6592,59452,14/01/2019,17:58:23,15,1,22.1,1.0,5.4,5.3,2,1,1.00,CYCLE,N
IND,208,6592,59452,14/01/2019,17:58:28,15,1,15.8,1.1,5.8,5.7,2,1,1.00,CYCLE,N
IND,208,6592,59453,14/01/2019,17:58:46,15,0,25.7,1.0,421.1,420.9,2,1,1.00,CYCLE,S
IND,208,6592,59452,14/01/2019,18:00:15,15,1,33.1,1.0,107.0,106.7,2,1,1.00,CYCLE,N
IND,208,6592,59452,14/01/2019,18:00:18,15,1,26.5,1.1,2.3,2.2,2,1,1.00,CYCLE,N
IND,208,6592,59452,14/01/2019,18:00:21,15,1,24.7,1.0,3.6,3.5,2,1,1.00,CYCLE,N
IND,208,6592,59452,14/01/2019,18:00:24,15,1,22.3,1.0,3.0,2.9,2,1,1.00,CYCLE,N
IND,208,6592,59452,14/01/2019,18:00:29,15,1,20.4,1.1,4.2,4.0,2,1,1.00,CYCLE,N
IND,208,6592,59452,14/01/2019,18:01:35,15,1,25.9,1.1,66.3,66.1,2,1,1.00,CYCLE,N
IND,208,6592,59452,14/01/2019,18:01:38,15,1,25.3,1.1,2.7,2.6,2,1,1.00,CYCLE,N
IND,208,6592,59452,14/01/2019,18:01:38,15,1,23.8,1.0,0.9,0.7,2,1,1.00,CYCLE,N
IND,208,6592,59453,14/01/2019,18:02:01,15,0,28.0,1.0,195.2,195.0,2,1,1.00,CYCLE,S
IND,208,6592,59453,14/01/2019,18:02:53,15,0,23.1,1.0,51.5,51.4,2,1,1.00,CYCLE,S
IND,208,6592,59452,14/01/2019,18:03:18,15,1,31.9,1.0,99.4,99.3,2,1,1.00,CYCLE,N
IND,208,6592,59452,14/01/2019,18:03:19,15,1,29.4,1.0,1.5,1.4,2,1,1.00,CYCLE,N
IND,208,6592,59452,14/01/2019,18:03:43,15,1,25.5,1.1,24.0,23.9,2,1,1.00,CYCLE,N
IND,208,6592,59452,14/01/2019,18:04:15,15,1,27.6,1.0,31.7,31.5,2,1,1.00,CYCLE,N
IND,208,6592,59452,14/01/2019,18:04:18,15,1,29.7,1.1,3.3,3.2,2,1,1.00,CYCLE,N
IND,208,6592,59452,14/01/2019,18:04:19,15,1,25.9,1.0,0.4,0.3,2,1,1.00,CYCLE,N
IND,208,6592,59452,14/01/2019,18:04:21,15,1,25.3,1.1,2.2,2.0,2,1,1.00,CYCLE,N
IND,208,6592,59452,14/01/2019,18:04:22,15,1,24.0,1.0,1.7,1.5,2,1,1.00,CYCLE,N
IND,208,6592,59452,14/01/2019,18:04:26,15,1,22.4,1.1,3.7,3.5,2,1,1.00,CYCLE,N
IND,208,6592,59452,14/01/2019,18:05:52,15,1,32.4,1.0,85.7,85.5,2,1,1.00,CYCLE,N
IND,208,6592,59452,14/01/2019,18:05:53,15,1,33.1,1.0,1.2,1.1,2,1,1.00,CYCLE,N
IND,208,6592,59452,14/01/2019,18:05:56,15,1,29.1,1.1,3.3,3.2,2,1,1.00,CYCLE,N
IND,208,6592,59452,14/01/2019,18:05:58,15,1,28.0,1.0,1.3,1.2,2,1,1.00,CYCLE,N
IND,208,6592,59452,14/01/2019,18:06:01,15,1,24.2,1.0,3.2,3.0,2,1,1.00,CYCLE,N
IND,208,6592,59452,14/01/2019,18:06:02,15,1,22.6,1.0,0.7,0.5,2,1,1.00,CYCLE,N
IND,208,6592,59452,14/01/2019,18:06:03,15,1,22.5,1.1,1.5,1.4,2,1,1.00,CYCLE,N
IND,208,6592,59452,14/01/2019,18:06:08,15,1,20.2,1.1,4.7,4.5,2,1,1.00,CYCLE,N
IND,208,6592,59452,14/01/2019,18:06:16,15,1,14.5,1.1,8.7,8.5,2,1,1.00,CYCLE,N
IND,208,6592,59452,14/01/2019,18:07:27,15,1,31.1,1.1,70.8,70.5,2,1,1.00,CYCLE,N
IND,208,6592,59452,14/01/2019,18:07:28,15,1,30.6,1.1,0.8,0.7,2,1,1.00,CYCLE,N
IND,208,6592,59452,14/01/2019,18:07:30,15,1,27.9,1.0,2.5,2.4,2,1,1.00,CYCLE,N
IND,208,6592,59452,14/01/2019,18:07:34,15,1,26.6,1.1,3.2,3.1,2,1,1.00,CYCLE,N
IND,208,6592,59452,14/01/2019,18:08:53,15,1,32.3,1.1,79.8,79.6,2,1,1.00,CYCLE,N
IND,208,6592,59452,14/01/2019,18:08:54,15,1,25.9,1.1,0.9,0.8,2,1,1.00,CYCLE,N
IND,208,6592,59452,14/01/2019,18:08:57,15,1,28.6,1.1,2.6,2.4,2,1,1.00,CYCLE,N
IND,208,6592,59453,14/01/2019,18:09:01,15,0,32.7,1.0,368.4,368.3,2,1,1.00,CYCLE,S
IND,208,6592,59453,14/01/2019,18:09:36,15,0,25.7,1.1,35.0,34.9,2,1,1.00,CYCLE,S
IND,208,6592,59452,14/01/2019,18:10:09,15,1,33.0,1.0,71.9,71.8,2,1,1.00,CYCLE,N
IND,208,6592,59453,14/01/2019,18:10:14,15,0,25.0,1.0,37.8,37.6,2,1,1.00,CYCLE,S
IND,208,6592,59453,14/01/2019,18:10:22,15,0,19.8,1.0,7.7,7.6,2,1,1.00,CYCLE,S
IND,208,6592,59452,14/01/2019,18:11:07,15,1,30.2,1.0,57.8,57.7,2,1,1.00,CYCLE,N
IND,208,6592,59452,14/01/2019,18:11:07,15,1,25.8,1.0,0.6,0.5,2,1,1.00,CYCLE,N
IND,208,6592,59452,14/01/2019,18:11:08,15,1,30.3,1.0,0.5,0.3,2,1,1.00,CYCLE,N
IND,208,6592,59452,14/01/2019,18:11:09,15,1,31.3,1.0,1.2,1.1,2,1,1.00,CYCLE,N
IND,208,6592,59452,14/01/2019,18:11:17,15,1,19.7,1.1,8.6,8.5,2,1,1.00,CYCLE,N
IND,208,6592,59452,14/01/2019,18:11:22,15,1,17.2,1.1,5.0,4.8,2,1,1.00,CYCLE,N
IND,208,6592,59452,14/01/2019,18:12:10,15,1,26.3,1.1,47.4,47.1,2,1,1.00,CYCLE,N
IND,208,6592,59452,14/01/2019,18:12:11,15,1,26.0,1.0,0.9,0.7,2,1,1.00,CYCLE,N
IND,208,6592,59452,14/01/2019,18:12:16,15,1,22.8,1.1,5.2,5.1,2,1,1.00,CYCLE,N
IND,208,6592,59452,14/01/2019,18:13:56,15,1,28.9,1.1,100.1,99.9,2,1,1.00,CYCLE,N
IND,208,6592,59452,14/01/2019,18:14:10,15,1,25.1,1.0,14.1,14.0,2,1,1.00,CYCLE,N
IND,208,6592,59452,14/01/2019,18:15:04,15,1,27.2,1.1,53.3,53.1,2,1,1.00,CYCLE,N
IND,208,6592,59452,14/01/2019,18:15:04,15,1,33.0,1.0,0.4,0.3,2,1,1.00,CYCLE,N
IND,208,6592,59452,14/01/2019,18:15:09,15,1,22.6,1.1,4.9,4.8,2,1,1.00,CYCLE,N
IND,208,6592,59453,14/01/2019,18:16:33,15,0,17.5,1.1,370.7,370.5,2,1,1.00,CYCLE,S
IND,208,6592,59452,14/01/2019,18:16:36,15,1,26.1,1.1,86.7,86.5,2,1,1.00,CYCLE,N
IND,208,6592,59452,14/01/2019,18:16:40,15,1,22.3,1.1,4.1,3.9,2,1,1.00,CYCLE,N
IND,208,6592,59452,14/01/2019,18:17:37,15,1,23.7,1.0,57.8,57.7,2,1,1.00,CYCLE,N
IND,208,6592,59452,14/01/2019,18:17:40,15,1,31.8,1.0,2.4,2.3,2,1,1.00,CYCLE,N
IND,208,6592,59452,14/01/2019,18:18:19,15,1,16.9,1.1,38.8,38.8,2,1,1.00,CYCLE,N
IND,208,6592,59453,14/01/2019,18:19:07,15,0,23.9,1.1,154.1,153.9,2,1,1.00,CYCLE,S
IND,208,6592,59452,14/01/2019,18:19:49,15,1,27.5,1.1,90.7,90.5,2,1,1.00,CYCLE,N
IND,208,6592,59452,14/01/2019,18:20:15,15,1,31.2,1.0,26.0,25.8,2,1,1.00,CYCLE,N
IND,208,6592,59452,14/01/2019,18:20:19,15,1,26.7,1.0,3.9,3.7,2,1,1.00,CYCLE,N
IND,208,6592,59452,14/01/2019,18:20:27,15,1,20.5,1.1,8.1,8.0,2,1,1.00,CYCLE,N
IND,208,6592,59452,14/01/2019,18:21:01,15,1,13.6,1.1,33.2,33.1,2,1,1.00,CYCLE,N
IND,208,6592,59453,14/01/2019,18:22:22,15,0,25.2,1.1,195.6,195.4,2,1,1.00,CYCLE,S
IND,208,6592,59452,14/01/2019,18:22:50,15,1,27.7,1.1,109.4,109.1,2,1,1.00,CYCLE,N
IND,208,6592,59452,14/01/2019,18:22:52,15,1,25.0,1.1,1.8,1.7,2,1,1.00,CYCLE,N
IND,208,6592,59452,14/01/2019,18:22:54,15,1,25.8,1.1,2.1,2.0,2,1,1.00,CYCLE,N
IND,208,6592,59452,14/01/2019,18:22:58,15,1,19.4,1.0,4.0,3.8,2,1,1.00,CYCLE,N
IND,208,6592,59452,14/01/2019,18:23:42,15,1,30.5,1.0,44.0,43.7,2,1,1.00,CYCLE,N
IND,208,6592,59452,14/01/2019,18:23:44,15,1,23.1,1.0,1.6,1.5,2,1,1.00,CYCLE,N
IND,208,6592,59452,14/01/2019,18:23:45,15,1,25.7,1.1,1.9,1.7,2,1,1.00,CYCLE,N
IND,208,6592,59452,14/01/2019,18:23:51,15,1,21.7,1.0,5.7,5.6,2,1,1.00,CYCLE,N
IND,208,6592,59452,14/01/2019,18:23:55,15,1,24.4,1.1,4.1,3.9,2,1,1.00,CYCLE,N
IND,208,6592,59453,14/01/2019,18:24:03,15,0,22.9,1.0,100.5,100.3,2,1,1.00,CYCLE,S
IND,208,6592,59452,14/01/2019,18:26:15,15,1,33.1,1.0,139.5,139.3,2,1,1.00,CYCLE,N
IND,208,6592,59452,14/01/2019,18:26:15,15,1,32.6,1.0,0.3,0.1,2,1,1.00,CYCLE,N
IND,208,6592,59452,14/01/2019,18:27:37,15,1,25.2,1.1,81.7,81.6,2,1,1.00,CYCLE,N
IND,208,6592,59452,14/01/2019,18:28:30,15,1,30.3,1.0,53.7,53.5,2,1,1.00,CYCLE,N
IND,208,6592,59452,14/01/2019,18:28:37,15,1,27.6,1.0,6.1,6.0,2,1,1.00,CYCLE,N
IND,208,6592,59452,14/01/2019,18:28:48,15,1,22.5,1.1,11.2,11.1,2,1,1.00,CYCLE,N
IND,208,6592,59452,14/01/2019,18:30:31,15,1,31.5,1.0,103.0,102.8,2,1,1.00,CYCLE,N
IND,208,6592,59453,14/01/2019,18:30:52,15,0,30.3,1.0,408.7,408.5,2,1,1.00,CYCLE,S
IND,208,6592,59452,14/01/2019,18:31:35,15,1,36.0,1.0,64.6,64.4,2,1,1.00,CYCLE,N
IND,208,6592,59452,14/01/2019,18:31:39,15,1,28.1,1.0,3.9,3.8,2,1,1.00,CYCLE,N
IND,208,6592,59452,14/01/2019,18:31:39,15,1,28.1,1.0,0.0,0.0,2,1,1.00,CYCLE,N
IND,208,6592,59452,14/01/2019,18:31:50,15,1,18.7,1.0,10.3,10.2,2,1,1.00,CYCLE,N
IND,208,6592,59452,14/01/2019,18:31:50,15,1,18.7,1.0,0.0,0.0,2,1,1.00,CYCLE,N
IND,208,6592,59452,14/01/2019,18:31:51,15,1,17.4,1.1,1.9,1.6,2,1,1.00,CYCLE,N
IND,208,6592,59452,14/01/2019,18:31:55,15,1,16.7,1.0,3.1,2.9,2,1,1.00,CYCLE,N
IND,208,6592,59452,14/01/2019,18:32:40,15,1,30.6,1.1,45.9,45.6,2,1,1.00,CYCLE,N
IND,208,6592,59452,14/01/2019,18:32:42,15,1,25.0,1.1,1.2,1.0,2,1,1.00,CYCLE,N
IND,208,6592,59452,14/01/2019,18:32:43,15,1,19.6,1.0,1.8,1.5,2,1,0.40,CYCLE,N
IND,208,6592,59453,14/01/2019,18:34:34,15,0,21.5,1.0,222.2,222.1,2,1,1.00,CYCLE,S
IND,208,6592,59452,14/01/2019,18:35:51,15,1,27.7,1.0,187.8,187.7,2,1,1.00,CYCLE,N
IND,208,6592,59452,14/01/2019,18:35:52,15,1,26.7,1.0,0.5,0.4,2,1,1.00,CYCLE,N
IND,208,6592,59452,14/01/2019,18:35:52,15,1,28.8,1.0,0.6,0.4,2,1,1.00,CYCLE,N
IND,208,6592,59452,14/01/2019,18:35:54,15,1,27.8,1.0,1.3,1.2,2,1,1.00,CYCLE,N
IND,208,6592,59452,14/01/2019,18:35:55,15,1,26.1,1.0,1.7,1.6,2,1,1.00,CYCLE,N
IND,208,6592,59452,14/01/2019,18:35:56,15,1,24.2,1.1,1.1,1.0,2,1,1.00,CYCLE,N
IND,208,6592,59452,14/01/2019,18:36:01,15,1,21.3,1.0,4.3,4.2,2,1,1.00,CYCLE,N
IND,208,6592,59453,14/01/2019,18:36:58,15,0,20.1,1.0,144.6,144.4,2,1,1.00,CYCLE,S
IND,208,6592,59452,14/01/2019,18:37:59,15,1,19.7,1.1,117.9,117.7,2,1,1.00,CYCLE,N
IND,208,6592,59452,14/01/2019,18:38:03,15,1,18.4,1.1,4.6,4.4,2,1,1.00,CYCLE,N
IND,208,6592,59452,14/01/2019,18:39:00,15,1,26.6,1.1,57.4,57.1,2,1,1.00,CYCLE,N
IND,208,6592,59452,14/01/2019,18:39:01,15,1,27.4,1.1,0.6,0.5,2,1,1.00,CYCLE,N
IND,208,6592,59452,14/01/2019,18:39:06,15,1,23.7,1.1,5.4,5.3,2,1,1.00,CYCLE,N
IND,208,6592,59452,14/01/2019,18:39:48,15,1,17.3,1.1,41.4,41.3,2,1,1.00,CYCLE,N
IND,208,6592,59452,14/01/2019,18:40:48,15,1,20.6,1.1,60.0,59.8,2,1,1.00,CYCLE,N
IND,208,6592,59452,14/01/2019,18:40:50,15,1,23.7,1.0,1.8,1.6,2,1,1.00,CYCLE,N
IND,208,6592,59452,14/01/2019,18:41:12,15,1,26.0,1.0,22.2,22.0,2,1,1.00,CYCLE,N
IND,208,6592,59453,14/01/2019,18:41:14,15,0,19.7,1.0,255.6,255.5,2,1,1.00,CYCLE,S
IND,208,6592,59452,14/01/2019,18:41:19,15,1,20.5,1.1,6.9,6.7,2,1,1.00,CYCLE,N
IND,208,6592,59453,14/01/2019,18:41:44,15,0,26.8,1.0,30.2,30.0,2,1,1.00,CYCLE,S
IND,208,6592,59452,14/01/2019,18:42:31,15,1,24.1,1.0,72.6,72.4,2,1,1.00,CYCLE,N
IND,208,6592,59452,14/01/2019,18:44:07,15,1,24.3,1.0,95.2,95.1,2,1,1.00,CYCLE,N
IND,208,6592,59452,14/01/2019,18:44:44,15,1,24.4,1.1,37.7,37.5,2,1,1.00,CYCLE,N
IND,208,6592,59452,14/01/2019,18:44:45,15,1,23.8,1.0,1.2,1.0,2,1,1.00,CYCLE,N
IND,208,6592,59452,14/01/2019,18:45:21,15,1,21.4,1.1,36.0,35.8,2,1,1.00,CYCLE,N
IND,208,6592,59452,14/01/2019,18:46:31,15,1,22.6,1.1,69.9,69.7,2,1,1.00,CYCLE,N
IND,208,6592,59453,14/01/2019,18:46:57,15,0,25.5,1.0,312.5,312.3,2,1,1.00,CYCLE,S
IND,208,6592,59452,14/01/2019,18:47:50,15,1,24.0,1.0,78.3,78.2,2,1,1.00,CYCLE,N
IND,208,6592,59452,14/01/2019,18:48:36,15,1,19.8,1.1,46.0,45.8,2,1,1.00,CYCLE,N
IND,208,6592,59453,14/01/2019,18:51:35,15,0,28.0,1.0,278.4,278.3,2,1,1.00,CYCLE,S
IND,208,6592,59452,14/01/2019,18:53:27,15,1,28.6,1.0,290.9,290.7,2,1,1.00,CYCLE,N
IND,208,6592,59452,14/01/2019,18:53:28,15,1,28.5,1.1,1.4,1.3,2,1,1.00,CYCLE,N
IND,208,6592,59452,14/01/2019,18:53:30,15,1,24.8,1.1,2.5,2.4,2,1,1.00,CYCLE,N
IND,208,6592,59452,14/01/2019,18:53:47,15,1,30.8,1.1,16.6,16.4,2,1,1.00,CYCLE,N
IND,208,6592,59452,14/01/2019,18:57:19,15,1,29.3,1.0,212.1,211.9,2,1,1.00,CYCLE,N
IND,208,6592,59452,14/01/2019,18:57:21,15,1,26.4,1.1,1.9,1.8,2,1,1.00,CYCLE,N
IND,208,6592,59452,14/01/2019,18:58:11,15,1,22.1,1.1,49.6,49.4,2,1,1.00,CYCLE,N
IND,208,6592,59452,14/01/2019,18:58:12,15,1,21.8,1.1,1.4,1.2,2,1,1.00,CYCLE,N
IND,208,6592,59453,14/01/2019,18:58:52,15,0,26.1,1.0,436.9,436.8,2,1,1.00,CYCLE,S
IND,208,6592,59452,14/01/2019,18:59:27,15,1,29.8,1.0,74.6,74.4,2,1,1.00,CYCLE,N
IND,208,6592,59452,14/01/2019,18:59:30,15,1,25.6,1.0,3.7,3.6,2,1,1.00,CYCLE,N
IND,208,6592,59452,14/01/2019,18:59:33,15,1,23.3,1.0,2.9,2.8,2,1,1.00,CYCLE,N
IND,208,6592,59452,14/01/2019,19:00:16,15,1,35.3,1.1,42.5,42.3,2,1,1.00,CYCLE,N
IND,208,6592,59452,14/01/2019,19:00:36,15,1,25.6,1.2,20.0,19.9,2,1,1.00,CYCLE,N
IND,208,6592,59452,14/01/2019,19:01:22,15,1,23.6,1.1,46.0,45.8,2,1,1.00,CYCLE,N
IND,208,6592,59452,14/01/2019,19:04:07,15,1,23.0,1.1,165.6,165.4,2,1,1.00,CYCLE,N
IND,208,6592,59452,14/01/2019,19:05:17,15,1,30.4,1.0,69.7,69.5,2,1,1.00,CYCLE,N
IND,208,6592,59452,14/01/2019,19:05:23,15,1,21.6,1.1,6.0,5.9,2,1,1.00,CYCLE,N
IND,208,6592,59452,14/01/2019,19:05:28,15,1,24.3,1.1,5.1,5.0,2,1,1.00,CYCLE,N
IND,208,6592,59452,14/01/2019,19:07:00,15,1,24.7,1.0,91.9,91.8,2,1,1.00,CYCLE,N
IND,208,6592,59453,14/01/2019,19:08:44,15,0,31.2,1.0,592.2,592.0,2,1,1.00,CYCLE,S
IND,208,6592,59452,14/01/2019,19:09:18,15,1,24.2,1.1,137.5,137.4,2,1,1.00,CYCLE,N
IND,208,6592,59452,14/01/2019,19:10:28,15,1,25.4,1.1,70.8,70.7,2,1,1.00,CYCLE,N
IND,208,6592,59452,14/01/2019,19:11:42,15,1,29.6,1.0,74.1,73.9,2,1,1.00,CYCLE,N
IND,208,6592,59452,14/01/2019,19:11:45,15,1,28.8,1.1,2.4,2.2,2,1,1.00,CYCLE,N
IND,208,6592,59453,14/01/2019,19:13:27,15,0,13.4,1.0,283.2,283.1,2,1,1.00,CYCLE,S
IND,208,6592,59453,14/01/2019,19:13:27,15,0,13.4,1.0,0.0,0.0,2,1,1.00,CYCLE,S
IND,208,6592,59453,14/01/2019,19:13:27,15,0,13.4,1.0,0.0,0.0,2,1,1.00,CYCLE,S
IND,208,6592,59453,14/01/2019,19:13:27,15,0,13.4,1.0,0.0,0.0,2,1,1.00,CYCLE,S
IND,208,6592,59452,14/01/2019,19:14:10,15,1,25.9,1.1,145.4,145.2,2,1,1.00,CYCLE,N
IND,208,6592,59452,14/01/2019,19:15:39,15,1,29.6,1.0,89.0,88.8,2,1,1.00,CYCLE,N
IND,208,6592,59452,14/01/2019,19:15:42,15,1,27.4,1.0,3.2,3.1,2,1,1.00,CYCLE,N
IND,208,6592,59453,14/01/2019,19:15:51,15,0,20.1,1.0,143.9,143.5,2,1,1.00,CYCLE,S
IND,208,6592,59453,14/01/2019,19:16:00,15,0,24.4,1.0,8.4,8.2,2,1,1.00,CYCLE,S
IND,208,6592,59452,14/01/2019,19:17:28,15,1,27.3,1.0,105.8,105.7,2,1,1.00,CYCLE,N
IND,208,6592,59452,14/01/2019,19:18:18,15,1,31.3,1.0,49.9,49.8,2,1,1.00,CYCLE,N
IND,208,6592,59452,14/01/2019,19:18:21,15,1,26.8,1.0,3.1,3.0,2,1,1.00,CYCLE,N
IND,208,6592,59452,14/01/2019,19:18:22,15,1,29.3,1.1,0.6,0.5,2,1,1.00,CYCLE,N
IND,208,6592,59452,14/01/2019,19:18:28,15,1,23.0,1.1,6.6,6.5,2,1,1.00,CYCLE,N
IND,208,6592,59452,14/01/2019,19:18:31,15,1,18.8,1.0,3.0,2.9,2,1,1.00,CYCLE,N
IND,208,6592,59452,14/01/2019,19:19:38,15,1,30.1,1.0,66.9,66.7,2,1,1.00,CYCLE,N
IND,208,6592,59452,14/01/2019,19:19:44,15,1,22.9,1.1,5.4,5.3,2,1,1.00,CYCLE,N
IND,208,6592,59452,14/01/2019,19:20:36,15,1,28.9,1.1,52.1,51.9,2,1,1.00,CYCLE,N
IND,208,6592,59452,14/01/2019,19:21:12,15,1,22.5,1.0,35.8,35.7,2,1,1.00,CYCLE,N
IND,208,6592,59452,14/01/2019,19:22:27,15,1,22.5,1.0,75.2,75.0,2,1,1.00,CYCLE,N
IND,208,6592,59452,14/01/2019,19:22:51,15,1,27.2,1.0,24.4,24.3,2,1,1.00,CYCLE,N
IND,208,6592,59452,14/01/2019,19:25:04,15,1,28.9,1.0,132.4,132.3,2,1,1.00,CYCLE,N
IND,208,6592,59452,14/01/2019,19:25:53,15,1,25.8,1.1,48.9,48.7,2,1,1.00,CYCLE,N
IND,208,6592,59453,14/01/2019,19:27:20,15,0,21.9,1.0,680.7,680.5,2,1,1.00,CYCLE,S
IND,208,6592,59452,14/01/2019,19:28:21,15,1,28.4,1.0,148.0,147.8,2,1,1.00,CYCLE,N
IND,208,6592,59452,14/01/2019,19:28:41,15,1,28.5,1.1,20.2,20.1,2,1,1.00,CYCLE,N
IND,208,6592,59452,14/01/2019,19:29:05,15,1,29.5,1.0,24.1,24.0,2,1,1.00,CYCLE,N
IND,208,6592,59452,14/01/2019,19:29:11,15,1,25.1,1.0,5.7,5.6,2,1,1.00,CYCLE,N
IND,208,6592,59452,14/01/2019,19:32:12,15,1,25.5,0.9,181.4,181.3,2,1,1.00,CYCLE,N
IND,208,6592,59452,14/01/2019,19:32:19,15,1,22.0,1.1,7.0,6.9,2,1,1.00,CYCLE,N
IND,208,6592,59452,14/01/2019,19:33:40,15,1,25.4,1.0,80.5,80.3,2,1,1.00,CYCLE,N
IND,208,6592,59452,14/01/2019,19:33:49,15,1,17.0,1.0,9.7,9.6,2,1,1.00,CYCLE,N
IND,208,6592,59452,14/01/2019,19:33:49,15,1,17.0,1.0,0.0,0.0,2,1,1.00,CYCLE,N
IND,208,6592,59452,14/01/2019,19:36:54,15,1,23.5,1.1,184.5,184.3,2,1,1.00,CYCLE,N
IND,208,6592,59452,14/01/2019,19:38:45,15,1,27.9,1.1,111.3,111.2,2,1,1.00,CYCLE,N
IND,208,6592,59452,14/01/2019,19:39:58,15,1,26.7,1.0,72.4,72.3,2,1,1.00,CYCLE,N
IND,208,6592,59452,14/01/2019,19:40:00,15,1,21.8,1.1,2.6,2.5,2,1,1.00,CYCLE,N
IND,208,6592,59453,14/01/2019,19:42:00,15,0,23.0,1.0,880.0,879.9,2,1,1.00,CYCLE,S
IND,208,6592,59452,14/01/2019,19:42:27,15,1,29.2,1.0,147.2,147.0,2,1,1.00,CYCLE,N
IND,208,6592,59452,14/01/2019,19:42:39,15,1,22.3,1.0,11.7,11.6,2,1,1.00,CYCLE,N
IND,208,6592,59452,14/01/2019,19:45:24,15,1,28.6,1.0,165.0,164.8,2,1,1.00,CYCLE,N
IND,208,6592,59452,14/01/2019,19:47:33,15,1,19.0,1.1,129.3,129.2,2,1,1.00,CYCLE,N
IND,208,6592,59453,14/01/2019,19:48:20,15,0,28.3,1.0,379.8,379.6,2,1,1.00,CYCLE,S
IND,208,6592,59452,14/01/2019,19:50:22,15,1,34.2,1.2,168.4,168.1,2,1,1.00,CYCLE,N
IND,208,6592,59452,14/01/2019,19:50:26,15,1,28.2,1.0,4.2,4.1,2,1,1.00,CYCLE,N
IND,208,6592,59452,14/01/2019,19:51:17,15,1,15.4,1.1,51.2,51.1,2,1,1.00,CYCLE,N
IND,208,6592,59453,14/01/2019,19:54:28,15,0,20.0,1.2,367.6,367.5,2,1,1.00,CYCLE,S
IND,208,6592,59452,14/01/2019,19:55:49,15,1,28.8,1.0,271.4,271.1,2,1,1.00,CYCLE,N
IND,208,6592,59452,14/01/2019,19:56:20,15,1,21.5,1.0,31.3,31.2,2,1,1.00,CYCLE,N
IND,208,6592,59452,14/01/2019,19:57:30,15,1,28.6,1.0,70.3,70.1,2,1,1.00,CYCLE,N
IND,208,6592,59452,14/01/2019,19:57:32,15,1,28.1,1.0,1.9,1.7,2,1,1.00,CYCLE,N
IND,208,6592,59452,14/01/2019,19:58:32,15,1,26.4,1.1,36.1,35.9,2,1,1.00,CYCLE,N
IND,208,6592,59452,14/01/2019,20:04:35,15,1,21.8,1.0,262.5,262.3,2,1,1.00,CYCLE,N
IND,208,6592,59452,14/01/2019,20:04:38,15,1,25.9,1.0,3.0,2.9,2,1,1.00,CYCLE,N
IND,208,6592,59452,14/01/2019,20:05:11,15,1,29.2,1.0,32.6,32.4,2,1,1.00,CYCLE,N
IND,208,6592,59452,14/01/2019,20:10:05,15,1,29.0,1.0,294.5,294.4,2,1,1.00,CYCLE,N
IND,208,6592,59452,14/01/2019,20:10:14,15,1,21.6,1.1,8.5,8.4,2,1,1.00,CYCLE,N
IND,208,6592,59452,14/01/2019,20:10:33,15,1,25.5,1.2,18.8,18.7,2,1,1.00,CYCLE,N
IND,208,6592,59452,14/01/2019,20:13:52,15,1,18.9,1.2,199.1,199.0,2,1,1.00,CYCLE,N
IND,208,6592,59453,14/01/2019,20:15:51,15,0,25.6,1.1,1282.8,1282.5,2,1,1.00,CYCLE,S
IND,208,6592,59453,14/01/2019,20:16:24,15,0,16.5,1.0,33.0,32.8,2,1,1.00,CYCLE,S
IND,208,6592,59452,14/01/2019,20:16:50,15,1,18.0,1.0,177.9,177.6,2,1,1.00,CYCLE,N
IND,208,6592,59452,14/01/2019,20:17:29,15,1,26.4,1.1,39.7,39.4,2,1,1.00,CYCLE,N
IND,208,6592,59452,14/01/2019,20:17:37,15,1,26.4,1.0,8.0,7.8,2,1,1.00,CYCLE,N
IND,208,6592,59452,14/01/2019,20:18:02,15,1,19.7,1.0,24.3,24.2,2,1,1.00,CYCLE,N
IND,208,6592,59452,14/01/2019,20:20:54,15,1,25.9,1.1,172.4,172.2,2,1,1.00,CYCLE,N
IND,208,6592,59452,14/01/2019,20:27:08,15,1,23.4,1.0,373.8,373.6,2,1,1.00,CYCLE,N
IND,208,6592,59452,14/01/2019,20:30:12,15,1,25.3,0.8,184.1,184.0,2,1,1.00,CYCLE,N
IND,208,6592,59453,14/01/2019,20:32:35,15,0,25.2,1.1,971.4,971.2,2,1,1.00,CYCLE,S
IND,208,6592,59452,14/01/2019,20:39:08,15,1,22.9,1.0,535.8,535.6,2,1,1.00,CYCLE,N
IND,208,6592,59452,14/01/2019,20:39:27,15,1,31.4,1.0,19.6,19.4,2,1,1.00,CYCLE,N
IND,208,6592,59452,14/01/2019,20:40:07,15,1,24.1,1.1,39.4,39.3,2,1,1.00,CYCLE,N
IND,208,6592,59452,14/01/2019,20:45:38,15,1,25.4,1.0,331.2,331.0,2,1,1.00,CYCLE,N
IND,208,6592,59453,14/01/2019,20:46:11,15,0,28.3,1.0,815.8,815.6,2,1,1.00,CYCLE,S
IND,208,6592,59452,14/01/2019,20:48:47,15,1,20.6,1.0,188.7,188.6,2,1,1.00,CYCLE,N
IND,208,6592,59453,14/01/2019,20:52:34,15,0,19.5,1.1,383.7,383.6,2,1,1.00,CYCLE,S
IND,208,6592,59452,14/01/2019,20:52:38,15,1,15.6,1.0,231.4,231.2,2,1,1.00,CYCLE,N
IND,208,6592,59453,14/01/2019,20:55:11,15,0,30.5,1.0,156.4,156.2,2,1,1.00,CYCLE,S
IND,208,6592,59452,14/01/2019,21:00:13,15,1,15.9,1.1,455.0,454.8,2,1,1.00,CYCLE,N
IND,208,6592,59452,14/01/2019,21:05:37,15,1,27.7,1.0,323.5,323.3,2,1,1.00,CYCLE,N
IND,208,6592,59452,14/01/2019,21:10:05,15,1,27.8,1.0,268.2,268.0,2,1,1.00,CYCLE,N
IND,208,6592,59452,14/01/2019,21:10:06,15,1,22.7,1.0,1.6,1.4,2,1,1.00,CYCLE,N
IND,208,6592,59452,14/01/2019,21:16:27,15,1,20.7,1.1,380.8,380.6,2,1,1.00,CYCLE,N
IND,208,6592,59452,14/01/2019,21:19:18,15,1,14.3,1.0,171.2,171.1,2,1,1.00,CYCLE,N
IND,208,6592,59452,14/01/2019,21:22:42,15,1,20.4,1.0,204.0,203.7,2,1,1.00,CYCLE,N
IND,208,6592,59452,14/01/2019,21:28:03,15,1,22.3,1.0,320.5,320.4,2,1,1.00,CYCLE,N
IND,208,6592,59452,14/01/2019,21:29:55,15,1,19.3,1.0,112.5,112.3,2,1,1.00,CYCLE,N
IND,208,6592,59452,14/01/2019,21:32:59,15,1,19.9,1.0,184.1,183.9,2,1,1.00,CYCLE,N
IND,208,6592,59452,14/01/2019,21:35:50,15,1,18.4,1.1,170.9,170.7,2,1,1.00,CYCLE,N
IND,208,6592,59452,14/01/2019,21:44:48,15,1,33.1,1.1,537.7,537.5,2,1,1.00,CYCLE,N
IND,208,6592,59452,14/01/2019,21:44:58,15,1,29.1,1.0,9.8,9.7,2,1,1.00,CYCLE,N
IND,208,6592,59452,14/01/2019,21:45:00,15,1,29.4,1.1,1.9,1.8,2,1,1.00,CYCLE,N
IND,208,6592,59452,14/01/2019,21:45:09,15,1,25.8,1.1,8.7,8.5,2,1,1.00,CYCLE,N
IND,208,6592,59452,14/01/2019,21:54:05,15,1,24.4,1.0,536.8,536.6,2,1,1.00,CYCLE,N
IND,208,6592,59452,14/01/2019,21:54:50,15,1,16.1,1.0,44.3,44.2,2,1,1.00,CYCLE,N
IND,208,6592,59452,14/01/2019,22:05:22,15,1,20.8,1.0,632.3,632.1,2,1,1.00,CYCLE,N
IND,208,6592,59452,14/01/2019,22:08:06,15,1,24.5,1.0,163.9,163.7,2,1,1.00,CYCLE,N
IND,208,6592,59452,14/01/2019,22:12:38,15,1,27.2,1.0,272.1,272.0,2,1,1.00,CYCLE,N
IND,208,6592,59452,14/01/2019,22:21:35,15,1,24.8,1.1,536.7,536.5,2,1,1.00,CYCLE,N
IND,208,6592,59452,14/01/2019,22:23:48,15,1,25.2,1.0,133.3,133.1,2,1,1.00,CYCLE,N
IND,208,6592,59452,14/01/2019,22:25:08,15,1,18.0,1.1,80.0,79.9,2,1,1.00,CYCLE,N
IND,208,6592,59452,14/01/2019,22:27:54,15,1,17.7,1.1,166.0,165.8,2,1,1.00,CYCLE,N
IND,208,6592,59453,14/01/2019,22:49:51,15,0,15.4,1.0,3503.7,3503.5,2,1,1.00,CYCLE,S
IND,208,6592,59452,14/01/2019,22:55:29,15,1,23.0,1.1,1654.9,1654.6,2,1,1.00,CYCLE,N
IND,208,6592,59452,14/01/2019,22:56:21,15,1,17.1,1.0,52.3,52.1,2,1,1.00,CYCLE,N
IND,208,6592,59452,14/01/2019,22:56:21,15,1,18.8,1.0,0.3,0.1,2,1,1.00,CYCLE,N
IND,208,6592,59453,14/01/2019,23:02:27,15,0,27.0,1.0,755.4,755.2,2,1,1.00,CYCLE,S
IND,208,6592,59452,14/01/2019,23:04:59,15,1,16.8,1.0,517.4,517.3,2,1,1.00,CYCLE,N
IND,208,6592,59452,14/01/2019,23:07:21,15,1,20.6,1.0,142.0,141.7,2,1,1.00,CYCLE,N
IND,208,6592,59452,14/01/2019,23:08:40,15,1,21.2,1.1,2.6,2.4,2,1,1.00,CYCLE,N
IND,208,6592,59452,14/01/2019,23:19:08,15,1,20.7,1.1,628.1,627.9,2,1,1.00,CYCLE,N
IND,208,6592,59452,14/01/2019,23:19:12,15,1,19.7,1.1,3.3,3.1,2,1,1.00,CYCLE,N
IND,208,6592,59453,14/01/2019,23:20:41,15,0,25.6,1.0,1094.3,1094.1,2,1,1.00,CYCLE,S
IND,208,6592,59453,14/01/2019,23:20:57,15,0,20.4,1.0,15.9,15.7,2,1,1.00,CYCLE,S
IND,208,6592,59452,15/01/2019,00:11:28,15,1,29.8,0.9,3136.0,3135.8,2,1,1.00,CYCLE,N
IND,208,6592,59452,15/01/2019,00:17:25,15,1,19.5,1.1,357.2,357.1,2,1,1.00,CYCLE,N
IND,208,6592,59452,15/01/2019,00:26:02,15,1,17.9,1.0,517.1,516.9,2,1,1.00,CYCLE,N
IND,208,6592,59453,15/01/2019,00:33:08,15,0,13.0,1.0,4331.4,4331.2,2,1,1.20,CYCLE,S
IND,208,6592,59453,15/01/2019,00:34:05,15,0,20.4,1.0,56.5,56.2,2,1,1.00,CYCLE,S
IND,208,6592,59452,15/01/2019,00:37:44,15,1,25.2,1.1,701.8,701.5,2,1,1.00,CYCLE,N
IND,208,6592,59452,15/01/2019,00:50:55,15,1,25.5,1.0,791.6,791.4,2,1,1.00,CYCLE,N
IND,208,6592,59452,15/01/2019,00:56:09,15,1,26.0,1.1,313.3,313.2,2,1,1.00,CYCLE,N
IND,208,6592,59453,15/01/2019,01:16:05,15,0,17.4,1.1,2520.2,2520.0,2,1,1.00,CYCLE,S
IND,208,6592,59453,15/01/2019,03:05:04,15,0,29.9,1.0,4797.2,4797.1,2,1,1.00,CYCLE,S
IND,208,6592,59453,15/01/2019,03:30:48,15,0,33.4,1.0,1544.0,1543.9,2,1,1.00,CYCLE,S
IND,208,6592,59453,15/01/2019,03:39:11,15,0,14.3,1.0,502.4,502.3,2,1,1.00,CYCLE,S
IND,208,6592,59452,15/01/2019,03:42:24,15,1,16.6,1.1,9975.3,9975.1,2,1,1.00,CYCLE,N
IND,208,6592,59453,15/01/2019,04:09:49,15,0,30.6,1.1,1838.5,1838.3,2,1,1.00,CYCLE,S
IND,208,6592,59452,15/01/2019,04:13:56,15,1,22.1,0.8,1891.9,1891.6,2,1,1.00,CYCLE,N
IND,208,6592,59453,15/01/2019,04:18:07,15,0,29.1,1.1,497.7,497.6,2,1,1.00,CYCLE,S
IND,208,6592,59453,15/01/2019,04:18:20,15,0,29.7,1.1,12.7,12.5,2,1,1.00,CYCLE,S
IND,208,6592,59453,15/01/2019,04:22:07,15,0,24.5,1.1,227.6,227.4,2,1,1.00,CYCLE,S
IND,208,6592,59453,15/01/2019,04:26:29,15,0,24.8,1.1,261.8,261.7,2,1,1.00,CYCLE,S
IND,208,6592,59453,15/01/2019,04:27:02,15,0,24.3,1.1,32.4,32.2,2,1,1.00,CYCLE,S
IND,208,6592,59453,15/01/2019,04:27:44,15,0,23.7,1.0,42.3,42.2,2,1,1.00,CYCLE,S
IND,208,6592,59453,15/01/2019,04:29:23,15,0,22.9,1.0,98.7,98.5,2,1,1.00,CYCLE,S
IND,208,6592,59453,15/01/2019,04:30:03,15,0,18.2,1.0,40.7,40.5,2,1,1.00,CYCLE,S
IND,208,6592,59453,15/01/2019,04:31:16,15,0,26.9,1.0,72.6,72.4,2,1,1.00,CYCLE,S
IND,208,6592,59453,15/01/2019,04:33:58,15,0,28.0,1.0,162.3,162.2,2,1,1.00,CYCLE,S
IND,208,6592,59453,15/01/2019,04:34:29,15,0,20.3,1.2,30.5,30.4,2,1,1.00,CYCLE,S
IND,208,6592,59452,15/01/2019,04:34:53,15,1,22.7,1.0,1256.8,1256.6,2,1,1.00,CYCLE,N
IND,208,6592,59453,15/01/2019,04:36:26,15,0,19.3,1.1,117.6,117.4,2,1,1.00,CYCLE,S
IND,208,6592,59453,15/01/2019,04:40:22,15,0,31.2,1.0,236.0,235.8,2,1,1.00,CYCLE,S
IND,208,6592,59453,15/01/2019,04:40:37,15,0,33.6,1.0,14.5,14.4,2,1,1.00,CYCLE,S
IND,208,6592,59453,15/01/2019,04:41:03,15,0,20.5,1.0,26.2,26.1,2,1,1.00,CYCLE,S
IND,208,6592,59452,15/01/2019,04:41:08,15,1,28.5,1.0,375.5,375.3,2,1,1.00,CYCLE,N
IND,208,6592,59452,15/01/2019,04:41:10,15,1,17.0,1.1,1.7,1.6,2,1,1.00,CYCLE,N
IND,208,6592,59453,15/01/2019,04:44:22,15,0,28.6,1.0,199.6,199.4,2,1,1.00,CYCLE,S
IND,208,6592,59452,15/01/2019,04:44:50,15,1,20.5,1.1,175.6,175.4,2,1,1.00,CYCLE,N
IND,208,6592,59453,15/01/2019,04:45:08,15,0,28.8,1.0,45.1,45.0,2,1,1.00,CYCLE,S
IND,208,6592,59453,15/01/2019,04:45:10,15,0,30.0,1.0,1.9,1.8,2,1,1.00,CYCLE,S
IND,208,6592,59453,15/01/2019,04:47:41,15,0,24.7,1.1,151.4,151.3,2,1,1.00,CYCLE,S
IND,208,6592,59453,15/01/2019,04:48:59,15,0,22.7,1.1,77.6,77.4,2,1,1.00,CYCLE,S
IND,208,6592,59453,15/01/2019,04:50:42,15,0,29.3,1.0,103.9,103.7,2,1,1.00,CYCLE,S
IND,208,6592,59453,15/01/2019,04:51:40,15,0,24.2,1.0,57.6,57.5,2,1,1.00,CYCLE,S
IND,208,6592,59452,15/01/2019,04:52:52,15,1,22.4,1.1,481.8,481.6,2,1,1.00,CYCLE,N
IND,208,6592,59453,15/01/2019,04:53:37,15,0,23.0,1.0,116.5,116.4,2,1,1.00,CYCLE,S
IND,208,6592,59453,15/01/2019,04:55:18,15,0,26.5,1.0,101.1,101.0,2,1,1.00,CYCLE,S
IND,208,6592,59453,15/01/2019,04:56:29,15,0,29.3,1.0,70.9,70.7,2,1,1.00,CYCLE,S
IND,208,6592,59452,15/01/2019,04:57:52,15,1,9.4,1.0,300.1,300.0,2,1,1.00,CYCLE,N
IND,208,6592,59453,15/01/2019,04:59:56,15,0,28.7,1.0,207.7,207.6,2,1,1.00,CYCLE,S
IND,208,6592,59453,15/01/2019,05:00:10,15,0,23.8,1.0,13.7,13.6,2,1,1.00,CYCLE,S
IND,208,6592,59453,15/01/2019,05:00:43,15,0,28.1,1.1,32.7,32.5,2,1,1.00,CYCLE,S
IND,208,6592,59453,15/01/2019,05:01:12,15,0,21.7,1.0,29.5,29.4,2,1,1.00,CYCLE,S
IND,208,6592,59453,15/01/2019,05:01:42,15,0,21.7,1.1,30.0,29.8,2,1,1.00,CYCLE,S
IND,208,6592,59453,15/01/2019,05:02:09,15,0,19.9,1.1,26.8,26.6,2,1,1.00,CYCLE,S
IND,208,6592,59453,15/01/2019,05:02:15,15,0,22.3,1.1,6.4,6.2,2,1,1.00,CYCLE,S
IND,208,6592,59453,15/01/2019,05:03:29,15,0,25.0,1.1,73.3,73.2,2,1,1.00,CYCLE,S
IND,208,6592,59452,15/01/2019,05:05:08,15,1,27.0,1.1,436.1,435.6,2,1,1.00,CYCLE,N
IND,208,6592,59453,15/01/2019,05:05:17,15,0,25.6,1.1,108.8,108.6,2,1,1.00,CYCLE,S
IND,208,6592,59453,15/01/2019,05:05:28,15,0,25.0,1.0,10.5,10.3,2,1,1.00,CYCLE,S
IND,208,6592,59453,15/01/2019,05:07:14,15,0,30.8,1.0,106.4,106.3,2,1,1.00,CYCLE,S
IND,208,6592,59453,15/01/2019,05:07:41,15,0,28.7,1.0,27.0,26.9,2,1,1.00,CYCLE,S
IND,208,6592,59453,15/01/2019,05:08:15,15,0,24.4,1.1,33.3,33.2,2,1,1.00,CYCLE,S
IND,208,6592,59453,15/01/2019,05:10:24,15,0,19.1,1.1,129.8,129.7,2,1,1.00,CYCLE,S
IND,208,6592,59453,15/01/2019,05:12:32,15,0,24.4,1.1,127.2,127.0,2,1,1.00,CYCLE,S
IND,208,6592,59452,15/01/2019,05:13:21,15,1,30.8,1.0,492.8,492.7,2,1,1.00,CYCLE,N
IND,208,6592,59453,15/01/2019,05:14:32,15,0,30.1,1.0,120.1,119.9,2,1,1.00,CYCLE,S
IND,208,6592,59453,15/01/2019,05:14:34,15,0,33.8,1.0,2.2,2.1,2,1,1.00,CYCLE,S
IND,208,6592,59453,15/01/2019,05:14:43,15,0,26.3,1.0,8.8,8.7,2,1,1.00,CYCLE,S
IND,208,6592,59453,15/01/2019,05:14:45,15,0,23.2,1.1,2.2,2.1,2,1,1.00,CYCLE,S
IND,208,6592,59452,15/01/2019,05:15:10,15,1,26.4,1.0,109.4,109.3,2,1,1.00,CYCLE,N
IND,208,6592,59453,15/01/2019,05:15:17,15,0,24.9,1.1,31.9,31.7,2,1,1.00,CYCLE,S
IND,208,6592,59453,15/01/2019,05:16:37,15,0,25.1,1.1,79.9,79.8,2,1,1.00,CYCLE,S
IND,208,6592,59452,15/01/2019,05:16:40,15,1,25.0,1.0,89.7,89.6,2,1,1.00,CYCLE,N
IND,208,6592,59453,15/01/2019,05:17:50,15,0,28.5,1.0,73.3,73.1,2,1,1.00,CYCLE,S
IND,208,6592,59453,15/01/2019,05:19:17,15,0,29.3,1.0,86.5,86.4,2,1,1.00,CYCLE,S
IND,208,6592,59452,15/01/2019,05:19:30,15,1,19.2,1.1,169.6,169.5,2,1,1.00,CYCLE,N
IND,208,6592,59453,15/01/2019,05:20:34,15,0,25.4,1.0,77.6,77.4,2,1,1.00,CYCLE,S
IND,208,6592,59453,15/01/2019,05:21:32,15,0,32.1,1.0,58.2,58.1,2,1,1.00,CYCLE,S
IND,208,6592,59453,15/01/2019,05:22:04,15,0,34.5,1.1,31.8,31.7,2,1,1.00,CYCLE,S
IND,208,6592,59453,15/01/2019,05:22:04,15,0,33.4,1.0,0.2,0.1,2,1,1.00,CYCLE,S
IND,208,6592,59453,15/01/2019,05:22:07,15,0,34.4,1.0,2.4,2.3,2,1,1.00,CYCLE,S
IND,208,6592,59453,15/01/2019,05:22:29,15,0,25.4,1.1,22.5,22.4,2,1,1.00,CYCLE,S
IND,208,6592,59452,15/01/2019,05:22:48,15,1,26.4,1.1,198.5,198.3,2,1,1.00,CYCLE,N
IND,208,6592,59453,15/01/2019,05:23:04,15,0,21.1,1.0,35.1,34.9,2,1,1.00,CYCLE,S
IND,208,6592,59453,15/01/2019,05:23:28,15,0,24.2,1.1,24.0,23.8,2,1,1.00,CYCLE,S
IND,208,6592,59453,15/01/2019,05:23:54,15,0,26.6,1.0,25.4,25.2,2,1,1.00,CYCLE,S
IND,208,6592,59453,15/01/2019,05:24:49,15,0,30.9,1.0,55.6,55.5,2,1,1.00,CYCLE,S
IND,208,6592,59453,15/01/2019,05:25:52,15,0,22.4,1.0,63.1,62.9,2,1,1.00,CYCLE,S
IND,208,6592,59453,15/01/2019,05:26:03,15,0,18.7,1.0,10.9,10.7,2,1,1.00,CYCLE,S
IND,208,6592,59453,15/01/2019,05:26:06,15,0,27.5,1.1,2.2,2.0,2,1,1.00,CYCLE,S
IND,208,6592,59453,15/01/2019,05:26:09,15,0,29.6,1.0,3.5,3.4,2,1,1.00,CYCLE,S
IND,208,6592,59452,15/01/2019,05:27:03,15,1,21.9,1.0,254.4,254.3,2,1,1.00,CYCLE,N
IND,208,6592,59453,15/01/2019,05:27:13,15,0,26.1,1.0,63.9,63.8,2,1,1.00,CYCLE,S
IND,208,6592,59453,15/01/2019,05:27:29,15,0,23.8,1.1,16.1,16.0,2,1,1.00,CYCLE,S
IND,208,6592,59453,15/01/2019,05:28:06,15,0,27.3,1.1,37.2,37.0,2,1,1.00,CYCLE,S
IND,208,6592,59453,15/01/2019,05:28:12,15,0,24.5,1.1,6.0,5.8,2,1,1.00,CYCLE,S
IND,208,6592,59453,15/01/2019,05:28:40,15,0,33.5,1.0,27.3,27.2,2,1,0.57,CYCLE,S
IND,208,6592,59453,15/01/2019,05:28:41,15,0,23.3,1.0,1.0,0.8,2,1,1.00,CYCLE,S
IND,208,6592,59453,15/01/2019,05:28:41,15,0,30.1,1.0,0.5,0.3,2,1,1.00,CYCLE,S
IND,208,6592,59453,15/01/2019,05:28:42,15,0,27.6,1.0,1.4,1.3,2,1,1.00,CYCLE,S
IND,208,6592,59453,15/01/2019,05:28:45,15,0,29.1,1.0,3.0,2.9,2,1,1.00,CYCLE,S
IND,208,6592,59453,15/01/2019,05:28:58,15,0,20.3,1.0,12.9,12.8,2,1,1.00,CYCLE,S
IND,208,6592,59453,15/01/2019,05:29:20,15,0,21.7,1.1,21.2,21.0,2,1,1.00,CYCLE,S
IND,208,6592,59453,15/01/2019,05:30:27,15,0,27.3,1.0,67.6,67.5,2,1,1.00,CYCLE,S
IND,208,6592,59453,15/01/2019,05:31:00,15,0,36.7,1.0,32.6,32.5,2,1,1.00,CYCLE,S
IND,208,6592,59453,15/01/2019,05:31:00,15,0,30.2,1.0,0.3,0.2,2,1,1.00,CYCLE,S
IND,208,6592,59453,15/01/2019,05:31:03,15,0,30.1,1.0,3.0,2.9,2,1,1.00,CYCLE,S
IND,208,6592,59452,15/01/2019,05:31:48,15,1,29.3,1.1,285.2,285.0,2,1,1.00,CYCLE,N
IND,208,6592,59453,15/01/2019,05:31:56,15,0,30.3,1.0,52.9,52.8,2,1,1.00,CYCLE,S
IND,208,6592,59453,15/01/2019,05:31:58,15,0,29.6,1.0,1.6,1.5,2,1,1.00,CYCLE,S
IND,208,6592,59453,15/01/2019,05:32:00,15,0,30.3,1.0,2.1,2.0,2,1,1.00,CYCLE,S
IND,208,6592,59453,15/01/2019,05:32:01,15,0,30.7,1.0,1.2,1.1,2,1,1.00,CYCLE,S
IND,208,6592,59453,15/01/2019,05:32:04,15,0,27.9,1.1,2.8,2.7,2,1,1.00,CYCLE,S
IND,208,6592,59453,15/01/2019,05:32:08,15,0,21.5,1.1,4.1,4.0,2,1,1.00,CYCLE,S
IND,208,6592,59453,15/01/2019,05:32:37,15,0,28.3,1.0,29.4,29.3,2,1,1.00,CYCLE,S
IND,208,6592,59453,15/01/2019,05:32:37,15,0,28.3,1.0,0.0,0.0,2,1,1.00,CYCLE,S
IND,208,6592,59453,15/01/2019,05:32:39,15,0,32.7,1.0,1.7,1.5,2,1,1.00,CYCLE,S
IND,208,6592,59453,15/01/2019,05:32:42,15,0,34.4,1.0,2.5,2.4,2,1,1.00,CYCLE,S
IND,208,6592,59453,15/01/2019,05:32:58,15,0,27.5,1.0,16.0,15.8,2,1,1.00,CYCLE,S
IND,208,6592,59453,15/01/2019,05:33:36,15,0,26.8,1.0,38.5,38.4,2,1,1.00,CYCLE,S
IND,208,6592,59453,15/01/2019,05:33:41,15,0,23.7,1.1,4.8,4.6,2,1,1.00,CYCLE,S
IND,208,6592,59452,15/01/2019,05:34:13,15,1,27.6,1.0,145.7,145.6,2,1,1.00,CYCLE,N
IND,208,6592,59453,15/01/2019,05:34:16,15,0,21.2,1.0,35.3,35.1,2,1,1.00,CYCLE,S
IND,208,6592,59453,15/01/2019,05:34:53,15,0,23.3,1.0,36.5,36.3,2,1,1.00,CYCLE,S
IND,208,6592,59453,15/01/2019,05:34:53,15,0,22.9,1.0,0.4,0.2,2,1,1.00,CYCLE,S
IND,208,6592,59453,15/01/2019,05:34:53,15,0,23.0,1.0,0.5,0.3,2,1,1.00,CYCLE,S
IND,208,6592,59453,15/01/2019,05:35:01,15,0,17.0,1.1,7.4,7.2,2,1,1.00,CYCLE,S
IND,208,6592,59452,15/01/2019,05:35:04,15,1,23.3,1.0,50.8,50.7,2,1,1.00,CYCLE,N
IND,208,6592,59453,15/01/2019,05:35:23,15,0,31.1,1.0,22.1,21.9,2,1,1.00,CYCLE,S
IND,208,6592,59453,15/01/2019,05:35:25,15,0,29.1,1.1,2.2,2.1,2,1,1.00,CYCLE,S
IND,208,6592,59453,15/01/2019,05:35:29,15,0,27.5,1.1,4.2,4.0,2,1,1.00,CYCLE,S
IND,208,6592,59453,15/01/2019,05:36:41,15,0,23.9,1.1,71.2,71.0,2,1,1.00,CYCLE,S
IND,208,6592,59453,15/01/2019,05:37:03,15,0,25.4,1.0,22.6,22.5,2,1,1.00,CYCLE,S
IND,208,6592,59453,15/01/2019,05:37:25,15,0,22.6,1.1,21.5,21.3,2,1,1.00,CYCLE,S
IND,208,6592,59452,15/01/2019,05:38:26,15,1,25.8,1.1,179.3,178.9,2,1,1.00,CYCLE,N
IND,208,6592,59453,15/01/2019,05:38:47,15,0,5.7,1.0,82.8,82.6,2,1,0.50,CYCLE,S
IND,208,6592,59452,15/01/2019,05:38:47,15,1,5.7,1.0,0.0,0.0,2,1,0.50,CYCLE,N
IND,208,6592,59453,15/01/2019,05:39:01,15,0,26.4,1.1,13.6,12.5,2,1,1.00,CYCLE,S
IND,208,6592,59453,15/01/2019,05:39:04,15,0,27.9,1.1,3.4,3.3,2,1,1.00,CYCLE,S
IND,208,6592,59453,15/01/2019,05:39:11,15,0,19.4,1.1,7.0,6.8,2,1,1.00,CYCLE,S
IND,208,6592,59453,15/01/2019,05:39:14,15,0,34.5,1.0,3.2,3.0,2,1,1.00,CYCLE,S
IND,208,6592,59453,15/01/2019,05:39:15,15,0,30.7,1.0,0.5,0.4,2,1,1.00,CYCLE,S
IND,208,6592,59453,15/01/2019,05:39:29,15,0,27.2,1.1,13.9,13.8,2,1,1.00,CYCLE,S
IND,208,6592,59453,15/01/2019,05:39:50,15,0,29.4,1.1,21.3,21.1,2,1,1.00,CYCLE,S
IND,208,6592,59453,15/01/2019,05:39:51,15,0,31.8,1.0,1.1,0.9,2,1,1.00,CYCLE,S
IND,208,6592,59453,15/01/2019,05:39:52,15,0,36.1,1.0,1.1,1.0,2,1,1.00,CYCLE,S
IND,208,6592,59453,15/01/2019,05:40:00,15,0,32.3,1.0,7.4,7.3,2,1,1.00,CYCLE,S
IND,208,6592,59453,15/01/2019,05:40:00,15,0,29.4,1.0,0.2,0.1,2,1,1.00,CYCLE,S
IND,208,6592,59453,15/01/2019,05:40:02,15,0,27.2,1.0,2.4,2.3,2,1,1.00,CYCLE,S
IND,208,6592,59453,15/01/2019,05:40:02,15,0,27.2,1.0,0.0,0.0,2,1,1.00,CYCLE,S
IND,208,6592,59453,15/01/2019,05:40:03,15,0,31.6,1.0,0.6,0.4,2,1,1.00,CYCLE,S
IND,208,6592,59452,15/01/2019,05:40:17,15,1,27.1,1.0,110.3,110.1,2,1,1.00,CYCLE,N
IND,208,6592,59453,15/01/2019,05:40:24,15,0,26.5,1.0,21.3,21.2,2,1,1.00,CYCLE,S
IND,208,6592,59453,15/01/2019,05:40:34,15,0,26.3,1.0,10.2,10.1,2,1,1.00,CYCLE,S
IND,208,6592,59453,15/01/2019,05:40:35,15,0,26.8,1.0,0.7,0.6,2,1,1.00,CYCLE,S
IND,208,6592,59453,15/01/2019,05:42:36,15,0,28.1,1.0,121.0,120.9,2,1,1.00,CYCLE,S
IND,208,6592,59453,15/01/2019,05:42:46,15,0,30.5,1.0,10.3,10.2,2,1,1.00,CYCLE,S
IND,208,6592,59453,15/01/2019,05:42:48,15,0,36.3,1.0,1.4,1.2,2,1,1.00,CYCLE,S
IND,208,6592,59453,15/01/2019,05:43:48,15,0,31.2,1.0,59.8,59.7,2,1,1.00,CYCLE,S
IND,208,6592,59452,15/01/2019,05:43:52,15,1,28.0,1.1,215.2,215.1,2,1,1.00,CYCLE,N
IND,208,6592,59453,15/01/2019,05:43:53,15,0,28.2,1.1,5.8,5.7,2,1,1.00,CYCLE,S
IND,208,6592,59453,15/01/2019,05:44:02,15,0,24.6,1.1,8.3,8.2,2,1,1.00,CYCLE,S
IND,208,6592,59453,15/01/2019,05:44:17,15,0,25.5,1.0,9.5,9.4,2,1,1.00,CYCLE,S
IND,208,6592,59453,15/01/2019,05:44:29,15,0,25.7,1.0,12.3,12.1,2,1,1.00,CYCLE,S
IND,208,6592,59453,15/01/2019,05:44:29,15,0,12.7,1.0,0.4,0.3,2,1,0.29,CYCLE,S
IND,208,6592,59453,15/01/2019,05:44:37,15,0,21.0,1.0,7.9,7.4,2,1,1.00,CYCLE,S
IND,208,6592,59453,15/01/2019,05:44:43,15,0,26.8,1.0,6.2,6.0,2,1,1.00,CYCLE,S
IND,208,6592,59453,15/01/2019,05:44:46,15,0,24.2,1.1,2.1,2.0,2,1,1.00,CYCLE,S
IND,208,6592,59453,15/01/2019,05:44:55,15,0,19.1,1.1,9.6,9.4,2,1,1.00,CYCLE,S
IND,208,6592,59453,15/01/2019,05:45:05,15,0,27.4,1.0,9.4,9.2,2,1,0.67,CYCLE,S
IND,208,6592,59453,15/01/2019,05:45:13,15,0,31.1,1.0,8.6,8.0,2,1,1.00,CYCLE,S
IND,208,6592,59452,15/01/2019,05:45:22,15,1,28.4,1.0,90.0,89.9,2,1,1.00,CYCLE,N
IND,208,6592,59452,15/01/2019,05:45:24,15,1,20.6,1.1,1.8,1.7,2,1,1.00,CYCLE,N
IND,208,6592,59453,15/01/2019,05:45:40,15,0,26.5,1.0,27.1,27.0,2,1,1.00,CYCLE,S
IND,208,6592,59453,15/01/2019,05:46:03,15,0,27.4,1.1,22.2,22.0,2,1,1.00,CYCLE,S
IND,208,6592,59453,15/01/2019,05:46:05,15,0,29.8,1.0,2.6,2.4,2,1,1.00,CYCLE,S
IND,208,6592,59453,15/01/2019,05:46:28,15,0,31.8,1.0,22.7,22.6,2,1,1.00,CYCLE,S
IND,208,6592,59453,15/01/2019,05:46:32,15,0,26.9,1.0,4.4,4.2,2,1,1.00,CYCLE,S
IND,208,6592,59453,15/01/2019,05:46:34,15,0,25.3,1.1,1.9,1.7,2,1,1.00,CYCLE,S
IND,208,6592,59453,15/01/2019,05:46:38,15,0,23.6,1.1,3.6,3.4,2,1,1.00,CYCLE,S
IND,208,6592,59452,15/01/2019,05:47:13,15,1,26.0,1.0,109.4,109.2,2,1,1.00,CYCLE,N
IND,208,6592,59453,15/01/2019,05:48:01,15,0,26.4,1.0,83.1,83.0,2,1,1.00,CYCLE,S
IND,208,6592,59453,15/01/2019,05:48:21,15,0,25.6,1.1,20.2,20.1,2,1,1.00,CYCLE,S
IND,208,6592,59453,15/01/2019,05:48:26,15,0,25.2,1.0,5.3,5.1,2,1,1.00,CYCLE,S
IND,208,6592,59453,15/01/2019,05:48:33,15,0,17.2,1.1,6.3,6.2,2,1,1.00,CYCLE,S
IND,208,6592,59453,15/01/2019,05:49:03,15,0,35.6,1.0,30.2,30.0,2,1,1.00,CYCLE,S
IND,208,6592,59452,15/01/2019,05:49:04,15,1,28.5,1.1,110.9,110.8,2,1,1.00,CYCLE,N
IND,208,6592,59453,15/01/2019,05:49:04,15,0,29.8,1.0,1.6,1.4,2,1,1.00,CYCLE,S
IND,208,6592,59453,15/01/2019,05:49:15,15,0,29.9,1.0,10.9,10.8,2,1,1.00,CYCLE,S
IND,208,6592,59453,15/01/2019,05:49:37,15,0,27.0,1.0,22.3,22.1,2,1,1.00,CYCLE,S
IND,208,6592,59453,15/01/2019,05:49:49,15,0,29.2,1.1,11.2,11.1,2,1,1.00,CYCLE,S
IND,208,6592,59453,15/01/2019,05:50:05,15,0,25.6,1.0,16.2,16.1,2,1,1.00,CYCLE,S
IND,208,6592,59453,15/01/2019,05:50:10,15,0,33.1,1.1,5.0,4.9,2,1,1.00,CYCLE,S
IND,208,6592,59453,15/01/2019,05:50:20,15,0,29.6,1.0,10.3,10.1,2,1,1.00,CYCLE,S
IND,208,6592,59453,15/01/2019,05:50:29,15,0,22.5,1.0,8.9,8.7,2,1,1.00,CYCLE,S
IND,208,6592,59453,15/01/2019,05:50:30,15,0,22.6,1.0,1.3,1.1,2,1,1.00,CYCLE,S
IND,208,6592,59453,15/01/2019,05:51:03,15,0,23.7,1.0,32.8,32.6,2,1,1.00,CYCLE,S
IND,208,6592,59453,15/01/2019,05:51:07,15,0,28.4,1.0,3.9,3.7,2,1,1.00,CYCLE,S
IND,208,6592,59453,15/01/2019,05:51:24,15,0,22.9,1.1,16.7,16.6,2,1,1.00,CYCLE,S
IND,208,6592,59453,15/01/2019,05:51:25,15,0,24.7,1.1,1.1,0.9,2,1,1.00,CYCLE,S
IND,208,6592,59453,15/01/2019,05:52:01,15,0,26.4,1.0,36.1,35.9,2,1,1.00,CYCLE,S
IND,208,6592,59452,15/01/2019,05:52:01,15,1,23.4,1.0,177.3,177.2,2,1,1.00,CYCLE,N
IND,208,6592,59453,15/01/2019,05:52:14,15,0,30.0,1.0,13.0,12.9,2,1,1.00,CYCLE,S
IND,208,6592,59453,15/01/2019,05:52:17,15,0,26.6,1.0,3.5,3.4,2,1,1.00,CYCLE,S
IND,208,6592,59453,15/01/2019,05:52:19,15,0,26.2,1.0,1.6,1.4,2,1,1.00,CYCLE,S
IND,208,6592,59453,15/01/2019,05:52:20,15,0,27.9,1.0,1.2,1.1,2,1,1.00,CYCLE,S
IND,208,6592,59453,15/01/2019,05:52:22,15,0,25.1,1.1,2.1,2.0,2,1,1.00,CYCLE,S
IND,208,6592,59453,15/01/2019,05:52:25,15,0,24.1,1.0,3.0,2.8,2,1,1.00,CYCLE,S
IND,208,6592,59453,15/01/2019,05:52:56,15,0,30.9,1.0,31.2,31.0,2,1,1.00,CYCLE,S
IND,208,6592,59453,15/01/2019,05:52:57,15,0,31.5,1.0,0.4,0.3,2,1,1.00,CYCLE,S
IND,208,6592,59453,15/01/2019,05:53:17,15,0,28.4,1.0,20.7,20.6,2,1,1.00,CYCLE,S
IND,208,6592,59453,15/01/2019,05:53:20,15,0,24.3,1.1,2.1,2.0,2,1,1.00,CYCLE,S
IND,208,6592,59453,15/01/2019,05:53:33,15,0,28.5,1.1,13.4,13.2,2,1,1.00,CYCLE,S
IND,208,6592,59452,15/01/2019,05:53:57,15,1,29.5,1.1,115.6,115.4,2,1,1.00,CYCLE,N
IND,208,6592,59453,15/01/2019,05:54:06,15,0,31.6,1.0,33.5,33.4,2,1,1.00,CYCLE,S
IND,208,6592,59453,15/01/2019,05:54:14,15,0,28.8,1.0,7.2,7.1,2,1,1.00,CYCLE,S
IND,208,6592,59453,15/01/2019,05:54:20,15,0,27.1,1.0,6.0,5.9,2,1,1.00,CYCLE,S
IND,208,6592,59452,15/01/2019,05:54:42,15,1,26.2,1.1,45.5,45.4,2,1,1.00,CYCLE,N
IND,208,6592,59453,15/01/2019,05:55:09,15,0,33.5,1.0,49.7,49.6,2,1,1.00,CYCLE,S
IND,208,6592,59453,15/01/2019,05:55:10,15,0,27.9,1.0,0.4,0.3,2,1,1.00,CYCLE,S
IND,208,6592,59453,15/01/2019,05:55:36,15,0,27.3,1.0,26.6,26.4,2,1,1.00,CYCLE,S
IND,208,6592,59452,15/01/2019,05:55:59,15,1,23.5,1.0,77.0,76.9,2,1,1.00,CYCLE,N
IND,208,6592,59453,15/01/2019,05:56:07,15,0,29.4,1.1,30.4,30.3,2,1,1.00,CYCLE,S
IND,208,6592,59453,15/01/2019,05:56:07,15,0,29.4,1.0,0.4,0.3,2,1,1.00,CYCLE,S
IND,208,6592,59452,15/01/2019,05:56:08,15,1,21.2,1.1,9.2,9.0,2,1,1.00,CYCLE,N
IND,208,6592,59453,15/01/2019,05:56:09,15,0,26.8,1.0,1.7,1.6,2,1,1.00,CYCLE,S
IND,208,6592,59453,15/01/2019,05:56:12,15,0,25.5,1.0,3.3,3.1,2,1,1.00,CYCLE,S
IND,208,6592,59453,15/01/2019,05:56:16,15,0,25.3,1.0,4.2,4.1,2,1,1.00,CYCLE,S
IND,208,6592,59453,15/01/2019,05:56:52,15,0,22.9,1.1,36.0,35.8,2,1,1.00,CYCLE,S
IND,208,6592,59453,15/01/2019,05:56:54,15,0,32.6,1.0,2.1,1.9,2,1,1.00,CYCLE,S
IND,208,6592,59453,15/01/2019,05:56:55,15,0,30.7,1.0,0.8,0.7,2,1,1.00,CYCLE,S
IND,208,6592,59452,15/01/2019,05:57:35,15,1,27.8,1.1,86.7,86.5,2,1,1.00,CYCLE,N
IND,208,6592,59453,15/01/2019,05:57:49,15,0,26.1,1.1,54.0,53.9,2,1,1.00,CYCLE,S
IND,208,6592,59453,15/01/2019,05:58:05,15,0,34.8,1.0,16.0,15.9,2,1,1.00,CYCLE,S
IND,208,6592,59453,15/01/2019,05:58:11,15,0,25.2,1.1,6.1,6.0,2,1,1.00,CYCLE,S
IND,208,6592,59453,15/01/2019,05:58:14,15,0,25.2,1.0,2.8,2.6,2,1,1.00,CYCLE,S
IND,208,6592,59453,15/01/2019,05:59:10,15,0,29.7,1.0,56.0,55.9,2,1,1.00,CYCLE,S
IND,208,6592,59453,15/01/2019,05:59:13,15,0,24.9,1.1,3.1,3.0,2,1,1.00,CYCLE,S
IND,208,6592,59453,15/01/2019,05:59:18,15,0,25.0,1.0,4.4,4.3,2,1,1.00,CYCLE,S
IND,208,6592,59453,15/01/2019,05:59:36,15,0,23.9,1.1,18.4,18.2,2,1,1.00,CYCLE,S
IND,208,6592,59453,15/01/2019,05:59:46,15,0,21.6,1.1,9.9,9.7,2,1,1.00,CYCLE,S
IND,208,6592,59453,15/01/2019,06:00:25,15,0,27.5,1.0,39.3,39.1,2,1,1.00,CYCLE,S
IND,208,6592,59453,15/01/2019,06:00:26,15,0,29.8,1.1,0.7,0.6,2,1,1.00,CYCLE,S
IND,208,6592,59453,15/01/2019,06:00:30,15,0,23.1,1.0,4.1,3.9,2,1,1.00,CYCLE,S
IND,208,6592,59453,15/01/2019,06:00:36,15,0,29.6,1.0,5.6,5.4,2,1,1.00,CYCLE,S
IND,208,6592,59453,15/01/2019,06:00:56,15,0,36.3,1.0,20.5,20.4,2,1,1.00,CYCLE,S
IND,208,6592,59453,15/01/2019,06:00:58,15,0,27.0,1.0,1.6,1.5,2,1,1.00,CYCLE,S
IND,208,6592,59453,15/01/2019,06:00:58,15,0,35.7,1.1,0.4,0.3,2,1,1.00,CYCLE,S
IND,208,6592,59452,15/01/2019,06:00:58,15,1,1.9,0.5,203.3,203.8,2,1,0.80,CYCLE,N
IND,208,6592,59452,15/01/2019,06:01:14,15,1,29.5,1.0,15.4,14.6,2,1,1.00,CYCLE,N
IND,208,6592,59452,15/01/2019,06:01:15,15,1,30.4,1.0,1.0,0.8,2,1,1.00,CYCLE,N
IND,208,6592,59453,15/01/2019,06:01:19,15,0,28.4,1.0,20.4,20.3,2,1,1.00,CYCLE,S
IND,208,6592,59453,15/01/2019,06:01:39,15,0,29.2,1.0,20.5,20.4,2,1,1.00,CYCLE,S
IND,208,6592,59453,15/01/2019,06:01:41,15,0,22.8,1.1,2.0,1.9,2,1,1.00,CYCLE,S
IND,208,6592,59453,15/01/2019,06:01:42,15,0,28.5,1.0,0.7,0.5,2,1,1.00,CYCLE,S
IND,208,6592,59453,15/01/2019,06:01:46,15,0,30.3,1.0,3.8,3.7,2,1,1.00,CYCLE,S
IND,208,6592,59453,15/01/2019,06:02:05,15,0,33.9,1.0,19.1,19.0,2,1,1.00,CYCLE,S
IND,208,6592,59453,15/01/2019,06:02:06,15,0,33.0,1.0,0.9,0.8,2,1,1.00,CYCLE,S
IND,208,6592,59453,15/01/2019,06:02:08,15,0,31.9,1.0,2.1,2.0,2,1,1.00,CYCLE,S
IND,208,6592,59453,15/01/2019,06:02:10,15,0,26.6,1.0,2.1,2.0,2,1,1.00,CYCLE,S
IND,208,6592,59453,15/01/2019,06:02:12,15,0,29.0,1.1,2.1,1.9,2,1,1.00,CYCLE,S
IND,208,6592,59453,15/01/2019,06:02:14,15,0,21.4,1.0,1.9,2.2,2,1,0.80,CYCLE,S
IND,208,6592,59453,15/01/2019,06:02:23,15,0,23.4,1.0,9.4,8.8,2,1,1.00,CYCLE,S
IND,208,6592,59453,15/01/2019,06:02:48,15,0,24.1,1.1,25.2,25.1,2,1,1.00,CYCLE,S
IND,208,6592,59453,15/01/2019,06:02:49,15,0,23.3,1.0,0.8,0.6,2,1,1.00,CYCLE,S
IND,208,6592,59453,15/01/2019,06:03:18,15,0,22.9,1.1,28.5,28.3,2,1,1.00,CYCLE,S
IND,208,6592,59452,15/01/2019,06:03:22,15,1,27.8,1.0,127.2,127.1,2,1,1.00,CYCLE,N
IND,208,6592,59453,15/01/2019,06:03:23,15,0,24.0,1.1,5.4,5.2,2,1,1.00,CYCLE,S
IND,208,6592,59453,15/01/2019,06:03:32,15,0,30.8,1.0,8.6,8.4,2,1,1.00,CYCLE,S
IND,208,6592,59453,15/01/2019,06:03:33,15,0,30.9,1.0,1.5,1.4,2,1,1.00,CYCLE,S
IND,208,6592,59453,15/01/2019,06:04:11,15,0,25.5,1.1,37.3,37.1,2,1,1.00,CYCLE,S
IND,208,6592,59453,15/01/2019,06:04:13,15,0,24.7,1.0,2.7,2.5,2,1,1.00,CYCLE,S
IND,208,6592,59453,15/01/2019,06:04:16,15,0,21.5,1.0,2.5,2.3,2,1,1.00,CYCLE,S
IND,208,6592,59453,15/01/2019,06:04:17,15,0,23.2,1.0,1.0,0.8,2,1,1.00,CYCLE,S
IND,208,6592,59453,15/01/2019,06:04:17,15,0,26.0,1.1,0.8,0.6,2,1,1.00,CYCLE,S
IND,208,6592,59453,15/01/2019,06:04:20,15,0,23.7,1.0,2.2,2.1,2,1,1.00,CYCLE,S
IND,208,6592,59453,15/01/2019,06:04:27,15,0,24.3,1.1,7.2,7.1,2,1,1.00,CYCLE,S
IND,208,6592,59453,15/01/2019,06:04:52,15,0,28.5,1.0,25.5,25.4,2,1,1.00,CYCLE,S
IND,208,6592,59452,15/01/2019,06:04:57,15,1,25.3,1.0,94.7,94.6,2,1,1.00,CYCLE,N
IND,208,6592,59452,15/01/2019,06:05:02,15,1,21.8,1.0,5.1,4.9,2,1,1.00,CYCLE,N
IND,208,6592,59453,15/01/2019,06:05:28,15,0,24.9,1.0,36.1,35.9,2,1,1.00,CYCLE,S
IND,208,6592,59453,15/01/2019,06:06:03,15,0,31.7,1.0,34.8,34.7,2,1,1.00,CYCLE,S
IND,208,6592,59453,15/01/2019,06:06:07,15,0,30.9,1.0,3.5,3.4,2,1,1.00,CYCLE,S
IND,208,6592,59453,15/01/2019,06:06:10,15,0,30.0,1.0,3.4,3.3,2,1,1.00,CYCLE,S
IND,208,6592,59453,15/01/2019,06:06:11,15,0,27.3,1.0,1.2,1.1,2,1,0.75,CYCLE,S
IND,208,6592,59453,15/01/2019,06:06:12,15,0,25.0,1.0,1.0,0.8,2,1,1.00,CYCLE,S
IND,208,6592,59453,15/01/2019,06:06:17,15,0,25.0,1.1,4.2,4.1,2,1,1.00,CYCLE,S
IND,208,6592,59453,15/01/2019,06:06:47,15,0,27.4,1.0,30.6,30.5,2,1,1.00,CYCLE,S
IND,208,6592,59453,15/01/2019,06:06:49,15,0,28.3,1.0,2.2,2.1,2,1,1.00,CYCLE,S
IND,208,6592,59453,15/01/2019,06:06:50,15,0,25.0,1.0,0.8,0.7,2,1,1.00,CYCLE,S
IND,208,6592,59453,15/01/2019,06:06:53,15,0,29.0,1.0,3.1,3.0,2,1,1.00,CYCLE,S
IND,208,6592,59453,15/01/2019,06:06:55,15,0,26.9,1.0,1.3,1.1,2,1,1.00,CYCLE,S
IND,208,6592,59453,15/01/2019,06:06:55,15,0,21.9,1.0,0.2,0.1,2,1,0.73,CYCLE,S
IND,208,6592,59453,15/01/2019,06:06:57,15,0,28.9,1.0,1.6,0.8,2,1,1.00,CYCLE,S
IND,208,6592,59453,15/01/2019,06:07:24,15,0,29.0,1.1,12.9,12.8,2,1,1.00,CYCLE,S
IND,208,6592,59453,15/01/2019,06:07:27,15,0,28.7,1.0,2.7,2.5,2,1,1.00,CYCLE,S
IND,208,6592,59453,15/01/2019,06:07:28,15,0,28.0,1.1,1.0,0.8,2,1,1.00,CYCLE,S
IND,208,6592,59453,15/01/2019,06:07:29,15,0,23.7,1.1,1.1,0.9,2,1,1.00,CYCLE,S
IND,208,6592,59453,15/01/2019,06:07:34,15,0,24.5,1.1,4.6,4.5,2,1,1.00,CYCLE,S
IND,208,6592,59453,15/01/2019,06:08:11,15,0,26.8,1.1,37.6,37.4,2,1,1.00,CYCLE,S
IND,208,6592,59453,15/01/2019,06:08:13,15,0,25.9,1.1,2.1,2.0,2,1,1.00,CYCLE,S
IND,208,6592,59453,15/01/2019,06:08:17,15,0,22.5,1.1,4.1,3.9,2,1,1.00,CYCLE,S
IND,208,6592,59453,15/01/2019,06:08:18,15,0,22.9,1.0,0.4,0.2,2,1,1.00,CYCLE,S
IND,208,6592,59453,15/01/2019,06:08:22,15,0,22.5,1.1,4.2,4.0,2,1,1.00,CYCLE,S
IND,208,6592,59453,15/01/2019,06:08:39,15,0,31.8,1.0,16.9,16.7,2,1,1.00,CYCLE,S
IND,208,6592,59453,15/01/2019,06:08:45,15,0,30.4,1.0,5.9,5.8,2,1,1.00,CYCLE,S
IND,208,6592,59453,15/01/2019,06:08:48,15,0,27.1,1.1,2.9,2.8,2,1,1.00,CYCLE,S
IND,208,6592,59453,15/01/2019,06:08:50,15,0,23.4,1.0,2.8,2.6,2,1,1.00,CYCLE,S
IND,208,6592,59453,15/01/2019,06:09:23,15,0,27.2,1.0,32.7,32.6,2,1,0.80,CYCLE,S
IND,208,6592,59453,15/01/2019,06:09:28,15,0,29.3,1.0,4.9,4.7,2,1,1.00,CYCLE,S
IND,208,6592,59453,15/01/2019,06:09:33,15,0,22.8,1.1,5.1,5.0,2,1,1.00,CYCLE,S
IND,208,6592,59453,15/01/2019,06:09:43,15,0,24.0,1.0,10.2,10.0,2,1,1.00,CYCLE,S
IND,208,6592,59453,15/01/2019,06:10:03,15,0,28.1,1.1,19.9,19.7,2,1,1.00,CYCLE,S
IND,208,6592,59452,15/01/2019,06:10:10,15,1,28.1,1.0,308.6,308.4,2,1,1.00,CYCLE,N
IND,208,6592,59453,15/01/2019,06:10:11,15,0,26.7,1.0,7.8,7.6,2,1,1.00,CYCLE,S
IND,208,6592,59453,15/01/2019,06:10:12,15,0,25.5,1.0,1.0,0.8,2,1,1.00,CYCLE,S
IND,208,6592,59453,15/01/2019,06:10:13,15,0,24.5,1.1,0.9,0.8,2,1,1.00,CYCLE,S
IND,208,6592,59453,15/01/2019,06:10:15,15,0,26.2,1.0,2.3,2.1,2,1,1.00,CYCLE,S
IND,208,6592,59453,15/01/2019,06:10:24,15,0,20.8,1.1,9.0,8.9,2,1,1.00,CYCLE,S
IND,208,6592,59453,15/01/2019,06:10:27,15,0,25.7,1.2,2.4,2.2,2,1,1.00,CYCLE,S
IND,208,6592,59452,15/01/2019,06:10:42,15,1,23.5,1.1,31.8,31.7,2,1,1.00,CYCLE,N
IND,208,6592,59453,15/01/2019,06:10:59,15,0,30.4,1.1,32.5,32.4,2,1,1.00,CYCLE,S
IND,208,6592,59453,15/01/2019,06:11:15,15,0,27.2,1.0,15.5,15.3,2,1,1.00,CYCLE,S
IND,208,6592,59453,15/01/2019,06:11:19,15,0,26.2,1.1,4.6,4.5,2,1,1.00,CYCLE,S
IND,208,6592,59453,15/01/2019,06:11:22,15,0,32.8,1.0,3.0,2.9,2,1,1.00,CYCLE,S
IND,208,6592,59453,15/01/2019,06:11:26,15,0,24.2,1.0,3.9,3.8,2,1,1.00,CYCLE,S
IND,208,6592,59453,15/01/2019,06:12:06,15,0,26.4,1.0,39.6,39.4,2,1,1.00,CYCLE,S
IND,208,6592,59453,15/01/2019,06:12:08,15,0,28.0,1.0,1.8,1.7,2,1,1.00,CYCLE,S
IND,208,6592,59453,15/01/2019,06:12:11,15,0,22.5,1.1,3.9,3.8,2,1,1.00,CYCLE,S
IND,208,6592,59453,15/01/2019,06:12:16,15,0,20.2,1.1,4.1,3.9,2,1,1.00,CYCLE,S
IND,208,6592,59453,15/01/2019,06:12:17,15,0,20.3,1.0,1.8,1.6,2,1,1.00,CYCLE,S
IND,208,6592,59453,15/01/2019,06:12:20,15,0,19.5,1.1,2.5,2.3,2,1,1.00,CYCLE,S
IND,208,6592,59452,15/01/2019,06:12:36,15,1,29.3,1.0,113.4,113.3,2,1,1.00,CYCLE,N
IND,208,6592,59452,15/01/2019,06:12:37,15,1,27.5,1.0,1.5,1.3,2,1,1.00,CYCLE,N
IND,208,6592,59453,15/01/2019,06:12:48,15,0,21.6,1.0,28.2,28.0,2,1,1.00,CYCLE,S
IND,208,6592,59453,15/01/2019,06:12:53,15,0,22.7,1.0,5.5,5.3,2,1,1.00,CYCLE,S
IND,208,6592,59453,15/01/2019,06:13:09,15,0,28.6,1.0,15.8,15.6,2,1,1.00,CYCLE,S
IND,208,6592,59453,15/01/2019,06:13:29,15,0,26.3,1.0,19.5,19.3,2,1,1.00,CYCLE,S
IND,208,6592,59452,15/01/2019,06:13:47,15,1,27.7,1.0,69.4,69.2,2,1,1.00,CYCLE,N
IND,208,6592,59452,15/01/2019,06:13:52,15,1,32.0,1.1,5.8,5.6,2,1,1.00,CYCLE,N
IND,208,6592,59453,15/01/2019,06:14:02,15,0,30.7,1.0,32.9,32.7,2,1,1.00,CYCLE,S
IND,208,6592,59453,15/01/2019,06:14:10,15,0,23.7,1.0,8.5,8.4,2,1,1.00,CYCLE,S
IND,208,6592,59453,15/01/2019,06:14:11,15,0,24.6,1.0,1.1,1.0,2,1,1.00,CYCLE,S
IND,208,6592,59453,15/01/2019,06:14:11,15,0,24.6,1.0,0.0,0.0,2,1,1.00,CYCLE,S
IND,208,6592,59453,15/01/2019,06:14:16,15,0,21.5,1.1,4.5,4.1,2,1,1.00,CYCLE,S
IND,208,6592,59453,15/01/2019,06:14:45,15,0,31.6,1.0,29.7,29.5,2,1,1.00,CYCLE,S
IND,208,6592,59453,15/01/2019,06:14:51,15,0,32.4,1.0,5.4,5.2,2,1,1.00,CYCLE,S
IND,208,6592,59453,15/01/2019,06:14:51,15,0,33.9,1.0,0.5,0.4,2,1,1.00,CYCLE,S
IND,208,6592,59453,15/01/2019,06:14:53,15,0,19.8,1.1,1.7,1.6,2,1,1.00,CYCLE,S
IND,208,6592,59453,15/01/2019,06:15:01,15,0,31.5,1.0,7.8,7.6,2,1,1.00,CYCLE,S
IND,208,6592,59453,15/01/2019,06:15:02,15,0,27.1,1.0,1.0,0.9,2,1,1.00,CYCLE,S
IND,208,6592,59453,15/01/2019,06:15:07,15,0,28.1,1.1,4.9,4.7,2,1,1.00,CYCLE,S
IND,208,6592,59453,15/01/2019,06:15:08,15,0,31.3,1.1,1.0,0.9,2,1,1.00,CYCLE,S
IND,208,6592,59453,15/01/2019,06:15:13,15,0,26.2,1.0,5.3,5.2,2,1,1.00,CYCLE,S
IND,208,6592,59453,15/01/2019,06:15:14,15,0,32.2,1.0,0.9,0.7,2,1,1.00,CYCLE,S
IND,208,6592,59453,15/01/2019,06:15:16,15,0,24.5,1.0,2.6,2.4,2,1,1.00,CYCLE,S
IND,208,6592,59453,15/01/2019,06:15:17,15,0,24.3,1.1,0.3,0.2,2,1,1.00,CYCLE,S
IND,208,6592,59453,15/01/2019,06:15:36,15,0,31.2,1.0,19.1,19.0,2,1,1.00,CYCLE,S
IND,208,6592,59453,15/01/2019,06:15:36,15,0,30.7,1.1,0.2,0.1,2,1,1.00,CYCLE,S
IND,208,6592,59452,15/01/2019,06:15:44,15,1,21.8,1.0,111.4,111.3,2,1,1.00,CYCLE,N
IND,208,6592,59453,15/01/2019,06:15:50,15,0,27.4,1.0,14.3,14.2,2,1,1.00,CYCLE,S
IND,208,6592,59453,15/01/2019,06:16:03,15,0,28.0,1.0,13.0,12.9,2,1,1.00,CYCLE,S
IND,208,6592,59453,15/01/2019,06:16:07,15,0,24.3,1.0,3.4,3.3,2,1,1.00,CYCLE,S
IND,208,6592,59453,15/01/2019,06:16:08,15,0,26.6,1.0,1.5,1.3,2,1,1.00,CYCLE,S
IND,208,6592,59453,15/01/2019,06:16:39,15,0,27.7,1.1,31.0,30.9,2,1,1.00,CYCLE,S
IND,208,6592,59453,15/01/2019,06:16:48,15,0,19.9,1.1,8.5,8.4,2,1,1.00,CYCLE,S
IND,208,6592,59453,15/01/2019,06:16:50,15,0,20.5,1.0,1.8,1.6,2,1,1.00,CYCLE,S
IND,208,6592,59453,15/01/2019,06:16:54,15,0,26.6,1.0,4.6,4.4,2,1,1.00,CYCLE,S
IND,208,6592,59453,15/01/2019,06:17:10,15,0,30.8,1.0,16.1,16.0,2,1,1.00,CYCLE,S
IND,208,6592,59453,15/01/2019,06:17:41,15,0,23.2,1.0,30.5,30.4,2,1,1.00,CYCLE,S
IND,208,6592,59453,15/01/2019,06:17:59,15,0,25.5,1.0,18.6,18.4,2,1,1.00,CYCLE,S
IND,208,6592,59453,15/01/2019,06:18:00,15,0,26.2,1.0,0.7,0.5,2,1,1.00,CYCLE,S
IND,208,6592,59453,15/01/2019,06:18:01,15,0,25.5,1.0,0.4,0.3,2,1,1.00,CYCLE,S
IND,208,6592,59453,15/01/2019,06:18:01,15,0,25.5,1.0,0.0,0.0,2,1,1.00,CYCLE,S
IND,208,6592,59453,15/01/2019,06:18:03,15,0,25.0,1.0,2.2,1.8,2,1,1.00,CYCLE,S
IND,208,6592,59453,15/01/2019,06:18:04,15,0,25.5,1.0,1.1,1.0,2,1,1.00,CYCLE,S
IND,208,6592,59453,15/01/2019,06:18:05,15,0,20.5,1.1,0.7,0.5,2,1,1.00,CYCLE,S
IND,208,6592,59453,15/01/2019,06:18:09,15,0,24.3,1.0,4.5,4.3,2,1,1.00,CYCLE,S
IND,208,6592,59453,15/01/2019,06:18:10,15,0,23.8,1.1,0.6,0.4,2,1,1.00,CYCLE,S
IND,208,6592,59453,15/01/2019,06:18:29,15,0,27.2,1.0,18.9,18.7,2,1,1.00,CYCLE,S
IND,208,6592,59453,15/01/2019,06:18:33,15,0,25.5,1.1,4.4,4.3,2,1,1.00,CYCLE,S
IND,208,6592,59453,15/01/2019,06:18:47,15,0,17.9,1.1,14.1,13.9,2,1,1.00,CYCLE,S
IND,208,6592,59452,15/01/2019,06:18:49,15,1,30.1,1.0,185.3,185.1,2,1,1.00,CYCLE,N
IND,208,6592,59453,15/01/2019,06:18:51,15,0,30.8,1.0,3.8,3.5,2,1,1.00,CYCLE,S
IND,208,6592,59453,15/01/2019,06:18:54,15,0,30.1,1.1,2.9,2.8,2,1,1.00,CYCLE,S
IND,208,6592,59453,15/01/2019,06:19:02,15,0,32.1,1.0,8.4,8.2,2,1,1.00,CYCLE,S
IND,208,6592,59453,15/01/2019,06:19:06,15,0,27.8,1.0,4.1,4.0,2,1,1.00,CYCLE,S
IND,208,6592,59453,15/01/2019,06:19:09,15,0,32.9,1.0,2.4,2.3,2,1,0.67,CYCLE,S
IND,208,6592,59453,15/01/2019,06:19:19,15,0,22.4,1.1,10.4,10.1,2,1,1.00,CYCLE,S
IND,208,6592,59453,15/01/2019,06:19:25,15,0,24.4,1.1,6.5,6.4,2,1,1.00,CYCLE,S
IND,208,6592,59453,15/01/2019,06:19:46,15,0,24.4,1.0,20.4,20.2,2,1,1.00,CYCLE,S
IND,208,6592,59453,15/01/2019,06:19:49,15,0,26.6,1.0,3.3,3.1,2,1,1.00,CYCLE,S
IND,208,6592,59453,15/01/2019,06:19:58,15,0,20.3,1.0,9.2,9.1,2,1,1.00,CYCLE,S
IND,208,6592,59452,15/01/2019,06:20:30,15,1,22.7,1.0,101.1,101.0,2,1,1.00,CYCLE,N
IND,208,6592,59452,15/01/2019,06:20:47,15,1,26.4,1.0,17.0,16.8,2,1,1.00,CYCLE,N
IND,208,6592,59453,15/01/2019,06:21:03,15,0,26.1,1.0,64.2,64.0,2,1,1.00,CYCLE,S
IND,208,6592,59453,15/01/2019,06:21:24,15,0,28.9,1.0,21.1,21.0,2,1,1.00,CYCLE,S
IND,208,6592,59453,15/01/2019,06:21:37,15,0,29.7,1.0,13.6,13.4,2,1,1.00,CYCLE,S
IND,208,6592,59453,15/01/2019,06:21:41,15,0,31.7,1.0,3.6,3.5,2,1,1.00,CYCLE,S
IND,208,6592,59453,15/01/2019,06:21:41,15,0,31.7,1.0,0.4,0.3,2,1,1.00,CYCLE,S
IND,208,6592,59453,15/01/2019,06:21:43,15,0,24.1,1.1,1.4,1.3,2,1,1.00,CYCLE,S
IND,208,6592,59453,15/01/2019,06:21:46,15,0,24.6,1.1,3.1,2.9,2,1,1.00,CYCLE,S
IND,208,6592,59453,15/01/2019,06:21:48,15,0,25.1,1.1,2.4,2.2,2,1,1.00,CYCLE,S
IND,208,6592,59453,15/01/2019,06:22:04,15,0,32.6,1.0,15.4,15.3,2,1,1.00,CYCLE,S
IND,208,6592,59453,15/01/2019,06:22:12,15,0,25.2,1.1,7.9,7.8,2,1,1.00,CYCLE,S
IND,208,6592,59453,15/01/2019,06:22:13,15,0,33.8,1.0,1.3,1.1,2,1,1.00,CYCLE,S
IND,208,6592,59453,15/01/2019,06:22:14,15,0,24.9,1.1,1.5,1.4,2,1,1.00,CYCLE,S
IND,208,6592,59453,15/01/2019,06:22:15,15,0,30.0,1.0,0.7,0.6,2,1,1.00,CYCLE,S
IND,208,6592,59453,15/01/2019,06:22:16,15,0,23.7,1.0,1.2,1.1,2,1,1.00,CYCLE,S
IND,208,6592,59453,15/01/2019,06:22:30,15,0,31.3,1.0,14.1,13.9,2,1,1.00,CYCLE,S
IND,208,6592,59452,15/01/2019,06:22:36,15,1,21.3,1.1,108.5,108.3,2,1,1.00,CYCLE,N
IND,208,6592,59452,15/01/2019,06:22:37,15,1,20.3,1.0,1.0,0.8,2,1,1.00,CYCLE,N
IND,208,6592,59453,15/01/2019,06:22:52,15,0,28.7,1.1,21.4,21.3,2,1,1.00,CYCLE,S
IND,208,6592,59453,15/01/2019,06:23:14,15,0,32.7,1.1,22.1,21.9,2,1,1.00,CYCLE,S
IND,208,6592,59453,15/01/2019,06:23:17,15,0,28.0,1.1,2.9,2.7,2,1,1.00,CYCLE,S
IND,208,6592,59453,15/01/2019,06:23:21,15,0,21.8,1.1,4.6,4.5,2,1,1.00,CYCLE,S
IND,208,6592,59453,15/01/2019,06:23:22,15,0,25.3,1.0,0.7,0.5,2,1,1.00,CYCLE,S
IND,208,6592,59453,15/01/2019,06:23:23,15,0,23.9,1.1,0.8,0.6,2,1,1.00,CYCLE,S
IND,208,6592,59453,15/01/2019,06:23:34,15,0,32.0,1.1,11.1,10.9,2,1,1.00,CYCLE,S
IND,208,6592,59453,15/01/2019,06:23:48,15,0,37.5,1.0,14.1,14.0,2,1,1.00,CYCLE,S
IND,208,6592,59453,15/01/2019,06:23:51,15,0,28.3,1.0,3.3,3.2,2,1,1.00,CYCLE,S
IND,208,6592,59453,15/01/2019,06:23:53,15,0,27.6,1.1,1.6,1.5,2,1,1.00,CYCLE,S
IND,208,6592,59453,15/01/2019,06:23:53,15,0,28.5,1.0,0.8,0.7,2,1,1.00,CYCLE,S
IND,208,6592,59453,15/01/2019,06:24:03,15,0,26.6,1.1,9.2,9.1,2,1,1.00,CYCLE,S
IND,208,6592,59453,15/01/2019,06:24:13,15,0,27.5,1.1,10.2,10.0,2,1,1.00,CYCLE,S
IND,208,6592,59453,15/01/2019,06:24:16,15,0,24.5,1.0,3.6,3.4,2,1,1.00,CYCLE,S
IND,208,6592,59453,15/01/2019,06:24:44,15,0,25.6,1.1,27.8,27.7,2,1,1.00,CYCLE,S
IND,208,6592,59453,15/01/2019,06:24:49,15,0,27.7,1.0,5.0,4.9,2,1,1.00,CYCLE,S
IND,208,6592,59453,15/01/2019,06:24:51,15,0,24.3,1.1,2.1,2.0,2,1,1.00,CYCLE,S
IND,208,6592,59453,15/01/2019,06:24:54,15,0,28.0,1.0,2.5,2.4,2,1,1.00,CYCLE,S
IND,208,6592,59453,15/01/2019,06:24:54,15,0,28.0,1.0,0.0,0.0,2,1,1.00,CYCLE,S
IND,208,6592,59453,15/01/2019,06:24:54,15,0,28.0,1.0,0.0,0.0,2,1,1.00,CYCLE,S
IND,208,6592,59453,15/01/2019,06:24:57,15,0,23.5,1.0,3.3,2.8,2,1,1.00,CYCLE,S
IND,208,6592,59453,15/01/2019,06:25:01,15,0,26.1,1.1,3.4,3.2,2,1,1.00,CYCLE,S
IND,208,6592,59453,15/01/2019,06:25:18,15,0,15.5,1.1,17.3,17.1,2,1,1.00,CYCLE,S
IND,208,6592,59453,15/01/2019,06:25:24,15,0,28.7,1.0,6.1,5.9,2,1,1.00,CYCLE,S
IND,208,6592,59453,15/01/2019,06:25:25,15,0,26.5,1.1,0.5,0.3,2,1,1.00,CYCLE,S
IND,208,6592,59453,15/01/2019,06:25:29,15,0,26.3,1.0,4.6,4.5,2,1,1.00,CYCLE,S
IND,208,6592,59453,15/01/2019,06:25:30,15,0,25.6,1.0,0.9,0.7,2,1,1.00,CYCLE,S
IND,208,6592,59453,15/01/2019,06:25:39,15,0,24.3,1.1,9.3,9.2,2,1,1.00,CYCLE,S
IND,208,6592,59453,15/01/2019,06:25:42,15,0,27.2,1.1,2.4,2.2,2,1,1.00,CYCLE,S
IND,208,6592,59453,15/01/2019,06:25:43,15,0,26.5,1.0,1.3,1.1,2,1,1.00,CYCLE,S
IND,208,6592,59452,15/01/2019,06:25:56,15,1,27.0,1.0,199.8,199.6,2,1,1.00,CYCLE,N
IND,208,6592,59452,15/01/2019,06:26:11,15,1,26.9,1.0,15.0,14.9,2,1,1.00,CYCLE,N
IND,208,6592,59453,15/01/2019,06:26:34,15,0,22.7,1.1,51.2,51.0,2,1,1.00,CYCLE,S
IND,208,6592,59453,15/01/2019,06:26:58,15,0,28.0,1.1,23.8,23.6,2,1,1.00,CYCLE,S
IND,208,6592,59453,15/01/2019,06:26:59,15,0,29.5,1.0,0.9,0.8,2,1,1.00,CYCLE,S
IND,208,6592,59453,15/01/2019,06:27:00,15,0,30.9,1.0,1.3,1.2,2,1,1.00,CYCLE,S
IND,208,6592,59453,15/01/2019,06:27:03,15,0,33.3,1.0,2.9,2.8,2,1,1.00,CYCLE,S
IND,208,6592,59453,15/01/2019,06:27:03,15,0,23.6,1.1,0.4,0.3,2,1,1.00,CYCLE,S
IND,208,6592,59453,15/01/2019,06:27:05,15,0,25.1,1.0,1.6,1.5,2,1,1.00,CYCLE,S
IND,208,6592,59453,15/01/2019,06:27:06,15,0,27.3,1.1,0.9,0.8,2,1,1.00,CYCLE,S
IND,208,6592,59453,15/01/2019,06:27:08,15,0,30.6,1.0,2.3,2.2,2,1,1.00,CYCLE,S
IND,208,6592,59453,15/01/2019,06:27:12,15,0,22.0,1.1,4.1,3.9,2,1,1.00,CYCLE,S
IND,208,6592,59453,15/01/2019,06:27:31,15,0,32.0,1.0,18.2,18.1,2,1,1.00,CYCLE,S
IND,208,6592,59453,15/01/2019,06:27:36,15,0,29.2,1.0,5.6,5.5,2,1,1.00,CYCLE,S
IND,208,6592,59453,15/01/2019,06:27:39,15,0,29.3,1.0,2.8,2.7,2,1,1.00,CYCLE,S
IND,208,6592,59453,15/01/2019,06:27:41,15,0,26.5,1.0,1.8,1.7,2,1,1.00,CYCLE,S
IND,208,6592,59452,15/01/2019,06:27:43,15,1,28.2,1.0,91.4,91.3,2,1,1.00,CYCLE,N
IND,208,6592,59453,15/01/2019,06:27:47,15,0,31.0,1.0,6.6,6.5,2,1,1.00,CYCLE,S
IND,208,6592,59452,15/01/2019,06:27:57,15,1,22.8,1.0,13.6,13.5,2,1,1.00,CYCLE,N
IND,208,6592,59452,15/01/2019,06:27:57,15,1,22.9,1.1,1.0,0.8,2,1,1.00,CYCLE,N
IND,208,6592,59453,15/01/2019,06:28:15,15,0,22.4,1.1,27.4,27.3,2,1,1.00,CYCLE,S
IND,208,6592,59453,15/01/2019,06:28:21,15,0,27.2,1.0,5.8,5.6,2,1,1.00,CYCLE,S
IND,208,6592,59453,15/01/2019,06:28:35,15,0,31.0,1.0,14.4,14.2,2,1,1.00,CYCLE,S
IND,208,6592,59453,15/01/2019,06:28:40,15,0,25.3,1.0,5.0,4.8,2,1,1.00,CYCLE,S
IND,208,6592,59453,15/01/2019,06:28:45,15,0,24.4,1.0,4.7,4.6,2,1,1.00,CYCLE,S
IND,208,6592,59453,15/01/2019,06:28:49,15,0,26.5,1.0,4.0,3.8,2,1,1.00,CYCLE,S
IND,208,6592,59453,15/01/2019,06:28:49,15,0,25.3,1.0,0.4,0.3,2,1,1.00,CYCLE,S
IND,208,6592,59453,15/01/2019,06:29:25,15,0,30.5,1.0,35.7,35.5,2,1,1.00,CYCLE,S
IND,208,6592,59453,15/01/2019,06:29:30,15,0,19.1,1.0,4.8,4.7,2,1,1.00,CYCLE,S
IND,208,6592,59452,15/01/2019,06:29:35,15,1,31.3,1.0,54.8,54.2,2,1,1.00,CYCLE,N
IND,208,6592,59452,15/01/2019,06:29:46,15,1,26.7,1.1,11.2,11.1,2,1,1.00,CYCLE,N
IND,208,6592,59452,15/01/2019,06:29:49,15,1,27.9,1.0,3.1,2.9,2,1,1.00,CYCLE,N
IND,208,6592,59453,15/01/2019,06:29:58,15,0,26.8,1.0,28.0,27.8,2,1,1.00,CYCLE,S
IND,208,6592,59452,15/01/2019,06:29:58,15,1,23.0,1.0,8.5,8.4,2,1,1.00,CYCLE,N
IND,208,6592,59453,15/01/2019,06:30:02,15,0,26.7,1.1,3.9,3.8,2,1,1.00,CYCLE,S
IND,208,6592,59453,15/01/2019,06:30:03,15,0,25.7,1.1,1.7,1.6,2,1,1.00,CYCLE,S
IND,208,6592,59453,15/01/2019,06:30:08,15,0,22.9,1.1,5.1,4.9,2,1,1.00,CYCLE,S
IND,208,6592,59453,15/01/2019,06:30:26,15,0,28.1,1.1,17.8,17.6,2,1,1.00,CYCLE,S
IND,208,6592,59453,15/01/2019,06:30:49,15,0,30.0,1.0,23.0,22.8,2,1,1.00,CYCLE,S
IND,208,6592,59453,15/01/2019,06:30:53,15,0,31.8,1.1,3.9,3.8,2,1,1.00,CYCLE,S
IND,208,6592,59453,15/01/2019,06:30:54,15,0,31.7,1.0,1.1,1.0,2,1,0.50,CYCLE,S
IND,208,6592,59452,15/01/2019,06:30:54,15,1,31.7,1.0,0.0,0.0,2,1,0.50,CYCLE,N
IND,208,6592,59453,15/01/2019,06:30:56,15,0,30.7,1.0,1.4,1.2,2,1,1.00,CYCLE,S
IND,208,6592,59453,15/01/2019,06:30:59,15,0,28.6,1.0,3.5,3.4,2,1,1.00,CYCLE,S
IND,208,6592,59453,15/01/2019,06:31:00,15,0,21.8,1.0,1.0,0.8,2,1,1.00,CYCLE,S
IND,208,6592,59453,15/01/2019,06:31:31,15,0,28.0,1.0,30.7,30.5,2,1,1.00,CYCLE,S
IND,208,6592,59453,15/01/2019,06:31:34,15,0,24.4,1.1,2.9,2.7,2,1,1.00,CYCLE,S
IND,208,6592,59453,15/01/2019,06:31:35,15,0,26.8,1.0,1.2,1.1,2,1,1.00,CYCLE,S
IND,208,6592,59453,15/01/2019,06:31:35,15,0,24.5,1.1,0.4,0.3,2,1,1.00,CYCLE,S
IND,208,6592,59453,15/01/2019,06:31:36,15,0,27.0,1.0,0.9,0.8,2,1,1.00,CYCLE,S
IND,208,6592,59453,15/01/2019,06:31:38,15,0,23.5,1.0,2.1,2.0,2,1,1.00,CYCLE,S
IND,208,6592,59453,15/01/2019,06:31:48,15,0,25.9,1.0,9.7,9.6,2,1,1.00,CYCLE,S
IND,208,6592,59453,15/01/2019,06:31:59,15,0,30.0,1.0,10.6,10.5,2,1,1.00,CYCLE,S
IND,208,6592,59453,15/01/2019,06:32:25,15,0,19.0,1.0,26.6,26.5,2,1,1.00,CYCLE,S
IND,208,6592,59453,15/01/2019,06:32:28,15,0,27.8,1.0,3.2,3.0,2,1,1.00,CYCLE,S
IND,208,6592,59453,15/01/2019,06:32:29,15,0,28.7,1.0,1.0,0.9,2,1,1.00,CYCLE,S
IND,208,6592,59453,15/01/2019,06:32:33,15,0,26.3,1.0,4.0,3.9,2,1,1.00,CYCLE,S
IND,208,6592,59453,15/01/2019,06:32:40,15,0,27.2,1.1,6.2,6.1,2,1,1.00,CYCLE,S
IND,208,6592,59453,15/01/2019,06:32:40,15,0,21.3,1.0,0.6,0.4,2,1,1.00,CYCLE,S
IND,208,6592,59453,15/01/2019,06:32:42,15,0,23.2,1.1,1.4,1.2,2,1,1.00,CYCLE,S
IND,208,6592,59453,15/01/2019,06:32:43,15,0,24.3,1.1,1.5,1.3,2,1,1.00,CYCLE,S
IND,208,6592,59453,15/01/2019,06:33:20,15,0,29.9,1.1,36.5,36.3,2,1,1.00,CYCLE,S
IND,208,6592,59453,15/01/2019,06:33:20,15,0,29.1,1.1,0.8,0.7,2,1,1.00,CYCLE,S
IND,208,6592,59453,15/01/2019,06:33:39,15,0,28.5,1.1,18.4,18.3,2,1,1.00,CYCLE,S
IND,208,6592,59453,15/01/2019,06:33:41,15,0,22.2,1.0,2.3,2.2,2,1,1.00,CYCLE,S
IND,208,6592,59453,15/01/2019,06:33:47,15,0,21.4,1.1,6.1,5.9,2,1,1.00,CYCLE,S
IND,208,6592,59452,15/01/2019,06:33:49,15,1,27.9,1.1,93.8,93.4,2,1,1.00,CYCLE,N
IND,208,6592,59453,15/01/2019,06:33:50,15,0,27.0,1.0,3.1,2.9,2,1,1.00,CYCLE,S
IND,208,6592,59453,15/01/2019,06:33:51,15,0,26.7,1.0,0.4,0.3,2,1,1.00,CYCLE,S
IND,208,6592,59453,15/01/2019,06:34:15,15,0,21.2,1.1,24.7,24.5,2,1,1.00,CYCLE,S
IND,208,6592,59453,15/01/2019,06:34:28,15,0,34.5,1.1,12.8,12.6,2,1,1.00,CYCLE,S
IND,208,6592,59453,15/01/2019,06:34:29,15,0,34.4,1.0,0.6,0.5,2,1,1.00,CYCLE,S
IND,208,6592,59453,15/01/2019,06:34:31,15,0,27.7,1.1,2.1,2.0,2,1,1.00,CYCLE,S
IND,208,6592,59453,15/01/2019,06:34:32,15,0,29.6,1.1,1.6,1.4,2,1,1.00,CYCLE,S
IND,208,6592,59453,15/01/2019,06:34:34,15,0,34.0,1.0,1.8,1.6,2,1,1.00,CYCLE,S
IND,208,6592,59453,15/01/2019,06:34:35,15,0,29.5,1.1,1.0,0.9,2,1,1.00,CYCLE,S
IND,208,6592,59453,15/01/2019,06:34:36,15,0,29.4,1.1,0.5,0.4,2,1,1.00,CYCLE,S
IND,208,6592,59453,15/01/2019,06:34:39,15,0,26.7,1.0,3.0,2.8,2,1,1.00,CYCLE,S
IND,208,6592,59453,15/01/2019,06:34:40,15,0,27.8,1.0,0.9,0.7,2,1,1.00,CYCLE,S
IND,208,6592,59453,15/01/2019,06:34:41,15,0,29.8,1.0,1.5,1.4,2,1,1.00,CYCLE,S
IND,208,6592,59453,15/01/2019,06:34:42,15,0,26.2,1.0,1.0,0.8,2,1,1.00,CYCLE,S
IND,208,6592,59453,15/01/2019,06:34:44,15,0,26.9,1.1,1.5,1.3,2,1,1.00,CYCLE,S
IND,208,6592,59453,15/01/2019,06:34:46,15,0,21.7,1.1,2.0,1.8,2,1,1.00,CYCLE,S
IND,208,6592,59453,15/01/2019,06:34:49,15,0,22.3,1.1,3.7,3.5,2,1,1.00,CYCLE,S
IND,208,6592,59453,15/01/2019,06:34:51,15,0,20.3,1.1,1.7,1.5,2,1,1.00,CYCLE,S
IND,208,6592,59453,15/01/2019,06:35:06,15,0,29.7,1.1,15.4,15.2,2,1,1.00,CYCLE,S
IND,208,6592,59453,15/01/2019,06:35:09,15,0,27.0,1.1,2.7,2.6,2,1,1.00,CYCLE,S
IND,208,6592,59453,15/01/2019,06:35:10,15,0,24.5,1.1,0.6,0.5,2,1,1.00,CYCLE,S
IND,208,6592,59453,15/01/2019,06:35:14,15,0,30.2,1.0,4.2,4.1,2,1,1.00,CYCLE,S
IND,208,6592,59453,15/01/2019,06:35:15,15,0,24.4,1.0,0.7,0.5,2,1,1.00,CYCLE,S
IND,208,6592,59453,15/01/2019,06:35:33,15,0,29.1,1.0,18.6,18.4,2,1,1.00,CYCLE,S
IND,208,6592,59453,15/01/2019,06:35:39,15,0,25.0,1.1,6.2,6.1,2,1,1.00,CYCLE,S
IND,208,6592,59452,15/01/2019,06:35:45,15,1,32.2,1.0,115.2,115.1,2,1,1.00,CYCLE,N
IND,208,6592,59452,15/01/2019,06:35:45,15,1,26.2,1.1,0.4,0.3,2,1,1.00,CYCLE,N
IND,208,6592,59452,15/01/2019,06:35:47,15,1,32.3,1.0,1.6,1.4,2,1,1.00,CYCLE,N
IND,208,6592,59453,15/01/2019,06:35:49,15,0,28.0,1.0,9.2,9.1,2,1,1.00,CYCLE,S
IND,208,6592,59453,15/01/2019,06:35:50,15,0,36.9,1.0,1.2,1.1,2,1,1.00,CYCLE,S
IND,208,6592,59453,15/01/2019,06:35:57,15,0,28.0,1.1,7.4,7.3,2,1,1.00,CYCLE,S
IND,208,6592,59453,15/01/2019,06:36:02,15,0,27.8,1.0,5.2,5.1,2,1,1.00,CYCLE,S
IND,208,6592,59452,15/01/2019,06:36:03,15,1,23.5,1.1,16.7,16.6,2,1,1.00,CYCLE,N
IND,208,6592,59453,15/01/2019,06:36:28,15,0,34.0,1.0,25.7,25.6,2,1,1.00,CYCLE,S
IND,208,6592,59453,15/01/2019,06:36:34,15,0,30.2,1.1,5.4,5.3,2,1,1.00,CYCLE,S
IND,208,6592,59453,15/01/2019,06:36:35,15,0,29.4,1.1,1.1,1.0,2,1,1.00,CYCLE,S
IND,208,6592,59453,15/01/2019,06:36:37,15,0,26.9,1.1,2.0,1.9,2,1,1.00,CYCLE,S
IND,208,6592,59453,15/01/2019,06:36:38,15,0,27.6,1.0,1.6,1.4,2,1,1.00,CYCLE,S
IND,208,6592,59453,15/01/2019,06:36:40,15,0,27.2,1.0,1.2,1.1,2,1,1.00,CYCLE,S
IND,208,6592,59453,15/01/2019,06:36:43,15,0,22.8,1.0,3.0,2.9,2,1,1.00,CYCLE,S
IND,208,6592,59453,15/01/2019,06:36:48,15,0,21.7,1.0,5.1,4.9,2,1,1.00,CYCLE,S
IND,208,6592,59453,15/01/2019,06:37:06,15,0,31.6,1.0,18.2,18.0,2,1,1.00,CYCLE,S
IND,208,6592,59453,15/01/2019,06:37:07,15,0,28.9,1.1,1.3,1.2,2,1,1.00,CYCLE,S
IND,208,6592,59453,15/01/2019,06:37:19,15,0,21.7,1.0,11.4,11.3,2,1,1.00,CYCLE,S
IND,208,6592,59453,15/01/2019,06:37:20,15,0,29.4,1.0,1.2,1.0,2,1,1.00,CYCLE,S
IND,208,6592,59453,15/01/2019,06:37:38,15,0,31.5,1.0,18.0,17.9,2,1,1.00,CYCLE,S
IND,208,6592,59453,15/01/2019,06:37:39,15,0,32.0,1.1,1.0,0.9,2,1,1.00,CYCLE,S
IND,208,6592,59453,15/01/2019,06:37:41,15,0,28.3,1.1,2.4,2.3,2,1,1.00,CYCLE,S
IND,208,6592,59453,15/01/2019,06:37:42,15,0,27.5,1.1,0.9,0.8,2,1,1.00,CYCLE,S
IND,208,6592,59453,15/01/2019,06:37:44,15,0,30.9,1.0,2.1,2.0,2,1,1.00,CYCLE,S
IND,208,6592,59453,15/01/2019,06:37:44,15,0,27.2,1.0,0.2,0.1,2,1,1.00,CYCLE,S
IND,208,6592,59453,15/01/2019,06:37:45,15,0,30.4,1.1,0.2,0.1,2,1,1.00,CYCLE,S
IND,208,6592,59453,15/01/2019,06:37:45,15,0,30.6,1.1,0.4,0.3,2,1,1.00,CYCLE,S
IND,208,6592,59453,15/01/2019,06:37:49,15,0,23.8,1.1,4.3,4.2,2,1,1.00,CYCLE,S
IND,208,6592,59453,15/01/2019,06:38:04,15,0,25.0,1.0,14.8,14.7,2,1,1.00,CYCLE,S
IND,208,6592,59452,15/01/2019,06:38:15,15,1,21.2,1.1,132.0,131.8,2,1,1.00,CYCLE,N
IND,208,6592,59453,15/01/2019,06:38:38,15,0,27.7,1.0,33.5,33.3,2,1,1.00,CYCLE,S
IND,208,6592,59453,15/01/2019,06:38:54,15,0,24.8,1.0,16.6,16.5,2,1,1.00,CYCLE,S
IND,208,6592,59453,15/01/2019,06:38:56,15,0,24.6,1.0,2.1,2.0,2,1,1.00,CYCLE,S
IND,208,6592,59453,15/01/2019,06:38:59,15,0,25.3,1.1,2.7,2.6,2,1,1.00,CYCLE,S
IND,208,6592,59453,15/01/2019,06:39:00,15,0,24.7,1.1,0.8,0.6,2,1,1.00,CYCLE,S
IND,208,6592,59453,15/01/2019,06:39:00,15,0,25.4,1.0,0.5,0.3,2,1,1.00,CYCLE,S
IND,208,6592,59453,15/01/2019,06:39:00,15,0,25.4,1.0,0.0,0.0,2,1,1.00,CYCLE,S
IND,208,6592,59453,15/01/2019,06:39:02,15,0,28.1,1.0,1.3,1.1,2,1,1.00,CYCLE,S
IND,208,6592,59453,15/01/2019,06:39:03,15,0,27.2,1.0,0.8,0.7,2,1,1.00,CYCLE,S
IND,208,6592,59453,15/01/2019,06:39:05,15,0,24.9,1.1,2.6,2.4,2,1,1.00,CYCLE,S
IND,208,6592,59453,15/01/2019,06:39:07,15,0,21.1,1.1,1.9,1.7,2,1,1.00,CYCLE,S
IND,208,6592,59453,15/01/2019,06:39:09,15,0,34.5,1.0,1.9,1.7,2,1,1.00,CYCLE,S
IND,208,6592,59453,15/01/2019,06:39:09,15,0,34.9,1.0,0.3,0.2,2,1,0.57,CYCLE,S
IND,208,6592,59453,15/01/2019,06:39:12,15,0,16.6,1.1,2.6,2.3,2,1,1.00,CYCLE,S
IND,208,6592,59453,15/01/2019,06:39:25,15,0,37.2,1.0,12.9,12.7,2,1,1.00,CYCLE,S
IND,208,6592,59453,15/01/2019,06:39:27,15,0,30.6,1.0,2.5,2.4,2,1,1.00,CYCLE,S
IND,208,6592,59453,15/01/2019,06:39:28,15,0,30.7,1.0,0.8,0.7,2,1,1.00,CYCLE,S
IND,208,6592,59453,15/01/2019,06:39:30,15,0,27.8,1.1,2.6,2.4,2,1,1.00,CYCLE,S
IND,208,6592,59453,15/01/2019,06:39:42,15,0,26.6,1.2,9.3,8.6,2,1,1.00,CYCLE,S
IND,208,6592,59453,15/01/2019,06:39:42,15,0,16.5,1.0,0.4,0.2,2,1,1.00,CYCLE,S
IND,208,6592,59453,15/01/2019,06:39:44,15,0,26.2,1.1,1.5,1.2,2,1,1.00,CYCLE,S
IND,208,6592,59452,15/01/2019,06:39:47,15,1,29.8,1.0,91.4,91.2,2,1,1.00,CYCLE,N
IND,208,6592,59452,15/01/2019,06:40:05,15,1,23.0,1.0,18.5,18.4,2,1,1.00,CYCLE,N
IND,208,6592,59453,15/01/2019,06:40:38,15,0,24.4,1.1,54.0,53.9,2,1,1.00,CYCLE,S
IND,208,6592,59453,15/01/2019,06:40:38,15,0,24.0,1.0,0.6,0.4,2,1,1.00,CYCLE,S
IND,208,6592,59453,15/01/2019,06:40:40,15,0,24.4,1.0,1.6,1.4,2,1,1.00,CYCLE,S
IND,208,6592,59453,15/01/2019,06:40:41,15,0,24.0,1.0,1.1,1.0,2,1,1.00,CYCLE,S
IND,208,6592,59453,15/01/2019,06:40:42,15,0,23.4,1.1,0.6,0.5,2,1,1.00,CYCLE,S
IND,208,6592,59453,15/01/2019,06:40:43,15,0,24.4,1.0,1.4,1.2,2,1,1.00,CYCLE,S
IND,208,6592,59453,15/01/2019,06:40:44,15,0,24.2,1.1,0.5,0.3,2,1,1.00,CYCLE,S
IND,208,6592,59453,15/01/2019,06:40:45,15,0,25.8,1.1,1.6,1.5,2,1,1.00,CYCLE,S
IND,208,6592,59453,15/01/2019,06:40:47,15,0,22.4,1.0,1.5,1.4,2,1,1.00,CYCLE,S
IND,208,6592,59453,15/01/2019,06:40:51,15,0,21.2,1.0,4.4,4.3,2,1,1.00,CYCLE,S
IND,208,6592,59453,15/01/2019,06:41:11,15,0,24.6,1.0,19.4,19.2,2,1,1.00,CYCLE,S
IND,208,6592,59453,15/01/2019,06:41:29,15,0,26.3,1.1,18.0,17.9,2,1,1.00,CYCLE,S
IND,208,6592,59453,15/01/2019,06:41:46,15,0,33.7,1.0,17.8,17.7,2,1,1.00,CYCLE,S
IND,208,6592,59453,15/01/2019,06:41:47,15,0,32.0,1.0,0.5,0.4,2,1,1.00,CYCLE,S
IND,208,6592,59453,15/01/2019,06:42:05,15,0,31.6,1.0,18.6,18.5,2,1,1.00,CYCLE,S
IND,208,6592,59453,15/01/2019,06:42:11,15,0,32.9,1.0,5.7,5.6,2,1,1.00,CYCLE,S
IND,208,6592,59453,15/01/2019,06:42:12,15,0,27.8,1.0,0.3,0.2,2,1,0.86,CYCLE,S
IND,208,6592,59453,15/01/2019,06:42:35,15,0,28.9,1.0,23.1,22.9,2,1,1.00,CYCLE,S
IND,208,6592,59453,15/01/2019,06:42:37,15,0,23.0,1.0,2.4,2.3,2,1,1.00,CYCLE,S
IND,208,6592,59453,15/01/2019,06:42:37,15,0,23.0,1.0,0.0,0.0,2,1,1.00,CYCLE,S
IND,208,6592,59453,15/01/2019,06:42:38,15,0,22.2,1.1,0.8,0.6,2,1,1.00,CYCLE,S
IND,208,6592,59453,15/01/2019,06:42:38,15,0,24.0,1.1,0.5,0.3,2,1,1.00,CYCLE,S
IND,208,6592,59453,15/01/2019,06:42:40,15,0,23.9,1.1,2.1,1.9,2,1,1.00,CYCLE,S
IND,208,6592,59453,15/01/2019,06:42:41,15,0,23.9,1.0,0.8,0.7,2,1,1.00,CYCLE,S
IND,208,6592,59453,15/01/2019,06:42:45,15,0,19.8,1.0,3.4,3.3,2,1,1.00,CYCLE,S
IND,208,6592,59453,15/01/2019,06:42:47,15,0,18.9,1.1,2.4,2.3,2,1,1.00,CYCLE,S
IND,208,6592,59453,15/01/2019,06:43:15,15,0,32.7,1.0,10.5,10.5,2,1,1.00,CYCLE,S
IND,208,6592,59453,15/01/2019,06:43:16,15,0,27.7,1.1,1.0,0.9,2,1,1.00,CYCLE,S
IND,208,6592,59453,15/01/2019,06:43:17,15,0,28.6,1.0,0.8,0.7,2,1,1.00,CYCLE,S
IND,208,6592,59453,15/01/2019,06:43:18,15,0,33.0,1.0,1.3,1.1,2,1,1.00,CYCLE,S
IND,208,6592,59452,15/01/2019,06:43:44,15,1,23.5,1.0,219.0,218.8,2,1,1.00,CYCLE,N
IND,208,6592,59452,15/01/2019,06:43:45,15,1,26.9,1.0,1.1,1.0,2,1,1.00,CYCLE,N
IND,208,6592,59453,15/01/2019,06:43:47,15,0,29.7,1.0,28.7,28.6,2,1,1.00,CYCLE,S
IND,208,6592,59453,15/01/2019,06:43:47,15,0,26.4,1.0,0.7,0.5,2,1,1.00,CYCLE,S
IND,208,6592,59453,15/01/2019,06:44:03,15,0,27.0,1.1,15.3,15.2,2,1,1.00,CYCLE,S
IND,208,6592,59453,15/01/2019,06:44:32,15,0,28.0,1.0,29.5,29.3,2,1,1.00,CYCLE,S
IND,208,6592,59453,15/01/2019,06:44:38,15,0,26.2,1.0,5.6,5.5,2,1,1.00,CYCLE,S
IND,208,6592,59453,15/01/2019,06:44:39,15,0,24.9,1.0,1.6,1.5,2,1,1.00,CYCLE,S
IND,208,6592,59453,15/01/2019,06:44:40,15,0,24.9,1.1,0.8,0.7,2,1,1.00,CYCLE,S
IND,208,6592,59453,15/01/2019,06:44:41,15,0,20.7,1.1,1.3,1.1,2,1,1.00,CYCLE,S
IND,208,6592,59453,15/01/2019,06:44:42,15,0,25.4,1.0,0.8,0.6,2,1,1.00,CYCLE,S
IND,208,6592,59453,15/01/2019,06:44:44,15,0,24.1,1.1,1.3,1.2,2,1,1.00,CYCLE,S
IND,208,6592,59453,15/01/2019,06:44:51,15,0,18.1,1.0,7.3,7.1,2,1,1.00,CYCLE,S
IND,208,6592,59453,15/01/2019,06:45:18,15,0,32.6,1.0,27.1,26.9,2,1,1.00,CYCLE,S
IND,208,6592,59453,15/01/2019,06:45:21,15,0,28.1,1.0,3.2,3.1,2,1,1.00,CYCLE,S
IND,208,6592,59453,15/01/2019,06:45:24,15,0,26.7,1.0,2.6,2.5,2,1,1.00,CYCLE,S
IND,208,6592,59453,15/01/2019,06:45:28,15,0,19.7,1.1,4.2,4.1,2,1,1.00,CYCLE,S
IND,208,6592,59453,15/01/2019,06:45:40,15,0,20.9,1.1,11.8,11.6,2,1,1.00,CYCLE,S
IND,208,6592,59453,15/01/2019,06:45:42,15,0,22.3,1.0,2.6,2.4,2,1,1.00,CYCLE,S
IND,208,6592,59453,15/01/2019,06:45:44,15,0,27.9,1.0,1.3,1.1,2,1,1.00,CYCLE,S
IND,208,6592,59452,15/01/2019,06:45:46,15,1,34.0,1.0,120.6,120.5,2,1,1.00,CYCLE,N
IND,208,6592,59453,15/01/2019,06:45:49,15,0,22.9,1.1,5.2,5.1,2,1,1.00,CYCLE,S
IND,208,6592,59453,15/01/2019,06:45:58,15,0,26.6,1.0,9.1,8.9,2,1,1.00,CYCLE,S
IND,208,6592,59452,15/01/2019,06:46:06,15,1,28.7,1.1,19.7,19.6,2,1,1.00,CYCLE,N
IND,208,6592,59452,15/01/2019,06:46:08,15,1,21.7,1.1,1.9,1.8,2,1,1.00,CYCLE,N
IND,208,6592,59452,15/01/2019,06:46:29,15,1,17.5,1.1,21.3,21.2,2,1,1.00,CYCLE,N
IND,208,6592,59453,15/01/2019,06:46:31,15,0,28.8,1.0,33.4,33.3,2,1,1.00,CYCLE,S
IND,208,6592,59453,15/01/2019,06:46:34,15,0,27.3,1.0,2.6,2.4,2,1,1.00,CYCLE,S
IND,208,6592,59453,15/01/2019,06:46:34,15,0,27.3,1.0,0.0,0.0,2,1,1.00,CYCLE,S
IND,208,6592,59453,15/01/2019,06:46:35,15,0,28.4,1.0,1.1,0.9,2,1,1.00,CYCLE,S
IND,208,6592,59453,15/01/2019,06:46:36,15,0,32.3,1.0,1.2,1.1,2,1,1.00,CYCLE,S
IND,208,6592,59453,15/01/2019,06:46:37,15,0,27.9,1.0,1.0,0.9,2,1,1.00,CYCLE,S
IND,208,6592,59453,15/01/2019,06:46:38,15,0,26.7,1.0,0.9,0.8,2,1,1.00,CYCLE,S
IND,208,6592,59453,15/01/2019,06:46:39,15,0,21.1,1.0,0.8,0.7,2,1,1.00,CYCLE,S
IND,208,6592,59453,15/01/2019,06:46:41,15,0,23.3,1.0,1.5,1.3,2,1,1.00,CYCLE,S
IND,208,6592,59453,15/01/2019,06:46:42,15,0,21.6,1.0,1.8,1.7,2,1,1.00,CYCLE,S
IND,208,6592,59453,15/01/2019,06:46:44,15,0,23.8,1.1,1.6,1.4,2,1,1.00,CYCLE,S
IND,208,6592,59453,15/01/2019,06:46:48,15,0,24.2,1.1,4.3,4.1,2,1,1.00,CYCLE,S
IND,208,6592,59453,15/01/2019,06:47:13,15,0,32.4,1.0,24.6,24.5,2,1,1.00,CYCLE,S
IND,208,6592,59453,15/01/2019,06:47:17,15,0,30.1,1.0,4.5,4.4,2,1,1.00,CYCLE,S
IND,208,6592,59453,15/01/2019,06:47:17,15,0,30.1,1.0,0.0,0.0,2,1,1.00,CYCLE,S
IND,208,6592,59453,15/01/2019,06:47:18,15,0,33.5,1.0,0.7,0.5,2,1,1.00,CYCLE,S
IND,208,6592,59453,15/01/2019,06:47:19,15,0,25.5,1.0,0.8,0.7,2,1,1.00,CYCLE,S
IND,208,6592,59453,15/01/2019,06:47:20,15,0,29.9,1.0,1.3,1.1,2,1,1.00,CYCLE,S
IND,208,6592,59453,15/01/2019,06:47:34,15,0,30.2,1.0,13.7,13.6,2,1,1.00,CYCLE,S
IND,208,6592,59453,15/01/2019,06:47:34,15,0,26.6,1.0,0.4,0.3,2,1,1.00,CYCLE,S
IND,208,6592,59453,15/01/2019,06:47:40,15,0,30.4,1.0,6.0,5.8,2,1,1.00,CYCLE,S
IND,208,6592,59453,15/01/2019,06:47:41,15,0,30.3,1.0,1.2,1.1,2,1,1.00,CYCLE,S
IND,208,6592,59453,15/01/2019,06:47:43,15,0,26.3,1.1,1.7,1.6,2,1,1.00,CYCLE,S
IND,208,6592,59453,15/01/2019,06:47:45,15,0,26.9,1.1,1.8,1.6,2,1,1.00,CYCLE,S
IND,208,6592,59452,15/01/2019,06:48:02,15,1,27.8,1.1,92.9,92.7,2,1,1.00,CYCLE,N
IND,208,6592,59452,15/01/2019,06:48:05,15,1,28.8,1.0,3.1,3.0,2,1,1.00,CYCLE,N
IND,208,6592,59453,15/01/2019,06:48:46,15,0,32.9,1.0,61.4,61.2,2,1,1.00,CYCLE,S
IND,208,6592,59453,15/01/2019,06:48:51,15,0,29.7,1.0,4.3,4.2,2,1,1.00,CYCLE,S
IND,208,6592,59453,15/01/2019,06:48:51,15,0,24.4,1.0,0.3,0.2,2,1,1.00,CYCLE,S
IND,208,6592,59453,15/01/2019,06:48:53,15,0,26.6,1.0,1.7,1.6,2,1,1.00,CYCLE,S
IND,208,6592,59453,15/01/2019,06:48:56,15,0,24.5,1.1,3.1,2.9,2,1,1.00,CYCLE,S
IND,208,6592,59453,15/01/2019,06:48:57,15,0,23.5,1.0,1.6,1.4,2,1,1.00,CYCLE,S
IND,208,6592,59453,15/01/2019,06:48:58,15,0,23.6,1.0,0.5,0.4,2,1,1.00,CYCLE,S
IND,208,6592,59453,15/01/2019,06:48:59,15,0,20.5,1.0,0.9,0.8,2,1,1.00,CYCLE,S
IND,208,6592,59453,15/01/2019,06:49:00,15,0,23.2,1.0,0.9,0.7,2,1,1.00,CYCLE,S
IND,208,6592,59453,15/01/2019,06:49:00,15,0,24.2,1.0,0.5,0.3,2,1,1.00,CYCLE,S
IND,208,6592,59453,15/01/2019,06:49:01,15,0,25.1,1.0,0.7,0.6,2,1,1.00,CYCLE,S
IND,208,6592,59453,15/01/2019,06:49:05,15,0,23.1,1.0,4.1,4.0,2,1,1.00,CYCLE,S
IND,208,6592,59453,15/01/2019,06:49:06,15,0,22.4,1.0,1.3,1.2,2,1,1.00,CYCLE,S
IND,208,6592,59453,15/01/2019,06:49:19,15,0,34.8,1.0,13.0,12.8,2,1,1.00,CYCLE,S
IND,208,6592,59453,15/01/2019,06:49:24,15,0,28.3,1.1,4.9,4.8,2,1,1.00,CYCLE,S
IND,208,6592,59453,15/01/2019,06:49:26,15,0,30.1,1.0,2.4,2.3,2,1,1.00,CYCLE,S
IND,208,6592,59453,15/01/2019,06:49:27,15,0,23.8,1.1,0.8,0.6,2,1,1.00,CYCLE,S
IND,208,6592,59453,15/01/2019,06:49:28,15,0,25.2,1.1,0.5,0.4,2,1,1.00,CYCLE,S
IND,208,6592,59453,15/01/2019,06:49:29,15,0,25.8,1.1,1.3,1.1,2,1,1.00,CYCLE,S
IND,208,6592,59453,15/01/2019,06:49:31,15,0,25.6,1.1,1.6,1.5,2,1,1.00,CYCLE,S
IND,208,6592,59453,15/01/2019,06:49:36,15,0,21.1,1.0,5.3,5.1,2,1,1.00,CYCLE,S
IND,208,6592,59453,15/01/2019,06:50:00,15,0,21.7,1.1,23.8,23.6,2,1,1.00,CYCLE,S
IND,208,6592,59453,15/01/2019,06:50:04,15,0,19.4,1.0,4.2,4.0,2,1,1.00,CYCLE,S
IND,208,6592,59453,15/01/2019,06:50:08,15,0,29.7,1.0,4.6,4.4,2,1,1.00,CYCLE,S
IND,208,6592,59453,15/01/2019,06:50:10,15,0,26.2,1.0,1.5,1.4,2,1,1.00,CYCLE,S
IND,208,6592,59453,15/01/2019,06:50:12,15,0,27.2,1.1,1.6,1.5,2,1,1.00,CYCLE,S
IND,208,6592,59453,15/01/2019,06:50:12,15,0,27.0,1.0,0.3,0.2,2,1,1.00,CYCLE,S
IND,208,6592,59453,15/01/2019,06:50:25,15,0,28.8,1.0,13.1,13.0,2,1,1.00,CYCLE,S
IND,208,6592,59453,15/01/2019,06:50:32,15,0,30.0,1.0,7.0,6.8,2,1,1.00,CYCLE,S
IND,208,6592,59453,15/01/2019,06:50:33,15,0,29.7,1.0,1.0,0.9,2,1,1.00,CYCLE,S
IND,208,6592,59453,15/01/2019,06:50:34,15,0,30.2,1.0,0.8,0.6,2,1,1.00,CYCLE,S
IND,208,6592,59453,15/01/2019,06:50:35,15,0,24.8,1.1,1.7,1.6,2,1,1.00,CYCLE,S
IND,208,6592,59453,15/01/2019,06:50:38,15,0,21.5,1.1,2.1,2.0,2,1,1.00,CYCLE,S
IND,208,6592,59453,15/01/2019,06:50:39,15,0,24.4,1.1,1.5,1.4,2,1,1.00,CYCLE,S
IND,208,6592,59453,15/01/2019,06:50:41,15,0,25.8,1.0,2.1,1.9,2,1,1.00,CYCLE,S
IND,208,6592,59453,15/01/2019,06:50:43,15,0,21.6,1.1,2.0,1.8,2,1,1.00,CYCLE,S
IND,208,6592,59453,15/01/2019,06:50:45,15,0,20.3,1.0,1.5,1.3,2,1,1.00,CYCLE,S
IND,208,6592,59453,15/01/2019,06:50:45,15,0,17.5,1.0,0.3,0.1,2,1,1.00,CYCLE,S
IND,208,6592,59453,15/01/2019,06:50:46,15,0,20.7,1.0,0.6,0.3,2,1,1.00,CYCLE,S
IND,208,6592,59452,15/01/2019,06:50:46,15,1,27.0,1.1,161.3,161.2,2,1,1.00,CYCLE,N
IND,208,6592,59453,15/01/2019,06:50:50,15,0,17.2,1.1,4.6,4.4,2,1,1.00,CYCLE,S
IND,208,6592,59453,15/01/2019,06:50:53,15,0,18.1,1.0,3.2,2.9,2,1,1.00,CYCLE,S
IND,208,6592,59452,15/01/2019,06:51:44,15,1,30.4,1.0,57.5,57.4,2,1,0.50,CYCLE,N
IND,208,6592,59453,15/01/2019,06:51:44,15,0,30.4,1.0,0.0,0.0,2,1,0.50,CYCLE,S
IND,208,6592,59453,15/01/2019,06:51:45,15,0,30.5,1.0,51.5,51.3,2,1,1.00,CYCLE,S
IND,208,6592,59453,15/01/2019,06:51:46,15,0,26.3,1.1,0.8,0.6,2,1,1.00,CYCLE,S
IND,208,6592,59453,15/01/2019,06:51:46,15,0,26.4,1.1,0.3,0.2,2,1,1.00,CYCLE,S
IND,208,6592,59453,15/01/2019,06:51:50,15,0,28.8,1.0,4.1,4.0,2,1,1.00,CYCLE,S
IND,208,6592,59453,15/01/2019,06:51:52,15,0,30.5,1.0,1.5,1.4,2,1,1.00,CYCLE,S
IND,208,6592,59452,15/01/2019,06:51:54,15,1,28.0,1.0,10.2,9.9,2,1,1.00,CYCLE,N
IND,208,6592,59453,15/01/2019,06:51:55,15,0,31.6,1.0,3.2,3.1,2,1,1.00,CYCLE,S
IND,208,6592,59452,15/01/2019,06:51:59,15,1,25.8,1.0,4.9,4.8,2,1,1.00,CYCLE,N
IND,208,6592,59453,15/01/2019,06:52:04,15,0,29.9,1.1,9.2,9.1,2,1,1.00,CYCLE,S
IND,208,6592,59453,15/01/2019,06:52:09,15,0,31.2,1.1,4.6,4.5,2,1,1.00,CYCLE,S
IND,208,6592,59453,15/01/2019,06:52:09,15,0,28.7,1.0,0.3,0.2,2,1,1.00,CYCLE,S
IND,208,6592,59453,15/01/2019,06:52:17,15,0,25.7,1.1,8.6,8.5,2,1,1.00,CYCLE,S
IND,208,6592,59452,15/01/2019,06:52:19,15,1,23.0,1.0,20.5,20.3,2,1,1.00,CYCLE,N
IND,208,6592,59453,15/01/2019,06:52:29,15,0,31.1,1.0,11.8,11.7,2,1,1.00,CYCLE,S
IND,208,6592,59453,15/01/2019,06:52:34,15,0,29.0,1.1,5.0,4.9,2,1,1.00,CYCLE,S
IND,208,6592,59453,15/01/2019,06:52:36,15,0,27.5,1.0,1.7,1.6,2,1,1.00,CYCLE,S
IND,208,6592,59453,15/01/2019,06:52:38,15,0,31.8,1.0,2.5,2.4,2,1,1.00,CYCLE,S
IND,208,6592,59453,15/01/2019,06:52:39,15,0,27.1,1.0,0.6,0.5,2,1,1.00,CYCLE,S
IND,208,6592,59453,15/01/2019,06:52:41,15,0,31.5,1.0,1.6,1.5,2,1,1.00,CYCLE,S
IND,208,6592,59453,15/01/2019,06:52:42,15,0,21.5,1.1,0.9,0.8,2,1,1.00,CYCLE,S
IND,208,6592,59453,15/01/2019,06:52:42,15,0,26.0,1.0,0.8,0.7,2,1,1.00,CYCLE,S
IND,208,6592,59453,15/01/2019,06:52:44,15,0,22.5,1.1,1.1,0.9,2,1,1.00,CYCLE,S
IND,208,6592,59453,15/01/2019,06:52:44,15,0,24.3,1.0,0.8,0.7,2,1,1.00,CYCLE,S
IND,208,6592,59453,15/01/2019,06:52:45,15,0,24.0,1.0,0.6,0.4,2,1,1.00,CYCLE,S
IND,208,6592,59453,15/01/2019,06:52:46,15,0,23.8,1.0,0.8,0.6,2,1,1.00,CYCLE,S
IND,208,6592,59453,15/01/2019,06:52:46,15,0,25.9,1.0,0.8,0.7,2,1,1.00,CYCLE,S
IND,208,6592,59453,15/01/2019,06:52:51,15,0,22.5,1.1,4.5,4.3,2,1,1.00,CYCLE,S
IND,208,6592,59453,15/01/2019,06:53:32,15,0,30.6,1.1,41.0,40.8,2,1,1.00,CYCLE,S
IND,208,6592,59453,15/01/2019,06:53:39,15,0,22.5,1.0,7.4,7.3,2,1,1.00,CYCLE,S
IND,208,6592,59453,15/01/2019,06:53:41,15,0,26.4,1.0,1.6,1.4,2,1,1.00,CYCLE,S
IND,208,6592,59452,15/01/2019,06:53:42,15,1,31.0,1.0,83.1,82.9,2,1,1.00,CYCLE,N
IND,208,6592,59453,15/01/2019,06:53:43,15,0,33.6,1.1,1.9,1.7,2,1,1.00,CYCLE,S
IND,208,6592,59452,15/01/2019,06:53:54,15,1,27.6,1.0,11.7,11.6,2,1,1.00,CYCLE,N
IND,208,6592,59453,15/01/2019,06:54:01,15,0,22.3,1.1,17.7,17.6,2,1,1.00,CYCLE,S
IND,208,6592,59453,15/01/2019,06:54:17,15,0,20.8,1.0,16.5,16.3,2,1,1.00,CYCLE,S
IND,208,6592,59453,15/01/2019,06:54:30,15,0,30.4,1.1,13.4,13.3,2,1,1.00,CYCLE,S
IND,208,6592,59453,15/01/2019,06:54:33,15,0,29.6,1.0,2.7,2.6,2,1,1.00,CYCLE,S
IND,208,6592,59453,15/01/2019,06:54:34,15,0,29.1,1.0,0.6,0.5,2,1,1.00,CYCLE,S
IND,208,6592,59453,15/01/2019,06:54:35,15,0,28.6,1.0,1.1,0.9,2,1,1.00,CYCLE,S
IND,208,6592,59453,15/01/2019,06:54:36,15,0,28.1,1.0,1.4,1.3,2,1,1.00,CYCLE,S
IND,208,6592,59453,15/01/2019,06:54:39,15,0,24.1,1.0,3.2,3.0,2,1,1.00,CYCLE,S
IND,208,6592,59453,15/01/2019,06:54:45,15,0,24.5,1.0,5.1,5.0,2,1,1.00,CYCLE,S
IND,208,6592,59453,15/01/2019,06:54:46,15,0,23.1,1.0,1.1,0.9,2,1,1.00,CYCLE,S
IND,208,6592,59453,15/01/2019,06:54:47,15,0,23.9,1.0,1.5,1.3,2,1,1.00,CYCLE,S
IND,208,6592,59453,15/01/2019,06:54:47,15,0,23.9,1.0,0.0,0.0,2,1,1.00,CYCLE,S
IND,208,6592,59453,15/01/2019,06:55:05,15,0,29.2,1.1,17.7,17.3,2,1,1.00,CYCLE,S
IND,208,6592,59453,15/01/2019,06:55:05,15,0,28.1,1.1,0.6,0.5,2,1,1.00,CYCLE,S
IND,208,6592,59453,15/01/2019,06:55:06,15,0,33.8,1.0,0.3,0.2,2,1,1.00,CYCLE,S
IND,208,6592,59453,15/01/2019,06:55:07,15,0,28.0,1.0,0.9,0.8,2,1,1.00,CYCLE,S
IND,208,6592,59453,15/01/2019,06:55:08,15,0,28.4,1.0,1.4,1.3,2,1,1.00,CYCLE,S
IND,208,6592,59453,15/01/2019,06:55:08,15,0,26.0,1.0,0.4,0.2,2,1,1.00,CYCLE,S
IND,208,6592,59453,15/01/2019,06:55:11,15,0,24.7,1.1,2.3,2.2,2,1,1.00,CYCLE,S
IND,208,6592,59453,15/01/2019,06:55:12,15,0,25.7,1.0,0.9,0.7,2,1,1.00,CYCLE,S
IND,208,6592,59453,15/01/2019,06:55:13,15,0,26.2,1.1,1.1,1.0,2,1,1.00,CYCLE,S
IND,208,6592,59453,15/01/2019,06:55:18,15,0,28.4,1.0,4.9,4.7,2,1,1.00,CYCLE,S
IND,208,6592,59453,15/01/2019,06:55:19,15,0,26.2,1.1,1.2,1.1,2,1,1.00,CYCLE,S
IND,208,6592,59453,15/01/2019,06:55:28,15,0,24.1,1.1,9.0,8.9,2,1,1.00,CYCLE,S
IND,208,6592,59453,15/01/2019,06:55:37,15,0,28.4,1.1,8.8,8.6,2,1,1.00,CYCLE,S
IND,208,6592,59453,15/01/2019,06:55:40,15,0,23.7,1.0,3.6,3.4,2,1,1.00,CYCLE,S
IND,208,6592,59453,15/01/2019,06:55:49,15,0,24.3,1.0,9.1,8.9,2,1,1.00,CYCLE,S
IND,208,6592,59453,15/01/2019,06:55:58,15,0,22.2,1.0,8.4,8.3,2,1,1.00,CYCLE,S
IND,208,6592,59453,15/01/2019,06:56:02,15,0,30.0,1.0,4.3,4.1,2,1,1.00,CYCLE,S
IND,208,6592,59453,15/01/2019,06:56:03,15,0,21.0,1.0,1.3,1.2,2,1,1.00,CYCLE,S
IND,208,6592,59453,15/01/2019,06:56:04,15,0,33.5,1.0,0.7,0.5,2,1,1.00,CYCLE,S
IND,208,6592,59452,15/01/2019,06:56:06,15,1,22.5,1.1,131.6,131.5,2,1,1.00,CYCLE,N
IND,208,6592,59453,15/01/2019,06:56:32,15,0,29.7,1.0,27.9,27.8,2,1,1.00,CYCLE,S
IND,208,6592,59453,15/01/2019,06:56:37,15,0,28.2,1.1,4.8,4.7,2,1,1.00,CYCLE,S
IND,208,6592,59453,15/01/2019,06:56:37,15,0,28.0,1.1,0.7,0.6,2,1,1.00,CYCLE,S
IND,208,6592,59453,15/01/2019,06:56:40,15,0,25.2,1.1,2.6,2.4,2,1,1.00,CYCLE,S
IND,208,6592,59453,15/01/2019,06:56:40,15,0,32.5,1.0,0.3,0.1,2,1,1.00,CYCLE,S
IND,208,6592,59453,15/01/2019,06:56:41,15,0,18.4,1.0,0.4,0.3,2,1,0.50,CYCLE,S
IND,208,6592,59452,15/01/2019,06:56:41,15,1,18.4,1.0,0.0,0.0,2,1,0.50,CYCLE,N
IND,208,6592,59453,15/01/2019,06:56:42,15,0,24.4,1.0,1.4,1.1,2,1,1.00,CYCLE,S
IND,208,6592,59453,15/01/2019,06:56:44,15,0,26.1,1.0,2.5,2.4,2,1,1.00,CYCLE,S
IND,208,6592,59453,15/01/2019,06:56:45,15,0,26.2,1.0,0.6,0.4,2,1,1.00,CYCLE,S
IND,208,6592,59453,15/01/2019,06:57:04,15,0,31.7,1.0,18.8,18.7,2,1,1.00,CYCLE,S
IND,208,6592,59453,15/01/2019,06:57:06,15,0,27.9,1.1,2.1,2.0,2,1,1.00,CYCLE,S
IND,208,6592,59453,15/01/2019,06:57:11,15,0,31.1,1.1,5.5,5.3,2,1,1.00,CYCLE,S
IND,208,6592,59453,15/01/2019,06:57:13,15,0,31.0,1.0,1.5,1.4,2,1,1.00,CYCLE,S
IND,208,6592,59453,15/01/2019,06:57:37,15,0,32.2,1.0,24.4,24.3,2,1,1.00,CYCLE,S
IND,208,6592,59452,15/01/2019,06:57:42,15,1,27.7,1.1,95.9,95.7,2,1,1.00,CYCLE,N
IND,208,6592,59453,15/01/2019,06:57:42,15,0,26.3,1.0,4.9,4.8,2,1,1.00,CYCLE,S
IND,208,6592,59453,15/01/2019,06:57:43,15,0,26.5,1.0,0.9,0.7,2,1,1.00,CYCLE,S
IND,208,6592,59453,15/01/2019,06:57:51,15,0,31.4,1.0,8.3,8.2,2,1,1.00,CYCLE,S
IND,208,6592,59453,15/01/2019,06:57:53,15,0,23.5,1.1,2.0,1.8,2,1,1.00,CYCLE,S
IND,208,6592,59453,15/01/2019,06:58:01,15,0,27.6,1.0,7.6,7.4,2,1,1.00,CYCLE,S
IND,208,6592,59453,15/01/2019,06:58:06,15,0,21.6,1.1,4.7,4.6,2,1,1.00,CYCLE,S
IND,208,6592,59453,15/01/2019,06:58:23,15,0,24.5,1.0,17.7,17.5,2,1,1.00,CYCLE,S
IND,208,6592,59453,15/01/2019,06:58:29,15,0,36.1,1.1,6.1,5.9,2,1,1.00,CYCLE,S
IND,208,6592,59453,15/01/2019,06:58:30,15,0,37.1,1.0,0.4,0.2,2,1,1.00,CYCLE,S
IND,208,6592,59453,15/01/2019,06:58:37,15,0,32.8,1.0,7.5,7.4,2,1,1.00,CYCLE,S
IND,208,6592,59453,15/01/2019,06:58:38,15,0,32.8,1.0,0.5,0.4,2,1,1.00,CYCLE,S
IND,208,6592,59453,15/01/2019,06:58:38,15,0,28.1,1.1,0.6,0.5,2,1,1.00,CYCLE,S
IND,208,6592,59453,15/01/2019,06:58:39,15,0,27.6,1.0,0.8,0.6,2,1,1.00,CYCLE,S
IND,208,6592,59453,15/01/2019,06:58:42,15,0,28.5,1.0,2.6,2.4,2,1,1.00,CYCLE,S
IND,208,6592,59453,15/01/2019,06:58:43,15,0,27.1,1.1,1.5,1.3,2,1,1.00,CYCLE,S
IND,208,6592,59453,15/01/2019,06:58:44,15,0,21.6,1.0,0.6,0.5,2,1,1.00,CYCLE,S
IND,208,6592,59453,15/01/2019,06:58:45,15,0,23.2,1.1,1.6,1.4,2,1,1.00,CYCLE,S
IND,208,6592,59453,15/01/2019,06:58:48,15,0,22.6,1.0,3.2,3.0,2,1,1.00,CYCLE,S
IND,208,6592,59453,15/01/2019,06:58:50,15,0,22.9,1.0,1.3,1.1,2,1,1.00,CYCLE,S
IND,208,6592,59453,15/01/2019,06:58:55,15,0,19.9,1.1,5.2,5.0,2,1,1.00,CYCLE,S
IND,208,6592,59453,15/01/2019,06:59:09,15,0,23.4,1.0,14.5,14.3,2,1,1.00,CYCLE,S
IND,208,6592,59453,15/01/2019,06:59:11,15,0,33.4,1.0,1.2,1.0,2,1,1.00,CYCLE,S
IND,208,6592,59453,15/01/2019,06:59:22,15,0,25.9,1.1,11.5,11.4,2,1,1.00,CYCLE,S
IND,208,6592,59453,15/01/2019,06:59:29,15,0,35.4,1.0,6.9,6.8,2,1,1.00,CYCLE,S
IND,208,6592,59453,15/01/2019,06:59:33,15,0,30.9,1.0,3.7,3.6,2,1,1.00,CYCLE,S
IND,208,6592,59453,15/01/2019,06:59:34,15,0,25.7,1.1,1.7,1.6,2,1,1.00,CYCLE,S
IND,208,6592,59453,15/01/2019,07:00:12,15,0,25.6,1.0,38.0,37.8,2,1,1.00,CYCLE,S
IND,208,6592,59453,15/01/2019,07:00:14,15,0,32.1,1.0,1.2,1.0,2,1,1.00,CYCLE,S
IND,208,6592,59453,15/01/2019,07:00:15,15,0,31.0,1.0,1.8,1.6,2,1,1.00,CYCLE,S
IND,208,6592,59453,15/01/2019,07:00:16,15,0,24.7,1.1,0.7,0.6,2,1,1.00,CYCLE,S
IND,208,6592,59453,15/01/2019,07:00:18,15,0,29.1,1.1,1.9,1.8,2,1,1.00,CYCLE,S
IND,208,6592,59453,15/01/2019,07:00:19,15,0,23.3,1.1,0.6,0.5,2,1,1.00,CYCLE,S
IND,208,6592,59453,15/01/2019,07:00:20,15,0,24.8,1.1,1.0,0.8,2,1,1.00,CYCLE,S
IND,208,6592,59453,15/01/2019,07:00:20,15,0,23.0,1.0,0.7,0.6,2,1,1.00,CYCLE,S
IND,208,6592,59453,15/01/2019,07:00:22,15,0,26.4,1.0,1.4,1.2,2,1,1.00,CYCLE,S
IND,208,6592,59453,15/01/2019,07:00:23,15,0,21.3,1.1,1.3,1.2,2,1,1.00,CYCLE,S
IND,208,6592,59453,15/01/2019,07:00:24,15,0,21.5,1.1,1.5,1.3,2,1,1.00,CYCLE,S
IND,208,6592,59453,15/01/2019,07:00:30,15,0,32.2,1.0,5.2,5.0,2,1,1.00,CYCLE,S
IND,208,6592,59453,15/01/2019,07:00:31,15,0,31.2,1.0,0.9,0.8,2,1,1.00,CYCLE,S
IND,208,6592,59453,15/01/2019,07:00:35,15,0,31.7,1.1,4.8,4.6,2,1,1.00,CYCLE,S
IND,208,6592,59453,15/01/2019,07:00:37,15,0,31.4,1.1,1.6,1.4,2,1,1.00,CYCLE,S
IND,208,6592,59453,15/01/2019,07:00:37,15,0,25.9,1.1,0.3,0.2,2,1,1.00,CYCLE,S
IND,208,6592,59453,15/01/2019,07:00:38,15,0,22.3,1.0,0.7,0.6,2,1,1.00,CYCLE,S
IND,208,6592,59453,15/01/2019,07:00:39,15,0,26.5,1.0,0.6,0.4,2,1,1.00,CYCLE,S
IND,208,6592,59453,15/01/2019,07:00:40,15,0,25.0,1.1,1.7,1.5,2,1,1.00,CYCLE,S
IND,208,6592,59453,15/01/2019,07:00:41,15,0,25.0,1.1,0.6,0.5,2,1,1.00,CYCLE,S
IND,208,6592,59453,15/01/2019,07:00:41,15,0,24.0,1.0,0.7,0.5,2,1,1.00,CYCLE,S
IND,208,6592,59453,15/01/2019,07:00:44,15,0,23.5,1.1,2.3,2.1,2,1,1.00,CYCLE,S
IND,208,6592,59453,15/01/2019,07:00:56,15,0,19.3,1.1,11.9,11.7,2,1,1.00,CYCLE,S
IND,208,6592,59453,15/01/2019,07:01:09,15,0,26.3,1.1,13.6,13.4,2,1,1.00,CYCLE,S
IND,208,6592,59453,15/01/2019,07:01:10,15,0,24.6,1.0,0.6,0.4,2,1,1.00,CYCLE,S
IND,208,6592,59453,15/01/2019,07:01:16,15,0,31.5,1.0,6.1,6.0,2,1,1.00,CYCLE,S
IND,208,6592,59453,15/01/2019,07:01:19,15,0,21.2,1.0,2.7,2.5,2,1,1.00,CYCLE,S
IND,208,6592,59453,15/01/2019,07:01:23,15,0,31.3,1.0,4.4,4.2,2,1,1.00,CYCLE,S
IND,208,6592,59453,15/01/2019,07:01:48,15,0,21.7,1.0,25.4,25.3,2,1,1.00,CYCLE,S
IND,208,6592,59453,15/01/2019,07:01:51,15,0,28.6,1.0,2.3,2.2,2,1,1.00,CYCLE,S
IND,208,6592,59453,15/01/2019,07:02:04,15,0,25.7,1.1,13.3,13.2,2,1,1.00,CYCLE,S
IND,208,6592,59452,15/01/2019,07:02:05,15,1,22.4,1.0,263.8,263.7,2,1,1.00,CYCLE,N
IND,208,6592,59453,15/01/2019,07:02:50,15,0,25.6,1.1,45.8,45.7,2,1,1.00,CYCLE,S
IND,208,6592,59453,15/01/2019,07:02:52,15,0,28.3,1.0,2.4,2.3,2,1,1.00,CYCLE,S
IND,208,6592,59453,15/01/2019,07:02:54,15,0,28.7,1.1,1.5,1.3,2,1,1.00,CYCLE,S
IND,208,6592,59453,15/01/2019,07:02:54,15,0,26.8,1.0,0.6,0.4,2,1,1.00,CYCLE,S
IND,208,6592,59453,15/01/2019,07:02:56,15,0,31.6,1.1,1.5,1.3,2,1,1.00,CYCLE,S
IND,208,6592,59453,15/01/2019,07:02:56,15,0,24.9,1.0,0.5,0.4,2,1,1.00,CYCLE,S
IND,208,6592,59453,15/01/2019,07:02:57,15,0,27.5,1.0,0.8,0.6,2,1,0.67,CYCLE,S
IND,208,6592,59453,15/01/2019,07:02:57,15,0,27.5,1.0,0.0,0.0,2,1,0.67,CYCLE,S
IND,208,6592,59453,15/01/2019,07:02:59,15,0,23.5,1.1,1.7,1.1,2,1,1.00,CYCLE,S
IND,208,6592,59453,15/01/2019,07:03:00,15,0,26.2,1.0,0.7,0.6,2,1,1.00,CYCLE,S
IND,208,6592,59453,15/01/2019,07:03:02,15,0,26.8,1.0,2.8,2.6,2,1,1.00,CYCLE,S
IND,208,6592,59453,15/01/2019,07:03:22,15,0,36.3,1.1,19.3,19.1,2,1,1.00,CYCLE,S
IND,208,6592,59453,15/01/2019,07:03:22,15,0,31.5,1.0,0.9,0.8,2,1,1.00,CYCLE,S
IND,208,6592,59453,15/01/2019,07:03:29,15,0,31.2,1.0,6.2,6.1,2,1,1.00,CYCLE,S
IND,208,6592,59453,15/01/2019,07:03:30,15,0,29.9,1.1,1.4,1.3,2,1,1.00,CYCLE,S
IND,208,6592,59453,15/01/2019,07:03:32,15,0,36.5,1.1,1.7,1.6,2,1,1.00,CYCLE,S
IND,208,6592,59453,15/01/2019,07:03:33,15,0,28.6,1.0,0.9,0.7,2,1,1.00,CYCLE,S
IND,208,6592,59453,15/01/2019,07:03:33,15,0,29.6,1.0,0.5,0.4,2,1,1.00,CYCLE,S
IND,208,6592,59453,15/01/2019,07:03:33,15,0,25.5,1.0,0.2,0.1,2,1,1.00,CYCLE,S
IND,208,6592,59453,15/01/2019,07:03:33,15,0,25.5,1.0,0.0,0.0,2,1,1.00,CYCLE,S
IND,208,6592,59453,15/01/2019,07:03:35,15,0,26.2,1.1,1.5,1.2,2,1,1.00,CYCLE,S
IND,208,6592,59453,15/01/2019,07:03:35,15,0,26.6,1.1,0.3,0.1,2,1,1.00,CYCLE,S
IND,208,6592,59453,15/01/2019,07:03:36,15,0,27.4,1.0,0.5,0.4,2,1,1.00,CYCLE,S
IND,208,6592,59453,15/01/2019,07:03:36,15,0,22.4,1.1,0.8,0.6,2,1,1.00,CYCLE,S
IND,208,6592,59453,15/01/2019,07:03:38,15,0,26.3,1.0,1.1,0.9,2,1,1.00,CYCLE,S
IND,208,6592,59453,15/01/2019,07:03:38,15,0,29.1,1.0,0.4,0.3,2,1,1.00,CYCLE,S
IND,208,6592,59453,15/01/2019,07:03:39,15,0,25.8,1.0,0.8,0.7,2,1,1.00,CYCLE,S
IND,208,6592,59453,15/01/2019,07:03:43,15,0,17.0,1.1,3.7,3.6,2,1,1.00,CYCLE,S
IND,208,6592,59453,15/01/2019,07:03:48,15,0,28.7,1.0,5.4,5.2,2,1,0.67,CYCLE,S
IND,208,6592,59453,15/01/2019,07:03:48,15,0,28.7,1.0,0.0,0.0,2,1,0.67,CYCLE,S
IND,208,6592,59453,15/01/2019,07:03:48,15,0,28.7,1.0,0.0,0.0,2,1,0.67,CYCLE,S
IND,208,6592,59453,15/01/2019,07:03:49,15,0,23.2,1.1,0.9,0.4,2,1,1.00,CYCLE,S
IND,208,6592,59453,15/01/2019,07:03:50,15,0,23.6,1.1,0.9,0.7,2,1,1.00,CYCLE,S
IND,208,6592,59453,15/01/2019,07:04:04,15,0,20.0,1.0,14.4,14.2,2,1,1.00,CYCLE,S
IND,208,6592,59453,15/01/2019,07:04:33,15,0,26.1,1.1,29.1,28.9,2,1,1.00,CYCLE,S
IND,208,6592,59453,15/01/2019,07:04:34,15,0,26.1,1.1,0.7,0.6,2,1,1.00,CYCLE,S
IND,208,6592,59453,15/01/2019,07:04:39,15,0,24.7,1.1,5.3,5.1,2,1,1.00,CYCLE,S
IND,208,6592,59453,15/01/2019,07:04:40,15,0,25.5,1.0,1.2,1.1,2,1,1.00,CYCLE,S
IND,208,6592,59453,15/01/2019,07:04:43,15,0,23.6,1.1,2.5,2.4,2,1,1.00,CYCLE,S
IND,208,6592,59453,15/01/2019,07:04:44,15,0,23.3,1.1,0.9,0.7,2,1,1.00,CYCLE,S
IND,208,6592,59453,15/01/2019,07:04:47,15,0,26.9,1.1,2.7,2.6,2,1,1.00,CYCLE,S
IND,208,6592,59453,15/01/2019,07:04:47,15,0,26.7,1.1,0.9,0.8,2,1,1.00,CYCLE,S
IND,208,6592,59453,15/01/2019,07:04:48,15,0,22.8,1.1,0.9,0.8,2,1,1.00,CYCLE,S
IND,208,6592,59453,15/01/2019,07:04:50,15,0,26.7,1.1,1.2,1.0,2,1,1.00,CYCLE,S
IND,208,6592,59453,15/01/2019,07:04:51,15,0,24.3,1.0,1.7,1.6,2,1,1.00,CYCLE,S
IND,208,6592,59453,15/01/2019,07:04:52,15,0,20.1,1.0,1.0,0.9,2,1,1.00,CYCLE,S
IND,208,6592,59453,15/01/2019,07:04:59,15,0,12.9,1.1,6.9,6.7,2,1,1.00,CYCLE,S
IND,208,6592,59453,15/01/2019,07:05:03,15,0,31.7,1.1,3.6,3.3,2,1,1.00,CYCLE,S
IND,208,6592,59453,15/01/2019,07:05:05,15,0,33.0,1.0,1.8,1.6,2,1,1.00,CYCLE,S
IND,208,6592,59453,15/01/2019,07:05:06,15,0,32.7,1.0,1.1,1.0,2,1,1.00,CYCLE,S
IND,208,6592,59453,15/01/2019,07:05:09,15,0,26.0,1.1,3.4,3.3,2,1,1.00,CYCLE,S
IND,208,6592,59453,15/01/2019,07:05:20,15,0,28.0,1.0,11.4,11.2,2,1,1.00,CYCLE,S
IND,208,6592,59453,15/01/2019,07:05:21,15,0,29.3,1.0,0.2,0.1,2,1,1.00,CYCLE,S
IND,208,6592,59453,15/01/2019,07:05:40,15,0,27.7,1.0,19.6,19.4,2,1,1.00,CYCLE,S
IND,208,6592,59452,15/01/2019,07:05:51,15,1,26.4,1.0,225.5,225.3,2,1,1.00,CYCLE,N
IND,208,6592,59453,15/01/2019,07:05:58,15,0,29.1,1.1,17.5,17.4,2,1,1.00,CYCLE,S
IND,208,6592,59453,15/01/2019,07:06:08,15,0,31.3,1.0,9.9,9.8,2,1,1.00,CYCLE,S
IND,208,6592,59453,15/01/2019,07:06:13,15,0,27.4,1.0,4.9,4.8,2,1,1.00,CYCLE,S
IND,208,6592,59453,15/01/2019,07:06:13,15,0,27.4,1.0,0.0,0.0,2,1,1.00,CYCLE,S
IND,208,6592,59453,15/01/2019,07:06:14,15,0,27.5,1.0,1.3,1.1,2,1,1.00,CYCLE,S
IND,208,6592,59453,15/01/2019,07:06:17,15,0,25.4,1.0,3.1,2.9,2,1,1.00,CYCLE,S
IND,208,6592,59453,15/01/2019,07:06:18,15,0,24.8,1.1,1.2,1.1,2,1,1.00,CYCLE,S
IND,208,6592,59453,15/01/2019,07:06:19,15,0,29.8,1.0,0.6,0.4,2,1,1.00,CYCLE,S
IND,208,6592,59453,15/01/2019,07:06:29,15,0,19.1,1.0,10.1,10.0,2,1,1.00,CYCLE,S
IND,208,6592,59453,15/01/2019,07:06:39,15,0,33.3,1.0,10.4,10.2,2,1,1.00,CYCLE,S
IND,208,6592,59453,15/01/2019,07:06:42,15,0,31.1,1.1,2.7,2.6,2,1,1.00,CYCLE,S
IND,208,6592,59453,15/01/2019,07:06:44,15,0,27.2,1.0,2.2,2.1,2,1,1.00,CYCLE,S
IND,208,6592,59453,15/01/2019,07:06:45,15,0,25.1,1.0,1.1,1.0,2,1,1.00,CYCLE,S
IND,208,6592,59453,15/01/2019,07:06:46,15,0,25.1,1.1,0.3,0.2,2,1,1.00,CYCLE,S
IND,208,6592,59453,15/01/2019,07:06:48,15,0,29.6,1.0,2.7,2.5,2,1,1.00,CYCLE,S
IND,208,6592,59453,15/01/2019,07:06:49,15,0,26.4,1.1,0.8,0.7,2,1,1.00,CYCLE,S
IND,208,6592,59453,15/01/2019,07:06:50,15,0,29.3,1.0,0.8,0.6,2,1,1.00,CYCLE,S
IND,208,6592,59453,15/01/2019,07:06:51,15,0,22.6,1.0,1.4,1.3,2,1,1.00,CYCLE,S
IND,208,6592,59453,15/01/2019,07:06:52,15,0,30.1,1.0,0.8,0.6,2,1,1.00,CYCLE,S
IND,208,6592,59453,15/01/2019,07:06:53,15,0,23.2,1.1,0.8,0.7,2,1,1.00,CYCLE,S
IND,208,6592,59453,15/01/2019,07:06:54,15,0,26.7,1.0,0.9,0.7,2,1,0.75,CYCLE,S
IND,208,6592,59453,15/01/2019,07:06:55,15,0,23.3,1.0,1.1,1.0,2,1,1.00,CYCLE,S
IND,208,6592,59453,15/01/2019,07:06:56,15,0,25.3,1.1,1.3,1.2,2,1,1.00,CYCLE,S
IND,208,6592,59453,15/01/2019,07:06:57,15,0,23.5,1.0,1.0,0.8,2,1,1.00,CYCLE,S
IND,208,6592,59453,15/01/2019,07:06:58,15,0,22.4,1.1,0.3,0.2,2,1,1.00,CYCLE,S
IND,208,6592,59453,15/01/2019,07:07:20,15,0,30.5,1.0,22.4,22.2,2,1,1.00,CYCLE,S
IND,208,6592,59453,15/01/2019,07:07:25,15,0,21.4,1.1,5.3,5.2,2,1,1.00,CYCLE,S
IND,208,6592,59453,15/01/2019,07:07:34,15,0,28.0,1.1,9.0,8.8,2,1,1.00,CYCLE,S
IND,208,6592,59453,15/01/2019,07:07:35,15,0,17.6,1.1,0.2,0.1,2,1,1.00,CYCLE,S
IND,208,6592,59452,15/01/2019,07:07:35,15,1,19.3,1.0,104.6,104.5,2,1,1.00,CYCLE,N
IND,208,6592,59453,15/01/2019,07:07:47,15,0,25.3,1.0,12.2,12.0,2,1,0.75,CYCLE,S
IND,208,6592,59452,15/01/2019,07:07:48,15,1,32.0,1.1,12.3,12.1,2,1,1.00,CYCLE,N
IND,208,6592,59452,15/01/2019,07:07:48,15,1,32.1,1.0,0.6,0.5,2,1,1.00,CYCLE,N
IND,208,6592,59453,15/01/2019,07:08:17,15,0,20.8,1.1,30.2,30.0,2,1,1.00,CYCLE,S
IND,208,6592,59453,15/01/2019,07:08:31,15,0,32.7,1.0,14.1,13.9,2,1,1.00,CYCLE,S
IND,208,6592,59453,15/01/2019,07:08:33,15,0,36.2,1.0,1.9,1.8,2,1,1.00,CYCLE,S
IND,208,6592,59453,15/01/2019,07:08:35,15,0,29.9,1.0,2.1,2.0,2,1,1.00,CYCLE,S
IND,208,6592,59453,15/01/2019,07:08:36,15,0,27.9,1.0,1.3,1.2,2,1,1.00,CYCLE,S
IND,208,6592,59453,15/01/2019,07:08:41,15,0,24.3,1.1,4.4,4.2,2,1,1.00,CYCLE,S
IND,208,6592,59453,15/01/2019,07:08:43,15,0,22.8,1.1,2.4,2.2,2,1,1.00,CYCLE,S
IND,208,6592,59453,15/01/2019,07:08:44,15,0,23.6,1.0,1.2,1.0,2,1,1.00,CYCLE,S
IND,208,6592,59453,15/01/2019,07:08:45,15,0,25.7,1.0,0.6,0.5,2,1,1.00,CYCLE,S
IND,208,6592,59453,15/01/2019,07:08:46,15,0,18.0,1.0,0.8,0.7,2,1,1.00,CYCLE,S
IND,208,6592,59453,15/01/2019,07:08:51,15,0,21.4,1.0,4.8,4.6,2,1,1.00,CYCLE,S
IND,208,6592,59453,15/01/2019,07:08:52,15,0,20.4,1.0,1.0,0.8,2,1,1.00,CYCLE,S
IND,208,6592,59453,15/01/2019,07:09:06,15,0,30.8,1.0,14.5,14.3,2,1,1.00,CYCLE,S
IND,208,6592,59453,15/01/2019,07:09:15,15,0,22.3,1.0,9.1,9.0,2,1,1.00,CYCLE,S
IND,208,6592,59453,15/01/2019,07:09:39,15,0,30.8,1.0,23.5,23.3,2,1,1.00,CYCLE,S
IND,208,6592,59453,15/01/2019,07:09:39,15,0,28.3,1.0,0.6,0.5,2,1,1.00,CYCLE,S
IND,208,6592,59453,15/01/2019,07:09:40,15,0,32.0,1.0,1.2,1.0,2,1,1.00,CYCLE,S
IND,208,6592,59453,15/01/2019,07:09:41,15,0,27.6,1.1,0.6,0.5,2,1,1.00,CYCLE,S
IND,208,6592,59452,15/01/2019,07:09:45,15,1,28.2,1.1,4.0,3.9,2,1,1.00,CYCLE,N
IND,208,6592,59453,15/01/2019,07:09:46,15,0,26.5,1.1,4.9,4.7,2,1,1.00,CYCLE,S
IND,208,6592,59453,15/01/2019,07:09:46,15,0,24.3,1.0,0.5,0.4,2,1,1.00,CYCLE,S
IND,208,6592,59453,15/01/2019,07:09:47,15,0,24.1,1.0,0.7,0.6,2,1,1.00,CYCLE,S
IND,208,6592,59453,15/01/2019,07:09:51,15,0,30.5,1.0,4.4,4.3,2,1,1.00,CYCLE,S
IND,208,6592,59453,15/01/2019,07:09:56,15,0,26.9,1.0,4.0,3.9,2,1,1.00,CYCLE,S
IND,208,6592,59453,15/01/2019,07:09:56,15,0,23.0,1.1,0.2,0.1,2,1,1.00,CYCLE,S
IND,208,6592,59453,15/01/2019,07:10:03,15,0,27.8,1.0,6.9,6.7,2,1,1.00,CYCLE,S
IND,208,6592,59453,15/01/2019,07:10:03,15,0,28.0,1.1,0.4,0.3,2,1,1.00,CYCLE,S
IND,208,6592,59453,15/01/2019,07:10:12,15,0,29.9,1.0,9.1,8.9,2,1,1.00,CYCLE,S
IND,208,6592,59453,15/01/2019,07:10:14,15,0,28.4,1.0,1.7,1.5,2,1,1.00,CYCLE,S
IND,208,6592,59453,15/01/2019,07:10:15,15,0,27.5,1.1,1.3,1.2,2,1,1.00,CYCLE,S
IND,208,6592,59453,15/01/2019,07:10:42,15,0,32.1,1.0,27.3,27.1,2,1,1.00,CYCLE,S
IND,208,6592,59453,15/01/2019,07:10:46,15,0,31.6,1.0,3.6,3.5,2,1,1.00,CYCLE,S
IND,208,6592,59453,15/01/2019,07:10:52,15,0,33.6,1.0,5.6,5.5,2,1,1.00,CYCLE,S
IND,208,6592,59453,15/01/2019,07:10:53,15,0,29.7,1.1,1.8,1.7,2,1,1.00,CYCLE,S
IND,208,6592,59453,15/01/2019,07:10:54,15,0,42.4,1.0,0.8,0.7,2,1,0.25,CYCLE,S
IND,208,6592,59453,15/01/2019,07:10:54,15,0,42.4,1.0,0.0,0.0,2,1,0.25,CYCLE,S
IND,208,6592,59453,15/01/2019,07:10:57,15,0,22.2,1.0,2.4,2.2,2,1,1.00,CYCLE,S
IND,208,6592,59453,15/01/2019,07:10:57,15,0,22.2,1.0,0.0,0.0,2,1,1.00,CYCLE,S
IND,208,6592,59453,15/01/2019,07:10:58,15,0,24.8,1.0,1.1,0.5,2,1,1.00,CYCLE,S
IND,208,6592,59453,15/01/2019,07:11:00,15,0,25.2,1.0,1.9,1.7,2,1,1.00,CYCLE,S
IND,208,6592,59453,15/01/2019,07:11:01,15,0,27.4,1.1,1.4,1.2,2,1,1.00,CYCLE,S
IND,208,6592,59453,15/01/2019,07:11:06,15,0,20.8,1.1,5.2,5.0,2,1,1.00,CYCLE,S
IND,208,6592,59453,15/01/2019,07:11:08,15,0,20.7,1.1,1.6,1.4,2,1,1.00,CYCLE,S
IND,208,6592,59453,15/01/2019,07:11:20,15,0,34.2,1.0,11.8,11.6,2,1,1.00,CYCLE,S
IND,208,6592,59453,15/01/2019,07:11:24,15,0,28.0,1.1,4.7,4.6,2,1,1.00,CYCLE,S
IND,208,6592,59453,15/01/2019,07:11:26,15,0,27.1,1.1,1.8,1.6,2,1,1.00,CYCLE,S
IND,208,6592,59453,15/01/2019,07:11:29,15,0,29.0,1.0,3.1,3.0,2,1,1.00,CYCLE,S
IND,208,6592,59452,15/01/2019,07:11:32,15,1,33.0,1.0,106.4,106.2,2,1,1.00,CYCLE,N
IND,208,6592,59453,15/01/2019,07:11:37,15,0,28.4,1.0,7.7,7.5,2,1,1.00,CYCLE,S
IND,208,6592,59453,15/01/2019,07:11:38,15,0,29.2,1.0,0.9,0.8,2,1,1.00,CYCLE,S
IND,208,6592,59452,15/01/2019,07:11:49,15,1,27.9,1.0,17.6,17.5,2,1,1.00,CYCLE,N
IND,208,6592,59452,15/01/2019,07:11:58,15,1,27.1,1.1,8.3,8.2,2,1,1.00,CYCLE,N
IND,208,6592,59453,15/01/2019,07:12:00,15,0,27.5,1.0,22.3,22.2,2,1,1.00,CYCLE,S
IND,208,6592,59453,15/01/2019,07:12:02,15,0,24.5,1.0,1.7,1.6,2,1,1.00,CYCLE,S
IND,208,6592,59453,15/01/2019,07:12:35,15,0,25.7,1.0,32.8,32.7,2,1,1.00,CYCLE,S
IND,208,6592,59453,15/01/2019,07:12:35,15,0,32.9,1.0,0.4,0.3,2,1,1.00,CYCLE,S
IND,208,6592,59453,15/01/2019,07:12:38,15,0,29.5,1.0,2.8,2.7,2,1,0.86,CYCLE,S
IND,208,6592,59453,15/01/2019,07:12:39,15,0,28.7,1.1,1.3,1.0,2,1,1.00,CYCLE,S
IND,208,6592,59453,15/01/2019,07:12:40,15,0,31.9,1.0,0.6,0.5,2,1,1.00,CYCLE,S
IND,208,6592,59453,15/01/2019,07:12:40,15,0,25.9,1.0,0.6,0.5,2,1,1.00,CYCLE,S
IND,208,6592,59453,15/01/2019,07:12:41,15,0,26.5,1.1,0.5,0.3,2,1,1.00,CYCLE,S
IND,208,6592,59453,15/01/2019,07:12:44,15,0,27.4,1.0,2.7,2.6,2,1,1.00,CYCLE,S
IND,208,6592,59453,15/01/2019,07:12:47,15,0,23.8,1.0,3.7,3.6,2,1,1.00,CYCLE,S
IND,208,6592,59453,15/01/2019,07:12:48,15,0,23.4,1.0,1.0,0.8,2,1,1.00,CYCLE,S
IND,208,6592,59453,15/01/2019,07:12:49,15,0,23.5,1.1,1.1,1.0,2,1,1.00,CYCLE,S
IND,208,6592,59453,15/01/2019,07:12:50,15,0,24.2,1.0,0.8,0.6,2,1,1.00,CYCLE,S
IND,208,6592,59453,15/01/2019,07:12:53,15,0,22.8,1.1,3.3,3.1,2,1,1.00,CYCLE,S
IND,208,6592,59453,15/01/2019,07:13:10,15,0,24.6,1.0,16.4,16.2,2,1,1.00,CYCLE,S
IND,208,6592,59453,15/01/2019,07:13:18,15,0,21.2,1.0,8.7,8.5,2,1,1.00,CYCLE,S
IND,208,6592,59453,15/01/2019,07:13:27,15,0,36.5,1.0,8.5,8.3,2,1,1.00,CYCLE,S
IND,208,6592,59453,15/01/2019,07:13:27,15,0,35.8,1.0,0.2,0.1,2,1,1.00,CYCLE,S
IND,208,6592,59452,15/01/2019,07:13:46,15,1,29.5,1.0,108.2,108.0,2,1,1.00,CYCLE,N
IND,208,6592,59452,15/01/2019,07:13:51,15,1,27.8,1.0,5.2,5.1,2,1,1.00,CYCLE,N
IND,208,6592,59452,15/01/2019,07:14:03,15,1,25.2,1.0,11.7,11.6,2,1,1.00,CYCLE,N
IND,208,6592,59453,15/01/2019,07:14:03,15,0,31.5,1.0,35.7,35.6,2,1,1.00,CYCLE,S
IND,208,6592,59452,15/01/2019,07:14:04,15,1,24.3,1.0,1.0,0.9,2,1,1.00,CYCLE,N
IND,208,6592,59453,15/01/2019,07:14:05,15,0,29.9,1.0,1.8,1.7,2,1,1.00,CYCLE,S
IND,208,6592,59453,15/01/2019,07:14:08,15,0,25.5,1.0,3.6,3.5,2,1,1.00,CYCLE,S
IND,208,6592,59453,15/01/2019,07:14:09,15,0,26.3,1.1,0.6,0.5,2,1,1.00,CYCLE,S
IND,208,6592,59453,15/01/2019,07:14:10,15,0,25.1,1.0,1.1,1.0,2,1,1.00,CYCLE,S
IND,208,6592,59453,15/01/2019,07:14:11,15,0,28.1,1.0,1.4,1.3,2,1,1.00,CYCLE,S
IND,208,6592,59453,15/01/2019,07:14:29,15,0,34.6,1.0,17.2,17.0,2,1,1.00,CYCLE,S
IND,208,6592,59453,15/01/2019,07:14:33,15,0,30.2,1.0,4.6,4.5,2,1,1.00,CYCLE,S
IND,208,6592,59453,15/01/2019,07:14:33,15,0,22.4,1.0,0.3,0.2,2,1,1.00,CYCLE,S
IND,208,6592,59453,15/01/2019,07:14:35,15,0,28.1,1.0,1.0,0.9,2,1,1.00,CYCLE,S
IND,208,6592,59453,15/01/2019,07:14:39,15,0,23.7,1.1,4.1,4.0,2,1,1.00,CYCLE,S
IND,208,6592,59453,15/01/2019,07:14:40,15,0,28.1,1.0,1.2,1.1,2,1,1.00,CYCLE,S
IND,208,6592,59453,15/01/2019,07:14:44,15,0,25.1,1.1,4.3,4.1,2,1,1.00,CYCLE,S
IND,208,6592,59453,15/01/2019,07:14:46,15,0,22.2,1.1,1.5,1.4,2,1,1.00,CYCLE,S
IND,208,6592,59453,15/01/2019,07:14:48,15,0,22.0,1.0,2.2,2.0,2,1,1.00,CYCLE,S
IND,208,6592,59453,15/01/2019,07:14:49,15,0,22.9,1.1,1.3,1.1,2,1,1.00,CYCLE,S
IND,208,6592,59453,15/01/2019,07:15:22,15,0,31.6,1.1,33.1,33.0,2,1,1.00,CYCLE,S
IND,208,6592,59453,15/01/2019,07:15:23,15,0,31.4,1.0,0.5,0.4,2,1,1.00,CYCLE,S
IND,208,6592,59453,15/01/2019,07:15:24,15,0,32.4,1.1,1.2,1.1,2,1,1.00,CYCLE,S
IND,208,6592,59453,15/01/2019,07:15:25,15,0,31.2,1.1,0.8,0.6,2,1,1.00,CYCLE,S
IND,208,6592,59453,15/01/2019,07:15:32,15,0,31.3,1.0,7.5,7.4,2,1,1.00,CYCLE,S
IND,208,6592,59453,15/01/2019,07:15:34,15,0,28.4,1.0,1.5,1.4,2,1,1.00,CYCLE,S
IND,208,6592,59453,15/01/2019,07:15:38,15,0,25.8,1.1,4.0,3.8,2,1,1.00,CYCLE,S
IND,208,6592,59453,15/01/2019,07:15:41,15,0,31.4,1.0,3.7,3.6,2,1,1.00,CYCLE,S
IND,208,6592,59453,15/01/2019,07:15:43,15,0,28.4,1.0,1.6,1.5,2,1,1.00,CYCLE,S
IND,208,6592,59453,15/01/2019,07:15:56,15,0,32.8,1.0,13.0,12.9,2,1,1.00,CYCLE,S
IND,208,6592,59453,15/01/2019,07:15:58,15,0,22.8,1.1,2.1,1.9,2,1,1.00,CYCLE,S
IND,208,6592,59452,15/01/2019,07:16:07,15,1,25.4,1.0,122.9,122.8,2,1,1.00,CYCLE,N
IND,208,6592,59453,15/01/2019,07:16:10,15,0,26.0,1.0,11.7,11.5,2,1,1.00,CYCLE,S
IND,208,6592,59453,15/01/2019,07:16:20,15,0,28.4,1.0,9.9,9.7,2,1,1.00,CYCLE,S
IND,208,6592,59453,15/01/2019,07:16:28,15,0,21.2,1.1,8.3,8.1,2,1,1.00,CYCLE,S
IND,208,6592,59453,15/01/2019,07:16:31,15,0,19.2,1.0,2.9,2.7,2,1,1.00,CYCLE,S
IND,208,6592,59453,15/01/2019,07:16:36,15,0,30.9,1.1,5.6,5.4,2,1,1.00,CYCLE,S
IND,208,6592,59453,15/01/2019,07:16:37,15,0,23.4,1.0,1.1,1.0,2,1,1.00,CYCLE,S
IND,208,6592,59453,15/01/2019,07:16:39,15,0,22.9,1.1,1.7,1.5,2,1,1.00,CYCLE,S
IND,208,6592,59453,15/01/2019,07:16:40,15,0,25.7,1.0,0.7,0.5,2,1,0.86,CYCLE,S
IND,208,6592,59453,15/01/2019,07:16:42,15,0,23.0,1.0,2.2,1.9,2,1,1.00,CYCLE,S
IND,208,6592,59453,15/01/2019,07:16:43,15,0,22.0,1.0,1.1,1.0,2,1,1.00,CYCLE,S
IND,208,6592,59453,15/01/2019,07:16:44,15,0,25.2,1.0,0.7,0.5,2,1,1.00,CYCLE,S
IND,208,6592,59453,15/01/2019,07:16:44,15,0,25.2,1.0,0.0,0.0,2,1,1.00,CYCLE,S
IND,208,6592,59453,15/01/2019,07:16:45,15,0,24.3,1.0,0.8,0.4,2,1,1.00,CYCLE,S
IND,208,6592,59453,15/01/2019,07:16:46,15,0,22.1,1.0,1.7,1.6,2,1,1.00,CYCLE,S
IND,208,6592,59453,15/01/2019,07:16:49,15,0,21.4,1.1,3.1,2.9,2,1,1.00,CYCLE,S
IND,208,6592,59453,15/01/2019,07:16:54,15,0,19.2,1.1,4.2,4.0,2,1,1.00,CYCLE,S
IND,208,6592,59453,15/01/2019,07:16:56,15,0,18.2,1.1,2.6,2.3,2,1,1.00,CYCLE,S
IND,208,6592,59453,15/01/2019,07:17:07,15,0,31.3,1.0,10.7,10.5,2,1,1.00,CYCLE,S
IND,208,6592,59453,15/01/2019,07:17:08,15,0,29.8,1.0,1.2,1.1,2,1,1.00,CYCLE,S
IND,208,6592,59453,15/01/2019,07:17:09,15,0,29.1,1.1,0.9,0.7,2,1,1.00,CYCLE,S
IND,208,6592,59453,15/01/2019,07:17:10,15,0,28.7,1.1,0.8,0.7,2,1,1.00,CYCLE,S
IND,208,6592,59453,15/01/2019,07:17:13,15,0,28.0,1.0,3.2,3.1,2,1,1.00,CYCLE,S
IND,208,6592,59453,15/01/2019,07:17:17,15,0,26.5,1.1,4.3,4.2,2,1,1.00,CYCLE,S
IND,208,6592,59453,15/01/2019,07:17:19,15,0,24.1,1.0,1.3,1.2,2,1,1.00,CYCLE,S
IND,208,6592,59453,15/01/2019,07:17:20,15,0,21.7,1.1,1.9,1.8,2,1,1.00,CYCLE,S
IND,208,6592,59453,15/01/2019,07:17:31,15,0,21.8,1.1,10.4,10.3,2,1,1.00,CYCLE,S
IND,208,6592,59453,15/01/2019,07:17:39,15,0,37.0,1.0,8.0,7.8,2,1,1.00,CYCLE,S
IND,208,6592,59453,15/01/2019,07:17:41,15,0,40.8,1.0,2.2,2.1,2,1,1.00,CYCLE,S
IND,208,6592,59453,15/01/2019,07:17:43,15,0,28.9,1.1,1.7,1.6,2,1,1.00,CYCLE,S
IND,208,6592,59453,15/01/2019,07:17:44,15,0,29.7,1.1,0.8,0.7,2,1,1.00,CYCLE,S
IND,208,6592,59453,15/01/2019,07:17:45,15,0,28.9,1.1,1.5,1.3,2,1,1.00,CYCLE,S
IND,208,6592,59452,15/01/2019,07:17:48,15,1,30.3,1.0,101.3,101.1,2,1,0.57,CYCLE,N
IND,208,6592,59452,15/01/2019,07:17:48,15,1,30.3,1.0,0.0,0.0,2,1,0.57,CYCLE,N
IND,208,6592,59453,15/01/2019,07:17:51,15,0,28.8,1.0,6.1,6.0,2,1,1.00,CYCLE,S
IND,208,6592,59453,15/01/2019,07:17:52,15,0,23.5,1.0,1.0,0.9,2,1,1.00,CYCLE,S
IND,208,6592,59453,15/01/2019,07:17:53,15,0,23.4,1.1,1.2,1.0,2,1,1.00,CYCLE,S
IND,208,6592,59452,15/01/2019,07:17:58,15,1,29.9,1.0,10.2,10.0,2,1,1.00,CYCLE,N
IND,208,6592,59452,15/01/2019,07:18:10,15,1,30.5,1.0,12.0,11.9,2,1,1.00,CYCLE,N
IND,208,6592,59453,15/01/2019,07:18:14,15,0,26.2,1.1,20.2,20.0,2,1,1.00,CYCLE,S
IND,208,6592,59453,15/01/2019,07:18:46,15,0,28.2,1.0,32.9,32.7,2,1,1.00,CYCLE,S
IND,208,6592,59453,15/01/2019,07:18:48,15,0,31.0,1.0,1.1,1.0,2,1,1.00,CYCLE,S
IND,208,6592,59453,15/01/2019,07:18:50,15,0,29.2,1.1,2.6,2.4,2,1,1.00,CYCLE,S
IND,208,6592,59453,15/01/2019,07:18:55,15,0,18.8,1.0,4.8,4.7,2,1,1.00,CYCLE,S
IND,208,6592,59453,15/01/2019,07:18:58,15,0,19.2,1.1,2.8,2.6,2,1,1.00,CYCLE,S
IND,208,6592,59453,15/01/2019,07:18:59,15,0,20.9,1.0,1.0,0.8,2,1,1.00,CYCLE,S
IND,208,6592,59453,15/01/2019,07:19:02,15,0,20.5,1.1,3.7,3.5,2,1,1.00,CYCLE,S
IND,208,6592,59453,15/01/2019,07:19:08,15,0,18.8,1.1,5.8,5.6,2,1,1.00,CYCLE,S
IND,208,6592,59453,15/01/2019,07:19:10,15,0,18.8,1.1,1.9,1.7,2,1,1.00,CYCLE,S
IND,208,6592,59453,15/01/2019,07:19:26,15,0,25.5,1.0,15.7,15.5,2,1,1.00,CYCLE,S
IND,208,6592,59453,15/01/2019,07:19:27,15,0,27.7,1.0,1.4,1.2,2,1,1.00,CYCLE,S
IND,208,6592,59453,15/01/2019,07:19:29,15,0,30.9,1.1,1.7,1.5,2,1,1.00,CYCLE,S
IND,208,6592,59453,15/01/2019,07:19:29,15,0,31.3,1.0,0.4,0.2,2,1,0.29,CYCLE,S
IND,208,6592,59453,15/01/2019,07:19:29,15,0,31.3,1.0,0.0,0.0,2,1,0.29,CYCLE,S
IND,208,6592,59453,15/01/2019,07:19:30,15,0,26.0,1.0,1.1,0.9,2,1,1.00,CYCLE,S
IND,208,6592,59453,15/01/2019,07:19:31,15,0,28.1,1.0,0.2,0.1,2,1,1.00,CYCLE,S
IND,208,6592,59453,15/01/2019,07:19:31,15,0,28.6,1.0,0.6,0.5,2,1,1.00,CYCLE,S
IND,208,6592,59453,15/01/2019,07:19:32,15,0,26.3,1.1,0.7,0.6,2,1,1.00,CYCLE,S
IND,208,6592,59453,15/01/2019,07:19:32,15,0,24.8,1.0,0.5,0.3,2,1,1.00,CYCLE,S
IND,208,6592,59453,15/01/2019,07:19:33,15,0,38.2,1.0,0.9,0.7,2,1,1.00,CYCLE,S
IND,208,6592,59453,15/01/2019,07:19:34,15,0,37.6,1.0,0.3,0.2,2,1,1.00,CYCLE,S
IND,208,6592,59453,15/01/2019,07:19:37,15,0,29.6,1.0,3.9,3.8,2,1,1.00,CYCLE,S
IND,208,6592,59453,15/01/2019,07:19:38,15,0,29.9,1.0,0.5,0.3,2,1,1.00,CYCLE,S
IND,208,6592,59453,15/01/2019,07:19:38,15,0,28.0,1.1,0.2,0.1,2,1,1.00,CYCLE,S
IND,208,6592,59453,15/01/2019,07:19:53,15,0,32.0,1.0,15.3,15.2,2,1,1.00,CYCLE,S
IND,208,6592,59453,15/01/2019,07:20:02,15,0,25.3,1.2,8.3,8.2,2,1,1.00,CYCLE,S
IND,208,6592,59452,15/01/2019,07:20:06,15,1,28.2,1.0,116.4,116.3,2,1,1.00,CYCLE,N
IND,208,6592,59453,15/01/2019,07:20:17,15,0,24.2,1.1,15.4,15.2,2,1,1.00,CYCLE,S
IND,208,6592,59453,15/01/2019,07:20:32,15,0,28.0,1.0,14.7,14.6,2,1,1.00,CYCLE,S
IND,208,6592,59453,15/01/2019,07:20:35,15,0,30.2,1.0,2.9,2.8,2,1,1.00,CYCLE,S
IND,208,6592,59453,15/01/2019,07:20:36,15,0,27.9,1.0,1.1,1.0,2,1,1.00,CYCLE,S
IND,208,6592,59453,15/01/2019,07:20:37,15,0,29.3,1.0,1.1,1.0,2,1,1.00,CYCLE,S
IND,208,6592,59453,15/01/2019,07:20:38,15,0,28.5,1.0,1.0,0.9,2,1,1.00,CYCLE,S
IND,208,6592,59453,15/01/2019,07:20:39,15,0,26.8,1.1,1.2,1.1,2,1,1.00,CYCLE,S
IND,208,6592,59453,15/01/2019,07:20:40,15,0,32.1,1.0,0.4,0.3,2,1,1.00,CYCLE,S
IND,208,6592,59453,15/01/2019,07:20:40,15,0,23.5,1.1,0.2,0.1,2,1,1.00,CYCLE,S
IND,208,6592,59453,15/01/2019,07:20:42,15,0,22.4,1.0,2.1,2.0,2,1,0.80,CYCLE,S
IND,208,6592,59453,15/01/2019,07:20:43,15,0,23.0,1.0,0.9,0.8,2,1,1.00,CYCLE,S
IND,208,6592,59453,15/01/2019,07:20:44,15,0,23.3,1.0,0.8,0.7,2,1,1.00,CYCLE,S
IND,208,6592,59453,15/01/2019,07:20:46,15,0,25.0,1.0,2.1,1.9,2,1,1.00,CYCLE,S
IND,208,6592,59453,15/01/2019,07:20:47,15,0,25.1,1.0,0.6,0.5,2,1,1.00,CYCLE,S
IND,208,6592,59453,15/01/2019,07:20:47,15,0,25.0,1.0,0.4,0.3,2,1,1.00,CYCLE,S
IND,208,6592,59453,15/01/2019,07:20:48,15,0,23.5,1.1,1.5,1.4,2,1,1.00,CYCLE,S
IND,208,6592,59453,15/01/2019,07:20:52,15,0,18.8,1.1,3.1,2.9,2,1,1.00,CYCLE,S
IND,208,6592,59453,15/01/2019,07:20:53,15,0,25.8,1.0,1.4,1.2,2,1,1.00,CYCLE,S
IND,208,6592,59453,15/01/2019,07:20:55,15,0,20.3,1.0,2.3,2.1,2,1,1.00,CYCLE,S
IND,208,6592,59453,15/01/2019,07:20:57,15,0,21.1,1.0,2.1,2.0,2,1,1.00,CYCLE,S
IND,208,6592,59453,15/01/2019,07:20:59,15,0,20.2,1.1,1.2,1.1,2,1,1.00,CYCLE,S
IND,208,6592,59453,15/01/2019,07:21:09,15,0,27.1,1.0,10.8,10.6,2,1,1.00,CYCLE,S
IND,208,6592,59453,15/01/2019,07:21:11,15,0,26.3,1.0,1.5,1.3,2,1,1.00,CYCLE,S
IND,208,6592,59453,15/01/2019,07:21:12,15,0,27.3,1.0,1.5,1.4,2,1,1.00,CYCLE,S
IND,208,6592,59453,15/01/2019,07:21:14,15,0,25.2,1.0,1.4,1.2,2,1,1.00,CYCLE,S
IND,208,6592,59453,15/01/2019,07:21:16,15,0,30.7,1.0,2.4,2.3,2,1,1.00,CYCLE,S
IND,208,6592,59453,15/01/2019,07:21:17,15,0,22.5,1.1,0.3,0.2,2,1,1.00,CYCLE,S
IND,208,6592,59453,15/01/2019,07:21:21,15,0,22.4,1.0,4.2,4.0,2,1,1.00,CYCLE,S
IND,208,6592,59453,15/01/2019,07:21:23,15,0,21.6,1.0,2.1,2.0,2,1,1.00,CYCLE,S
IND,208,6592,59453,15/01/2019,07:21:25,15,0,28.8,1.0,1.7,1.5,2,1,1.00,CYCLE,S
IND,208,6592,59453,15/01/2019,07:21:27,15,0,24.9,1.1,2.5,2.4,2,1,1.00,CYCLE,S
IND,208,6592,59452,15/01/2019,07:21:46,15,1,29.3,1.1,100.0,99.8,2,1,1.00,CYCLE,N
IND,208,6592,59452,15/01/2019,07:21:49,15,1,26.9,1.1,2.6,2.5,2,1,1.00,CYCLE,N
IND,208,6592,59453,15/01/2019,07:21:50,15,0,25.2,1.0,22.9,22.8,2,1,1.00,CYCLE,S
IND,208,6592,59453,15/01/2019,07:21:52,15,0,27.3,1.0,2.1,1.9,2,1,1.00,CYCLE,S
IND,208,6592,59453,15/01/2019,07:21:54,15,0,23.1,1.1,2.4,2.2,2,1,1.00,CYCLE,S
IND,208,6592,59453,15/01/2019,07:21:55,15,0,24.5,1.0,1.0,0.8,2,1,1.00,CYCLE,S
IND,208,6592,59453,15/01/2019,07:22:08,15,0,21.3,1.1,13.0,12.8,2,1,1.00,CYCLE,S
IND,208,6592,59453,15/01/2019,07:22:31,15,0,26.5,1.1,22.9,22.7,2,1,1.00,CYCLE,S
IND,208,6592,59453,15/01/2019,07:22:33,15,0,27.9,1.0,1.5,1.3,2,1,1.00,CYCLE,S
IND,208,6592,59453,15/01/2019,07:22:34,15,0,25.8,1.1,1.0,0.9,2,1,1.00,CYCLE,S
IND,208,6592,59453,15/01/2019,07:22:34,15,0,20.2,1.1,0.6,0.5,2,1,1.00,CYCLE,S
IND,208,6592,59453,15/01/2019,07:22:35,15,0,25.5,1.0,0.5,0.3,2,1,1.00,CYCLE,S
IND,208,6592,59453,15/01/2019,07:22:36,15,0,24.1,1.0,0.9,0.8,2,1,1.00,CYCLE,S
IND,208,6592,59453,15/01/2019,07:22:39,15,0,28.8,1.1,3.4,3.3,2,1,1.00,CYCLE,S
IND,208,6592,59453,15/01/2019,07:22:41,15,0,24.4,1.1,1.9,1.7,2,1,1.00,CYCLE,S
IND,208,6592,59453,15/01/2019,07:22:43,15,0,23.0,1.1,1.9,1.8,2,1,1.00,CYCLE,S
IND,208,6592,59453,15/01/2019,07:22:44,15,0,24.1,1.1,0.7,0.6,2,1,1.00,CYCLE,S
IND,208,6592,59453,15/01/2019,07:22:46,15,0,26.5,0.8,1.8,1.7,2,1,1.00,CYCLE,S
IND,208,6592,59453,15/01/2019,07:22:46,15,0,24.5,1.0,0.2,0.1,2,1,1.00,CYCLE,S
IND,208,6592,59453,15/01/2019,07:22:48,15,0,22.9,1.0,2.1,1.9,2,1,1.00,CYCLE,S
IND,208,6592,59453,15/01/2019,07:22:56,15,0,17.2,1.1,7.8,7.6,2,1,1.00,CYCLE,S
IND,208,6592,59453,15/01/2019,07:22:59,15,0,16.9,1.0,3.4,3.2,2,1,1.00,CYCLE,S
IND,208,6592,59453,15/01/2019,07:23:07,15,0,22.6,1.1,8.3,8.1,2,1,1.00,CYCLE,S
IND,208,6592,59453,15/01/2019,07:23:16,15,0,19.5,1.0,8.5,8.3,2,1,1.00,CYCLE,S
IND,208,6592,59453,15/01/2019,07:23:39,15,0,31.2,1.0,23.4,23.2,2,1,1.00,CYCLE,S
IND,208,6592,59453,15/01/2019,07:23:40,15,0,25.0,1.1,0.4,0.3,2,1,1.00,CYCLE,S
IND,208,6592,59453,15/01/2019,07:23:43,15,0,26.3,1.0,3.3,3.1,2,1,1.00,CYCLE,S
IND,208,6592,59453,15/01/2019,07:23:44,15,0,26.2,1.1,0.8,0.7,2,1,1.00,CYCLE,S
IND,208,6592,59453,15/01/2019,07:23:50,15,0,25.4,1.0,6.1,5.9,2,1,1.00,CYCLE,S
IND,208,6592,59453,15/01/2019,07:23:50,15,0,26.0,1.0,0.2,0.1,2,1,1.00,CYCLE,S
IND,208,6592,59452,15/01/2019,07:23:55,15,1,27.3,1.0,126.5,126.3,2,1,1.00,CYCLE,N
IND,208,6592,59452,15/01/2019,07:23:59,15,1,24.4,1.2,3.4,3.3,2,1,1.00,CYCLE,N
IND,208,6592,59453,15/01/2019,07:24:23,15,0,24.9,1.1,32.9,32.7,2,1,1.00,CYCLE,S
IND,208,6592,59453,15/01/2019,07:24:32,15,0,30.0,1.0,9.3,9.2,2,1,1.00,CYCLE,S
IND,208,6592,59453,15/01/2019,07:24:34,15,0,30.5,1.0,1.6,1.5,2,1,1.00,CYCLE,S
IND,208,6592,59453,15/01/2019,07:24:36,15,0,26.1,1.0,2.1,2.0,2,1,1.00,CYCLE,S
IND,208,6592,59453,15/01/2019,07:24:36,15,0,30.3,1.0,0.4,0.3,2,1,1.00,CYCLE,S
IND,208,6592,59453,15/01/2019,07:24:37,15,0,30.6,1.1,1.0,0.9,2,1,1.00,CYCLE,S
IND,208,6592,59453,15/01/2019,07:24:38,15,0,33.7,1.0,0.8,0.7,2,1,0.50,CYCLE,S
IND,208,6592,59452,15/01/2019,07:24:38,15,1,33.7,1.0,0.0,0.0,2,1,0.50,CYCLE,N
IND,208,6592,59453,15/01/2019,07:24:39,15,0,25.7,1.0,1.3,1.5,2,1,0.89,CYCLE,S
IND,208,6592,59453,15/01/2019,07:24:39,15,0,25.7,1.0,0.0,0.0,2,1,0.89,CYCLE,S
IND,208,6592,59453,15/01/2019,07:24:43,15,0,22.2,1.1,3.1,1.4,2,1,1.00,CYCLE,S
IND,208,6592,59453,15/01/2019,07:24:43,15,0,22.4,1.0,0.7,0.6,2,1,1.00,CYCLE,S
IND,208,6592,59453,15/01/2019,07:24:48,15,0,23.1,1.1,4.5,4.3,2,1,1.00,CYCLE,S
IND,208,6592,59453,15/01/2019,07:25:05,15,0,29.8,1.0,17.4,17.2,2,1,1.00,CYCLE,S
IND,208,6592,59453,15/01/2019,07:25:29,15,0,26.8,1.0,23.6,23.5,2,1,1.00,CYCLE,S
IND,208,6592,59452,15/01/2019,07:25:40,15,1,31.6,1.0,100.9,100.7,2,1,1.00,CYCLE,N
IND,208,6592,59452,15/01/2019,07:25:40,15,1,32.1,1.0,0.7,0.6,2,1,1.00,CYCLE,N
IND,208,6592,59452,15/01/2019,07:25:45,15,1,20.1,1.1,4.2,4.1,2,1,1.00,CYCLE,N
IND,208,6592,59452,15/01/2019,07:26:12,15,1,26.5,1.1,27.1,26.9,2,1,1.00,CYCLE,N
IND,208,6592,59453,15/01/2019,07:26:52,15,0,34.3,1.0,83.1,82.9,2,1,1.00,CYCLE,S
IND,208,6592,59453,15/01/2019,07:26:53,15,0,27.5,1.0,0.8,0.7,2,1,1.00,CYCLE,S
IND,208,6592,59453,15/01/2019,07:26:54,15,0,24.5,1.0,1.4,1.2,2,1,1.00,CYCLE,S
IND,208,6592,59453,15/01/2019,07:26:55,15,0,26.7,1.1,1.0,0.8,2,1,1.00,CYCLE,S
IND,208,6592,59453,15/01/2019,07:27:01,15,0,25.9,1.0,3.8,3.4,2,1,1.00,CYCLE,S
IND,208,6592,59453,15/01/2019,07:27:02,15,0,24.4,1.0,1.6,1.4,2,1,1.00,CYCLE,S
IND,208,6592,59453,15/01/2019,07:27:03,15,0,28.2,1.1,1.0,0.8,2,1,1.00,CYCLE,S
IND,208,6592,59453,15/01/2019,07:27:04,15,0,23.6,1.0,0.3,0.2,2,1,1.00,CYCLE,S
IND,208,6592,59453,15/01/2019,07:27:05,15,0,24.7,1.0,1.7,1.4,2,1,1.00,CYCLE,S
IND,208,6592,59453,15/01/2019,07:27:10,15,0,23.9,1.0,4.3,4.1,2,1,1.00,CYCLE,S
IND,208,6592,59453,15/01/2019,07:27:11,15,0,18.9,1.1,1.2,1.0,2,1,1.00,CYCLE,S
IND,208,6592,59453,15/01/2019,07:27:14,15,0,24.1,1.1,2.9,2.7,2,1,1.00,CYCLE,S
IND,208,6592,59453,15/01/2019,07:27:24,15,0,27.9,1.0,10.2,10.1,2,1,1.00,CYCLE,S
IND,208,6592,59453,15/01/2019,07:27:26,15,0,27.0,1.0,1.4,1.4,2,1,1.00,CYCLE,S
IND,208,6592,59453,15/01/2019,07:27:30,15,0,25.8,1.0,3.6,3.5,2,1,1.00,CYCLE,S
IND,208,6592,59453,15/01/2019,07:27:30,15,0,28.0,1.0,0.2,0.1,2,1,1.00,CYCLE,S
IND,208,6592,59453,15/01/2019,07:27:30,15,0,31.8,1.0,0.6,0.4,2,1,1.00,CYCLE,S
IND,208,6592,59453,15/01/2019,07:27:32,15,0,33.5,1.0,1.4,1.2,2,1,1.00,CYCLE,S
IND,208,6592,59453,15/01/2019,07:27:33,15,0,26.0,1.1,1.2,1.1,2,1,1.00,CYCLE,S
IND,208,6592,59453,15/01/2019,07:27:33,15,0,27.5,1.0,0.4,0.3,2,1,1.00,CYCLE,S
IND,208,6592,59453,15/01/2019,07:27:34,15,0,35.5,1.0,0.5,0.4,2,1,1.00,CYCLE,S
IND,208,6592,59453,15/01/2019,07:27:34,15,0,23.0,1.0,0.6,0.5,2,1,1.00,CYCLE,S
IND,208,6592,59453,15/01/2019,07:27:36,15,0,26.1,1.1,1.9,1.7,2,1,1.00,CYCLE,S
IND,208,6592,59453,15/01/2019,07:27:39,15,0,34.5,1.0,2.9,2.7,2,1,1.00,CYCLE,S
IND,208,6592,59453,15/01/2019,07:27:39,15,0,34.9,1.0,0.2,0.1,2,1,1.00,CYCLE,S
IND,208,6592,59453,15/01/2019,07:27:40,15,0,26.7,1.0,0.3,0.2,2,1,1.00,CYCLE,S
IND,208,6592,59453,15/01/2019,07:27:41,15,0,22.0,1.1,1.5,1.3,2,1,1.00,CYCLE,S
IND,208,6592,59453,15/01/2019,07:27:42,15,0,26.7,1.1,0.8,0.6,2,1,1.00,CYCLE,S
IND,208,6592,59453,15/01/2019,07:27:42,15,0,26.9,1.1,0.5,0.3,2,1,1.00,CYCLE,S
IND,208,6592,59453,15/01/2019,07:27:43,15,0,32.2,1.0,0.9,0.7,2,1,1.00,CYCLE,S
IND,208,6592,59453,15/01/2019,07:27:46,15,0,27.2,1.0,2.4,2.3,2,1,0.75,CYCLE,S
IND,208,6592,59453,15/01/2019,07:27:46,15,0,21.0,1.0,0.7,0.6,2,1,0.67,CYCLE,S
IND,208,6592,59453,15/01/2019,07:27:46,15,0,21.0,1.0,0.0,0.0,2,1,0.67,CYCLE,S
IND,208,6592,59453,15/01/2019,07:27:49,15,0,27.3,1.1,2.2,1.4,2,1,1.00,CYCLE,S
IND,208,6592,59453,15/01/2019,07:27:50,15,0,24.6,1.0,1.7,1.6,2,1,1.00,CYCLE,S
IND,208,6592,59453,15/01/2019,07:27:54,15,0,23.8,1.1,3.7,3.5,2,1,1.00,CYCLE,S
IND,208,6592,59453,15/01/2019,07:28:05,15,0,20.7,1.0,10.8,10.6,2,1,1.00,CYCLE,S
IND,208,6592,59453,15/01/2019,07:28:12,15,0,19.1,1.0,6.9,6.7,2,1,1.00,CYCLE,S
IND,208,6592,59453,15/01/2019,07:28:12,15,0,19.1,1.0,0.0,0.0,2,1,1.00,CYCLE,S
IND,208,6592,59453,15/01/2019,07:28:14,15,0,21.7,1.1,2.3,2.0,2,1,1.00,CYCLE,S
IND,208,6592,59453,15/01/2019,07:28:31,15,0,31.5,1.0,17.4,17.2,2,1,1.00,CYCLE,S
IND,208,6592,59453,15/01/2019,07:28:32,15,0,27.6,1.1,1.2,1.1,2,1,1.00,CYCLE,S
IND,208,6592,59453,15/01/2019,07:28:35,15,0,24.2,1.1,2.5,2.4,2,1,1.00,CYCLE,S
IND,208,6592,59453,15/01/2019,07:28:36,15,0,30.3,1.0,0.7,0.5,2,1,1.00,CYCLE,S
IND,208,6592,59453,15/01/2019,07:28:37,15,0,28.0,1.0,1.4,1.3,2,1,1.00,CYCLE,S
IND,208,6592,59453,15/01/2019,07:28:38,15,0,30.8,1.0,0.6,0.4,2,1,1.00,CYCLE,S
IND,208,6592,59453,15/01/2019,07:28:39,15,0,25.3,1.1,1.0,0.9,2,1,1.00,CYCLE,S
IND,208,6592,59453,15/01/2019,07:28:41,15,0,23.5,1.0,2.4,2.2,2,1,1.00,CYCLE,S
IND,208,6592,59453,15/01/2019,07:28:42,15,0,21.8,1.0,0.7,0.5,2,1,1.00,CYCLE,S
IND,208,6592,59453,15/01/2019,07:28:42,15,0,22.7,1.0,0.4,0.2,2,1,1.00,CYCLE,S
IND,208,6592,59453,15/01/2019,07:28:44,15,0,24.2,1.1,2.0,1.8,2,1,1.00,CYCLE,S
IND,208,6592,59453,15/01/2019,07:28:52,15,0,20.2,1.0,8.3,8.2,2,1,1.00,CYCLE,S
IND,208,6592,59453,15/01/2019,07:29:01,15,0,16.8,1.1,8.4,8.2,2,1,1.00,CYCLE,S
IND,208,6592,59453,15/01/2019,07:29:23,15,0,31.3,1.1,21.9,21.6,2,1,1.00,CYCLE,S
IND,208,6592,59453,15/01/2019,07:29:28,15,0,26.3,1.1,5.1,5.0,2,1,1.00,CYCLE,S
IND,208,6592,59453,15/01/2019,07:29:29,15,0,27.7,1.1,0.8,0.6,2,1,1.00,CYCLE,S
IND,208,6592,59453,15/01/2019,07:29:29,15,0,28.3,1.0,0.8,0.6,2,1,1.00,CYCLE,S
IND,208,6592,59453,15/01/2019,07:29:31,15,0,28.8,1.0,1.8,1.7,2,1,1.00,CYCLE,S
IND,208,6592,59453,15/01/2019,07:29:32,15,0,22.4,1.1,0.9,0.7,2,1,1.00,CYCLE,S
IND,208,6592,59453,15/01/2019,07:29:32,15,0,22.4,1.0,0.3,0.2,2,1,1.00,CYCLE,S
IND,208,6592,59453,15/01/2019,07:29:35,15,0,22.9,1.1,2.7,2.5,2,1,1.00,CYCLE,S
IND,208,6592,59453,15/01/2019,07:29:39,15,0,21.9,1.1,4.0,3.8,2,1,1.00,CYCLE,S
IND,208,6592,59453,15/01/2019,07:29:46,15,0,23.9,1.1,7.2,7.0,2,1,1.00,CYCLE,S
IND,208,6592,59452,15/01/2019,07:29:49,15,1,21.9,1.1,217.2,217.1,2,1,1.00,CYCLE,N
IND,208,6592,59453,15/01/2019,07:29:53,15,0,28.8,1.1,7.0,6.8,2,1,1.00,CYCLE,S
IND,208,6592,59453,15/01/2019,07:30:00,15,0,19.9,1.0,6.5,6.7,2,1,0.80,CYCLE,S
IND,208,6592,59453,15/01/2019,07:30:06,15,0,20.6,1.1,6.4,5.8,2,1,1.00,CYCLE,S
IND,208,6592,59453,15/01/2019,07:30:30,15,0,27.6,1.1,23.8,23.6,2,1,1.00,CYCLE,S
IND,208,6592,59453,15/01/2019,07:30:32,15,0,27.1,1.0,2.4,2.2,2,1,1.00,CYCLE,S
IND,208,6592,59453,15/01/2019,07:30:34,15,0,26.6,1.0,2.2,2.1,2,1,1.00,CYCLE,S
IND,208,6592,59453,15/01/2019,07:30:36,15,0,25.9,1.0,1.5,1.4,2,1,1.00,CYCLE,S
IND,208,6592,59453,15/01/2019,07:30:36,15,0,25.8,1.0,0.3,0.2,2,1,1.00,CYCLE,S
IND,208,6592,59453,15/01/2019,07:30:38,15,0,22.5,1.0,1.6,1.4,2,1,1.00,CYCLE,S
IND,208,6592,59453,15/01/2019,07:30:39,15,0,22.6,1.0,1.4,1.2,2,1,1.00,CYCLE,S
IND,208,6592,59453,15/01/2019,07:30:40,15,0,25.6,1.0,0.5,0.3,2,1,1.00,CYCLE,S
IND,208,6592,59453,15/01/2019,07:30:41,15,0,22.8,1.0,1.0,0.8,2,1,1.00,CYCLE,S
IND,208,6592,59453,15/01/2019,07:30:45,15,0,24.4,1.0,3.8,3.6,2,1,1.00,CYCLE,S
IND,208,6592,59453,15/01/2019,07:30:47,15,0,18.5,1.0,2.5,2.4,2,1,1.00,CYCLE,S
IND,208,6592,59453,15/01/2019,07:30:49,15,0,20.5,1.0,1.9,1.7,2,1,1.00,CYCLE,S
IND,208,6592,59453,15/01/2019,07:30:50,15,0,24.1,1.0,0.9,0.8,2,1,1.00,CYCLE,S
IND,208,6592,59453,15/01/2019,07:30:51,15,0,23.4,1.1,1.3,1.2,2,1,1.00,CYCLE,S
IND,208,6592,59453,15/01/2019,07:30:52,15,0,21.6,1.0,0.7,0.6,2,1,1.00,CYCLE,S
IND,208,6592,59453,15/01/2019,07:30:54,15,0,21.1,1.0,1.7,1.5,2,1,1.00,CYCLE,S
IND,208,6592,59453,15/01/2019,07:30:55,15,0,21.8,1.1,1.6,1.4,2,1,1.00,CYCLE,S
IND,208,6592,59453,15/01/2019,07:30:59,15,0,20.8,1.1,3.9,3.7,2,1,1.00,CYCLE,S
IND,208,6592,59453,15/01/2019,07:31:01,15,0,21.1,1.1,1.4,1.2,2,1,1.00,CYCLE,S
IND,208,6592,59453,15/01/2019,07:31:13,15,0,26.5,1.1,12.1,11.9,2,1,1.00,CYCLE,S
IND,208,6592,59453,15/01/2019,07:31:14,15,0,29.9,1.0,1.3,1.2,2,1,1.00,CYCLE,S
IND,208,6592,59453,15/01/2019,07:31:15,15,0,24.5,1.0,0.8,0.7,2,1,1.00,CYCLE,S
IND,208,6592,59453,15/01/2019,07:31:15,15,0,23.8,1.1,0.6,0.5,2,1,1.00,CYCLE,S
IND,208,6592,59453,15/01/2019,07:31:17,15,0,22.1,0.8,1.6,1.4,2,1,1.00,CYCLE,S
IND,208,6592,59453,15/01/2019,07:31:21,15,0,20.4,1.0,4.1,4.0,2,1,1.00,CYCLE,S
IND,208,6592,59453,15/01/2019,07:31:33,15,0,35.2,1.1,11.4,11.2,2,1,1.00,CYCLE,S
IND,208,6592,59453,15/01/2019,07:31:35,15,0,26.8,1.0,2.5,2.4,2,1,1.00,CYCLE,S
IND,208,6592,59453,15/01/2019,07:31:42,15,0,25.2,1.1,6.5,6.4,2,1,1.00,CYCLE,S
IND,208,6592,59452,15/01/2019,07:31:51,15,1,26.2,1.0,122.5,122.3,2,1,1.00,CYCLE,N
IND,208,6592,59453,15/01/2019,07:31:59,15,0,27.8,1.1,17.7,17.6,2,1,1.00,CYCLE,S
IND,208,6592,59453,15/01/2019,07:32:04,15,0,25.4,1.1,4.2,4.1,2,1,1.00,CYCLE,S
IND,208,6592,59453,15/01/2019,07:32:10,15,0,23.0,1.1,6.3,6.1,2,1,1.00,CYCLE,S
IND,208,6592,59453,15/01/2019,07:32:12,15,0,12.9,1.0,2.3,2.2,2,1,1.00,CYCLE,S
IND,208,6592,59453,15/01/2019,07:32:49,15,0,27.8,1.0,36.6,36.3,2,1,1.00,CYCLE,S
IND,208,6592,59453,15/01/2019,07:32:51,15,0,26.2,1.0,1.9,1.7,2,1,1.00,CYCLE,S
IND,208,6592,59453,15/01/2019,07:32:53,15,0,26.6,1.0,2.8,2.6,2,1,1.00,CYCLE,S
IND,208,6592,59453,15/01/2019,07:32:54,15,0,23.4,1.0,0.7,0.6,2,1,1.00,CYCLE,S
IND,208,6592,59453,15/01/2019,07:32:56,15,0,23.7,1.1,2.1,1.9,2,1,1.00,CYCLE,S
IND,208,6592,59453,15/01/2019,07:32:57,15,0,26.1,1.1,1.1,0.9,2,1,1.00,CYCLE,S
IND,208,6592,59453,15/01/2019,07:33:01,15,0,23.2,1.0,4.2,4.1,2,1,1.00,CYCLE,S
IND,208,6592,59453,15/01/2019,07:33:03,15,0,20.5,1.1,1.4,1.2,2,1,1.00,CYCLE,S
IND,208,6592,59453,15/01/2019,07:33:03,15,0,23.1,1.1,0.4,0.2,2,1,1.00,CYCLE,S
IND,208,6592,59453,15/01/2019,07:33:26,15,0,29.3,1.0,22.4,22.3,2,1,1.00,CYCLE,S
IND,208,6592,59453,15/01/2019,07:33:26,15,0,29.6,1.0,0.6,0.5,2,1,1.00,CYCLE,S
IND,208,6592,59453,15/01/2019,07:33:27,15,0,26.9,1.0,0.6,0.5,2,1,1.00,CYCLE,S
IND,208,6592,59453,15/01/2019,07:33:27,15,0,27.1,1.0,0.5,0.4,2,1,1.00,CYCLE,S
IND,208,6592,59453,15/01/2019,07:33:33,15,0,24.7,1.1,5.4,5.3,2,1,1.00,CYCLE,S
IND,208,6592,59453,15/01/2019,07:33:34,15,0,29.3,1.0,0.9,0.7,2,1,1.00,CYCLE,S
IND,208,6592,59453,15/01/2019,07:33:34,15,0,29.0,1.0,0.3,0.2,2,1,1.00,CYCLE,S
IND,208,6592,59453,15/01/2019,07:33:36,15,0,29.9,1.0,1.6,1.5,2,1,1.00,CYCLE,S
IND,208,6592,59453,15/01/2019,07:33:37,15,0,23.9,1.2,1.1,1.0,2,1,1.00,CYCLE,S
IND,208,6592,59453,15/01/2019,07:33:39,15,0,26.2,1.0,2.0,1.9,2,1,1.00,CYCLE,S
IND,208,6592,59453,15/01/2019,07:33:51,15,0,25.8,1.0,12.2,12.1,2,1,1.00,CYCLE,S
IND,208,6592,59453,15/01/2019,07:33:57,15,0,26.0,1.1,5.7,5.6,2,1,1.00,CYCLE,S
IND,208,6592,59453,15/01/2019,07:34:03,15,0,26.7,1.0,6.1,6.0,2,1,1.00,CYCLE,S
IND,208,6592,59452,15/01/2019,07:34:10,15,1,26.4,1.0,138.5,138.4,2,1,1.00,CYCLE,N
IND,208,6592,59453,15/01/2019,07:34:33,15,0,29.1,1.1,29.9,29.7,2,1,1.00,CYCLE,S
IND,208,6592,59453,15/01/2019,07:34:36,15,0,27.9,1.1,3.3,3.2,2,1,1.00,CYCLE,S
IND,208,6592,59453,15/01/2019,07:34:38,15,0,22.7,1.0,1.9,1.7,2,1,1.00,CYCLE,S
IND,208,6592,59453,15/01/2019,07:34:38,15,0,21.5,1.0,0.3,0.1,2,1,1.00,CYCLE,S
IND,208,6592,59453,15/01/2019,07:34:39,15,0,20.7,1.0,0.4,0.2,2,1,1.00,CYCLE,S
IND,208,6592,59453,15/01/2019,07:34:39,15,0,23.8,1.0,0.9,0.7,2,1,1.00,CYCLE,S
IND,208,6592,59453,15/01/2019,07:34:40,15,0,28.6,1.0,1.0,0.8,2,1,1.00,CYCLE,S
IND,208,6592,59453,15/01/2019,07:34:41,15,0,25.9,1.1,1.0,0.9,2,1,1.00,CYCLE,S
IND,208,6592,59453,15/01/2019,07:34:42,15,0,25.3,1.1,0.9,0.8,2,1,1.00,CYCLE,S
IND,208,6592,59453,15/01/2019,07:34:44,15,0,25.2,1.1,1.3,1.1,2,1,1.00,CYCLE,S
IND,208,6592,59453,15/01/2019,07:34:51,15,0,20.9,1.0,7.1,7.0,2,1,1.00,CYCLE,S
IND,208,6592,59453,15/01/2019,07:35:07,15,0,31.6,1.0,16.3,16.2,2,1,1.00,CYCLE,S
IND,208,6592,59453,15/01/2019,07:35:10,15,0,28.2,1.0,2.8,2.7,2,1,1.00,CYCLE,S
IND,208,6592,59453,15/01/2019,07:35:13,15,0,29.5,1.0,2.8,2.6,2,1,1.00,CYCLE,S
IND,208,6592,59453,15/01/2019,07:35:17,15,0,30.4,1.1,4.6,4.5,2,1,1.00,CYCLE,S
IND,208,6592,59453,15/01/2019,07:35:19,15,0,27.3,1.0,1.4,1.2,2,1,1.00,CYCLE,S
IND,208,6592,59452,15/01/2019,07:35:27,15,1,12.3,1.0,76.7,76.6,2,1,1.00,CYCLE,N
IND,208,6592,59452,15/01/2019,07:35:28,15,1,13.0,1.1,1.1,0.8,2,1,1.00,CYCLE,N
IND,208,6592,59453,15/01/2019,07:35:36,15,0,29.5,1.0,17.9,17.7,2,1,1.00,CYCLE,S
IND,208,6592,59453,15/01/2019,07:35:43,15,0,27.5,1.0,6.7,6.6,2,1,1.00,CYCLE,S
IND,208,6592,59453,15/01/2019,07:35:49,15,0,24.0,1.1,6.0,5.9,2,1,1.00,CYCLE,S
IND,208,6592,59452,15/01/2019,07:35:52,15,1,27.6,1.0,24.4,24.0,2,1,1.00,CYCLE,N
IND,208,6592,59453,15/01/2019,07:35:53,15,0,24.7,1.1,3.4,3.2,2,1,1.00,CYCLE,S
IND,208,6592,59452,15/01/2019,07:36:13,15,1,23.2,1.0,20.8,20.7,2,1,1.00,CYCLE,N
IND,208,6592,59453,15/01/2019,07:36:32,15,0,33.5,1.0,39.4,39.2,2,1,1.00,CYCLE,S
IND,208,6592,59453,15/01/2019,07:36:36,15,0,24.2,1.1,3.7,3.6,2,1,1.00,CYCLE,S
IND,208,6592,59453,15/01/2019,07:36:38,15,0,29.8,1.1,2.5,2.4,2,1,1.00,CYCLE,S
IND,208,6592,59453,15/01/2019,07:36:40,15,0,24.1,1.0,1.8,1.7,2,1,1.00,CYCLE,S
IND,208,6592,59453,15/01/2019,07:36:40,15,0,27.4,1.1,0.2,0.1,2,1,1.00,CYCLE,S
IND,208,6592,59453,15/01/2019,07:36:41,15,0,25.3,1.1,0.9,0.7,2,1,1.00,CYCLE,S
IND,208,6592,59453,15/01/2019,07:36:43,15,0,22.6,1.1,2.3,2.1,2,1,1.00,CYCLE,S
IND,208,6592,59453,15/01/2019,07:36:44,15,0,24.0,1.0,0.7,0.5,2,1,1.00,CYCLE,S
IND,208,6592,59453,15/01/2019,07:36:45,15,0,23.8,1.0,0.4,0.3,2,1,1.00,CYCLE,S
IND,208,6592,59453,15/01/2019,07:36:45,15,0,23.1,1.1,0.7,0.5,2,1,1.00,CYCLE,S
IND,208,6592,59453,15/01/2019,07:36:46,15,0,27.3,1.1,1.2,1.0,2,1,1.00,CYCLE,S
IND,208,6592,59453,15/01/2019,07:36:48,15,0,25.1,1.1,1.4,1.2,2,1,1.00,CYCLE,S
IND,208,6592,59453,15/01/2019,07:36:49,15,0,20.6,1.1,1.3,1.2,2,1,1.00,CYCLE,S
IND,208,6592,59453,15/01/2019,07:36:51,15,0,22.8,1.1,2.3,2.1,2,1,1.00,CYCLE,S
IND,208,6592,59453,15/01/2019,07:36:53,15,0,21.6,1.1,1.5,1.3,2,1,1.00,CYCLE,S
IND,208,6592,59453,15/01/2019,07:37:03,15,0,24.3,1.2,10.3,10.1,2,1,1.00,CYCLE,S
IND,208,6592,59453,15/01/2019,07:37:23,15,0,25.8,1.0,20.1,19.9,2,1,1.00,CYCLE,S
IND,208,6592,59453,15/01/2019,07:37:24,15,0,25.5,1.0,0.3,0.2,2,1,1.00,CYCLE,S
IND,208,6592,59453,15/01/2019,07:37:24,15,0,25.1,1.0,0.3,0.1,2,1,1.00,CYCLE,S
IND,208,6592,59453,15/01/2019,07:37:25,15,0,25.6,1.0,0.6,0.5,2,1,1.00,CYCLE,S
IND,208,6592,59453,15/01/2019,07:37:26,15,0,27.6,1.0,1.9,1.7,2,1,1.00,CYCLE,S
IND,208,6592,59453,15/01/2019,07:37:27,15,0,29.4,1.0,0.6,0.5,2,1,1.00,CYCLE,S
IND,208,6592,59453,15/01/2019,07:37:27,15,0,25.1,1.0,0.3,0.2,2,1,1.00,CYCLE,S
IND,208,6592,59453,15/01/2019,07:37:29,15,0,22.7,1.0,1.4,1.3,2,1,1.00,CYCLE,S
IND,208,6592,59453,15/01/2019,07:37:30,15,0,34.6,1.1,1.0,0.8,2,1,1.00,CYCLE,S
IND,208,6592,59453,15/01/2019,07:37:35,15,0,23.8,1.1,4.9,4.8,2,1,1.00,CYCLE,S
IND,208,6592,59453,15/01/2019,07:37:36,15,0,26.9,1.1,0.8,0.7,2,1,1.00,CYCLE,S
IND,208,6592,59453,15/01/2019,07:37:49,15,0,24.2,1.0,13.0,12.9,2,1,1.00,CYCLE,S
IND,208,6592,59453,15/01/2019,07:37:49,15,0,24.8,1.1,0.9,0.8,2,1,1.00,CYCLE,S
IND,208,6592,59453,15/01/2019,07:37:51,15,0,23.1,1.1,1.6,1.4,2,1,1.00,CYCLE,S
IND,208,6592,59453,15/01/2019,07:37:52,15,0,23.8,1.0,1.3,1.1,2,1,1.00,CYCLE,S
IND,208,6592,59453,15/01/2019,07:37:53,15,0,23.1,1.1,0.6,0.4,2,1,1.00,CYCLE,S
IND,208,6592,59453,15/01/2019,07:38:00,15,0,25.3,1.1,7.2,7.0,2,1,1.00,CYCLE,S
IND,208,6592,59453,15/01/2019,07:38:07,15,0,25.4,1.0,7.1,7.0,2,1,1.00,CYCLE,S
IND,208,6592,59453,15/01/2019,07:38:31,15,0,28.3,1.1,23.9,23.7,2,1,1.00,CYCLE,S
IND,208,6592,59453,15/01/2019,07:38:35,15,0,23.2,1.1,3.8,3.7,2,1,1.00,CYCLE,S
IND,208,6592,59453,15/01/2019,07:38:36,15,0,27.3,1.0,0.6,0.5,2,1,1.00,CYCLE,S
IND,208,6592,59453,15/01/2019,07:38:36,15,0,22.4,1.0,0.5,0.3,2,1,1.00,CYCLE,S
IND,208,6592,59453,15/01/2019,07:38:37,15,0,26.3,1.1,1.0,0.9,2,1,1.00,CYCLE,S
IND,208,6592,59453,15/01/2019,07:38:41,15,0,23.0,1.0,3.9,3.8,2,1,1.00,CYCLE,S
IND,208,6592,59453,15/01/2019,07:38:42,15,0,22.8,1.1,1.1,0.9,2,1,1.00,CYCLE,S
IND,208,6592,59453,15/01/2019,07:38:43,15,0,22.2,1.0,0.5,0.4,2,1,1.00,CYCLE,S
IND,208,6592,59453,15/01/2019,07:38:43,15,0,22.3,1.1,0.6,0.4,2,1,1.00,CYCLE,S
IND,208,6592,59453,15/01/2019,07:38:45,15,0,24.1,1.1,1.8,1.7,2,1,1.00,CYCLE,S
IND,208,6592,59453,15/01/2019,07:38:46,15,0,22.9,1.1,1.4,1.2,2,1,1.00,CYCLE,S
IND,208,6592,59453,15/01/2019,07:38:49,15,0,19.9,1.1,2.5,2.3,2,1,1.00,CYCLE,S
IND,208,6592,59453,15/01/2019,07:38:51,15,0,21.8,1.1,1.8,1.6,2,1,1.00,CYCLE,S
IND,208,6592,59452,15/01/2019,07:39:48,15,1,20.7,1.1,215.2,215.1,2,1,1.00,CYCLE,N
IND,208,6592,59453,15/01/2019,07:39:50,15,0,24.4,1.1,59.6,59.4,2,1,1.00,CYCLE,S
IND,208,6592,59452,15/01/2019,07:40:12,15,1,25.9,1.1,23.9,23.7,2,1,1.00,CYCLE,N
IND,208,6592,59453,15/01/2019,07:40:31,15,0,30.1,1.0,40.4,40.2,2,1,1.00,CYCLE,S
IND,208,6592,59453,15/01/2019,07:40:37,15,0,30.4,1.0,6.2,6.1,2,1,1.00,CYCLE,S
IND,208,6592,59453,15/01/2019,07:40:38,15,0,29.5,1.0,0.9,0.8,2,1,1.00,CYCLE,S
IND,208,6592,59453,15/01/2019,07:40:40,15,0,23.0,1.0,2.2,2.1,2,1,1.00,CYCLE,S
IND,208,6592,59453,15/01/2019,07:40:41,15,0,23.6,1.1,1.5,1.3,2,1,1.00,CYCLE,S
IND,208,6592,59453,15/01/2019,07:40:42,15,0,22.9,1.0,1.1,1.0,2,1,1.00,CYCLE,S
IND,208,6592,59453,15/01/2019,07:40:44,15,0,21.8,1.1,1.8,1.7,2,1,1.00,CYCLE,S
IND,208,6592,59453,15/01/2019,07:40:47,15,0,24.6,1.1,2.7,2.5,2,1,1.00,CYCLE,S
IND,208,6592,59453,15/01/2019,07:40:55,15,0,20.8,1.1,7.7,7.5,2,1,1.00,CYCLE,S
IND,208,6592,59453,15/01/2019,07:40:57,15,0,16.8,1.0,2.7,2.5,2,1,1.00,CYCLE,S
IND,208,6592,59453,15/01/2019,07:41:06,15,0,22.7,1.1,8.5,8.3,2,1,1.00,CYCLE,S
IND,208,6592,59453,15/01/2019,07:41:11,15,0,22.6,1.0,5.2,5.0,2,1,1.00,CYCLE,S
IND,208,6592,59453,15/01/2019,07:41:12,15,0,24.5,1.0,0.7,0.5,2,1,1.00,CYCLE,S
IND,208,6592,59453,15/01/2019,07:41:16,15,0,25.7,1.0,3.8,3.7,2,1,1.00,CYCLE,S
IND,208,6592,59453,15/01/2019,07:41:18,15,0,19.3,1.0,2.1,1.9,2,1,1.00,CYCLE,S
IND,208,6592,59453,15/01/2019,07:41:19,15,0,20.9,1.0,1.0,0.8,2,1,1.00,CYCLE,S
IND,208,6592,59453,15/01/2019,07:41:30,15,0,24.9,1.1,11.2,11.0,2,1,1.00,CYCLE,S
IND,208,6592,59453,15/01/2019,07:41:34,15,0,26.6,1.0,4.3,4.1,2,1,1.00,CYCLE,S
IND,208,6592,59452,15/01/2019,07:42:04,15,1,23.9,1.1,111.6,111.5,2,1,1.00,CYCLE,N
IND,208,6592,59453,15/01/2019,07:42:32,15,0,29.0,1.1,58.3,58.1,2,1,1.00,CYCLE,S
IND,208,6592,59453,15/01/2019,07:42:34,15,0,29.0,1.1,1.3,1.1,2,1,1.00,CYCLE,S
IND,208,6592,59453,15/01/2019,07:42:37,15,0,26.8,1.0,3.0,2.9,2,1,1.00,CYCLE,S
IND,208,6592,59453,15/01/2019,07:42:41,15,0,29.8,1.1,4.0,3.8,2,1,1.00,CYCLE,S
IND,208,6592,59453,15/01/2019,07:42:41,15,0,25.2,1.0,0.2,0.1,2,1,1.00,CYCLE,S
IND,208,6592,59452,15/01/2019,07:42:43,15,1,26.6,1.0,39.1,39.0,2,1,1.00,CYCLE,N
IND,208,6592,59453,15/01/2019,07:42:44,15,0,23.2,1.0,3.0,2.8,2,1,1.00,CYCLE,S
IND,208,6592,59453,15/01/2019,07:42:44,15,0,23.2,1.0,0.0,0.0,2,1,1.00,CYCLE,S
IND,208,6592,59453,15/01/2019,07:42:45,15,0,22.4,1.0,1.1,0.8,2,1,1.00,CYCLE,S
IND,208,6592,59453,15/01/2019,07:42:46,15,0,21.6,1.0,1.4,1.3,2,1,1.00,CYCLE,S
IND,208,6592,59453,15/01/2019,07:42:48,15,0,21.1,1.0,1.1,1.0,2,1,1.00,CYCLE,S
IND,208,6592,59453,15/01/2019,07:42:48,15,0,21.0,1.1,0.5,0.3,2,1,1.00,CYCLE,S
IND,208,6592,59453,15/01/2019,07:42:49,15,0,21.3,1.0,0.5,0.3,2,1,1.00,CYCLE,S
IND,208,6592,59453,15/01/2019,07:42:50,15,0,22.3,1.0,1.0,0.8,2,1,1.00,CYCLE,S
IND,208,6592,59453,15/01/2019,07:42:50,15,0,24.0,1.0,0.5,0.3,2,1,1.00,CYCLE,S
IND,208,6592,59453,15/01/2019,07:42:53,15,0,24.7,1.1,2.6,2.5,2,1,1.00,CYCLE,S
IND,208,6592,59453,15/01/2019,07:42:55,15,0,24.3,1.1,2.2,2.1,2,1,1.00,CYCLE,S
IND,208,6592,59453,15/01/2019,07:42:57,15,0,18.3,1.1,2.2,2.1,2,1,1.00,CYCLE,S
IND,208,6592,59453,15/01/2019,07:43:04,15,0,18.1,1.0,6.7,6.5,2,1,1.00,CYCLE,S
IND,208,6592,59453,15/01/2019,07:43:34,15,0,24.0,1.0,30.1,29.9,2,1,1.00,CYCLE,S
IND,208,6592,59453,15/01/2019,07:43:35,15,0,25.0,1.1,1.5,1.3,2,1,1.00,CYCLE,S
IND,208,6592,59453,15/01/2019,07:43:37,15,0,33.3,1.0,1.9,1.7,2,1,1.00,CYCLE,S
IND,208,6592,59452,15/01/2019,07:43:48,15,1,30.0,1.0,65.5,65.4,2,1,1.00,CYCLE,N
IND,208,6592,59453,15/01/2019,07:43:54,15,0,28.5,1.0,16.3,16.2,2,1,1.00,CYCLE,S
IND,208,6592,59453,15/01/2019,07:43:55,15,0,26.1,1.0,1.6,1.5,2,1,1.00,CYCLE,S
IND,208,6592,59453,15/01/2019,07:43:56,15,0,25.9,1.0,0.6,0.5,2,1,1.00,CYCLE,S
IND,208,6592,59453,15/01/2019,07:43:56,15,0,26.2,1.0,0.7,0.5,2,1,1.00,CYCLE,S
IND,208,6592,59452,15/01/2019,07:44:04,15,1,25.4,1.0,15.2,15.1,2,1,1.00,CYCLE,N
IND,208,6592,59452,15/01/2019,07:44:04,15,1,28.2,1.0,0.5,0.4,2,1,1.00,CYCLE,N
IND,208,6592,59453,15/01/2019,07:44:04,15,0,24.8,1.1,8.0,7.9,2,1,1.00,CYCLE,S
IND,208,6592,59453,15/01/2019,07:44:18,15,0,25.5,1.1,13.8,13.7,2,1,1.00,CYCLE,S
IND,208,6592,59453,15/01/2019,07:44:31,15,0,23.9,1.1,12.4,12.2,2,1,1.00,CYCLE,S
IND,208,6592,59453,15/01/2019,07:44:49,15,0,26.0,1.0,18.6,18.4,2,1,1.00,CYCLE,S
IND,208,6592,59453,15/01/2019,07:44:51,15,0,28.7,1.1,1.3,1.2,2,1,1.00,CYCLE,S
IND,208,6592,59453,15/01/2019,07:44:52,15,0,30.4,1.0,1.2,1.0,2,1,1.00,CYCLE,S
IND,208,6592,59453,15/01/2019,07:44:55,15,0,22.3,1.1,3.2,3.1,2,1,1.00,CYCLE,S
IND,208,6592,59453,15/01/2019,07:45:00,15,0,20.8,1.0,4.6,4.5,2,1,1.00,CYCLE,S
IND,208,6592,59453,15/01/2019,07:45:05,15,0,22.1,1.0,5.3,5.1,2,1,1.00,CYCLE,S
IND,208,6592,59453,15/01/2019,07:45:28,15,0,24.6,0.9,22.8,22.6,2,1,1.00,CYCLE,S
IND,208,6592,59453,15/01/2019,07:45:38,15,0,32.5,1.0,10.3,10.1,2,1,1.00,CYCLE,S
IND,208,6592,59453,15/01/2019,07:45:39,15,0,33.0,1.0,1.1,1.0,2,1,1.00,CYCLE,S
IND,208,6592,59453,15/01/2019,07:45:52,15,0,27.9,1.0,12.7,12.6,2,1,1.00,CYCLE,S
IND,208,6592,59453,15/01/2019,07:45:55,15,0,28.8,1.1,3.5,3.4,2,1,1.00,CYCLE,S
IND,208,6592,59453,15/01/2019,07:45:56,15,0,23.2,1.1,0.7,0.6,2,1,1.00,CYCLE,S
IND,208,6592,59453,15/01/2019,07:46:21,15,0,20.1,1.1,25.0,24.9,2,1,1.00,CYCLE,S
IND,208,6592,59453,15/01/2019,07:46:33,15,0,30.4,1.0,11.6,11.4,2,1,1.00,CYCLE,S
IND,208,6592,59453,15/01/2019,07:46:34,15,0,27.3,1.0,1.1,1.0,2,1,1.00,CYCLE,S
IND,208,6592,59453,15/01/2019,07:46:37,15,0,26.6,1.0,3.2,3.0,2,1,1.00,CYCLE,S
IND,208,6592,59453,15/01/2019,07:46:38,15,0,24.5,1.0,1.6,1.5,2,1,1.00,CYCLE,S
IND,208,6592,59453,15/01/2019,07:46:41,15,0,27.2,1.0,2.3,2.2,2,1,1.00,CYCLE,S
IND,208,6592,59453,15/01/2019,07:46:43,15,0,22.0,1.0,2.0,1.9,2,1,1.00,CYCLE,S
IND,208,6592,59453,15/01/2019,07:46:43,15,0,21.6,1.0,0.4,0.3,2,1,1.00,CYCLE,S
IND,208,6592,59453,15/01/2019,07:46:45,15,0,23.8,1.0,1.3,1.1,2,1,1.00,CYCLE,S
IND,208,6592,59453,15/01/2019,07:46:47,15,0,26.9,1.0,2.1,1.9,2,1,1.00,CYCLE,S
IND,208,6592,59453,15/01/2019,07:46:48,15,0,24.4,1.1,1.4,1.3,2,1,1.00,CYCLE,S
IND,208,6592,59453,15/01/2019,07:47:12,15,0,29.7,1.1,24.2,24.0,2,1,1.00,CYCLE,S
IND,208,6592,59453,15/01/2019,07:47:15,15,0,28.2,1.0,3.1,3.0,2,1,1.00,CYCLE,S
IND,208,6592,59453,15/01/2019,07:47:15,15,0,28.2,1.0,0.0,0.0,2,1,1.00,CYCLE,S
IND,208,6592,59453,15/01/2019,07:47:16,15,0,27.0,1.0,0.7,0.4,2,1,1.00,CYCLE,S
IND,208,6592,59453,15/01/2019,07:47:17,15,0,27.5,1.1,0.6,0.4,2,1,1.00,CYCLE,S
IND,208,6592,59453,15/01/2019,07:47:17,15,0,27.0,1.1,0.5,0.3,2,1,1.00,CYCLE,S
IND,208,6592,59453,15/01/2019,07:47:19,15,0,29.2,1.1,2.0,1.8,2,1,1.00,CYCLE,S
IND,208,6592,59453,15/01/2019,07:47:22,15,0,23.3,1.0,3.3,3.2,2,1,1.00,CYCLE,S
IND,208,6592,59453,15/01/2019,07:47:23,15,0,23.0,1.0,0.6,0.5,2,1,1.00,CYCLE,S
IND,208,6592,59453,15/01/2019,07:47:24,15,0,22.4,1.1,0.7,0.6,2,1,1.00,CYCLE,S
IND,208,6592,59453,15/01/2019,07:47:36,15,0,22.1,1.1,12.1,11.9,2,1,1.00,CYCLE,S
IND,208,6592,59452,15/01/2019,07:48:15,15,1,20.8,1.1,251.0,250.9,2,1,1.00,CYCLE,N
IND,208,6592,59453,15/01/2019,07:48:36,15,0,32.8,1.0,60.0,59.8,2,1,1.00,CYCLE,S
IND,208,6592,59453,15/01/2019,07:48:41,15,0,32.8,1.0,5.1,5.0,2,1,1.00,CYCLE,S
IND,208,6592,59453,15/01/2019,07:48:42,15,0,27.7,1.0,1.1,1.0,2,1,1.00,CYCLE,S
IND,208,6592,59453,15/01/2019,07:48:44,15,0,24.9,1.0,2.1,1.9,2,1,1.00,CYCLE,S
IND,208,6592,59453,15/01/2019,07:48:46,15,0,28.6,1.0,2.0,1.9,2,1,1.00,CYCLE,S
IND,208,6592,59453,15/01/2019,07:48:47,15,0,27.7,1.0,0.7,0.6,2,1,1.00,CYCLE,S
IND,208,6592,59453,15/01/2019,07:48:50,15,0,28.2,1.0,3.2,3.1,2,1,1.00,CYCLE,S
IND,208,6592,59453,15/01/2019,07:48:53,15,0,22.6,1.1,3.3,3.2,2,1,1.00,CYCLE,S
IND,208,6592,59453,15/01/2019,07:48:56,15,0,22.2,1.0,3.0,2.8,2,1,1.00,CYCLE,S
IND,208,6592,59453,15/01/2019,07:49:18,15,0,31.9,1.0,21.4,21.3,2,1,1.00,CYCLE,S
IND,208,6592,59453,15/01/2019,07:49:19,15,0,30.7,1.1,0.9,0.8,2,1,1.00,CYCLE,S
IND,208,6592,59453,15/01/2019,07:49:22,15,0,30.8,1.1,3.2,3.1,2,1,1.00,CYCLE,S
IND,208,6592,59453,15/01/2019,07:49:24,15,0,28.3,1.1,1.9,1.8,2,1,1.00,CYCLE,S
IND,208,6592,59453,15/01/2019,07:49:25,15,0,25.1,1.1,1.4,1.3,2,1,1.00,CYCLE,S
IND,208,6592,59453,15/01/2019,07:49:26,15,0,25.7,1.0,1.0,0.8,2,1,1.00,CYCLE,S
IND,208,6592,59453,15/01/2019,07:49:28,15,0,26.1,1.1,1.7,1.6,2,1,1.00,CYCLE,S
IND,208,6592,59452,15/01/2019,07:49:43,15,1,26.2,1.0,87.7,87.5,2,1,1.00,CYCLE,N
IND,208,6592,59453,15/01/2019,07:49:54,15,0,23.9,1.1,26.5,26.4,2,1,1.00,CYCLE,S
IND,208,6592,59453,15/01/2019,07:49:55,15,0,28.0,1.1,1.1,0.9,2,1,1.00,CYCLE,S
IND,208,6592,59452,15/01/2019,07:49:59,15,1,18.1,1.2,16.5,16.4,2,1,1.00,CYCLE,N
IND,208,6592,59453,15/01/2019,07:50:32,15,0,31.6,1.0,37.1,37.0,2,1,1.00,CYCLE,S
IND,208,6592,59453,15/01/2019,07:50:40,15,0,24.5,1.0,7.2,7.0,2,1,1.00,CYCLE,S
IND,208,6592,59453,15/01/2019,07:50:41,15,0,26.6,1.0,1.8,1.6,2,1,1.00,CYCLE,S
IND,208,6592,59453,15/01/2019,07:50:44,15,0,24.5,1.1,3.0,2.9,2,1,1.00,CYCLE,S
IND,208,6592,59453,15/01/2019,07:50:45,15,0,29.2,1.0,0.6,0.4,2,1,1.00,CYCLE,S
IND,208,6592,59453,15/01/2019,07:50:47,15,0,22.9,1.1,2.0,1.8,2,1,1.00,CYCLE,S
IND,208,6592,59453,15/01/2019,07:50:48,15,0,20.9,1.0,1.0,0.8,2,1,1.00,CYCLE,S
IND,208,6592,59453,15/01/2019,07:50:52,15,0,20.1,1.0,4.2,4.0,2,1,1.00,CYCLE,S
IND,208,6592,59453,15/01/2019,07:51:07,15,0,35.1,1.1,14.6,14.4,2,1,1.00,CYCLE,S
IND,208,6592,59453,15/01/2019,07:51:07,15,0,29.0,1.0,0.5,0.3,2,1,1.00,CYCLE,S
IND,208,6592,59453,15/01/2019,07:51:13,15,0,24.0,1.1,5.5,5.3,2,1,1.00,CYCLE,S
IND,208,6592,59453,15/01/2019,07:51:16,15,0,23.1,1.1,3.2,3.1,2,1,1.00,CYCLE,S
IND,208,6592,59453,15/01/2019,07:51:17,15,0,22.3,1.0,1.0,0.9,2,1,1.00,CYCLE,S
IND,208,6592,59453,15/01/2019,07:51:21,15,0,22.1,1.0,4.3,4.1,2,1,1.00,CYCLE,S
IND,208,6592,59453,15/01/2019,07:51:25,15,0,26.9,1.1,3.9,3.7,2,1,1.00,CYCLE,S
IND,208,6592,59453,15/01/2019,07:51:27,15,0,22.9,1.0,2.1,1.9,2,1,1.00,CYCLE,S
IND,208,6592,59453,15/01/2019,07:51:41,15,0,23.3,1.0,13.4,13.3,2,1,1.00,CYCLE,S
IND,208,6592,59453,15/01/2019,07:51:43,15,0,39.7,1.0,2.8,2.6,2,1,1.00,CYCLE,S
IND,208,6592,59452,15/01/2019,07:51:46,15,1,27.8,1.0,106.3,106.0,2,1,1.00,CYCLE,N
IND,208,6592,59453,15/01/2019,07:51:46,15,0,28.3,1.0,3.0,2.9,2,1,1.00,CYCLE,S
IND,208,6592,59453,15/01/2019,07:51:48,15,0,28.3,1.0,1.2,1.0,2,1,1.00,CYCLE,S
IND,208,6592,59453,15/01/2019,07:51:49,15,0,23.2,1.1,1.2,1.1,2,1,1.00,CYCLE,S
IND,208,6592,59453,15/01/2019,07:52:16,15,0,27.9,1.0,27.1,27.0,2,1,1.00,CYCLE,S
IND,208,6592,59453,15/01/2019,07:52:46,15,0,32.4,1.0,30.2,30.0,2,1,1.00,CYCLE,S
IND,208,6592,59453,15/01/2019,07:52:47,15,0,23.8,1.0,0.6,0.5,2,1,1.00,CYCLE,S
IND,208,6592,59453,15/01/2019,07:52:50,15,0,27.8,1.0,3.2,3.0,2,1,1.00,CYCLE,S
IND,208,6592,59453,15/01/2019,07:52:50,15,0,28.8,1.0,0.5,0.4,2,1,1.00,CYCLE,S
IND,208,6592,59453,15/01/2019,07:52:57,15,0,24.5,1.0,6.2,6.1,2,1,1.00,CYCLE,S
IND,208,6592,59453,15/01/2019,07:52:57,15,0,24.4,1.0,0.5,0.3,2,1,1.00,CYCLE,S
IND,208,6592,59453,15/01/2019,07:52:59,15,0,22.1,1.0,1.7,1.6,2,1,1.00,CYCLE,S
IND,208,6592,59453,15/01/2019,07:53:00,15,0,24.4,1.0,1.3,1.1,2,1,1.00,CYCLE,S
IND,208,6592,59453,15/01/2019,07:53:02,15,0,25.0,1.0,1.8,1.7,2,1,1.00,CYCLE,S
IND,208,6592,59453,15/01/2019,07:53:02,15,0,16.8,1.0,0.2,0.1,2,1,1.00,CYCLE,S
IND,208,6592,59453,15/01/2019,07:53:06,15,0,20.7,1.1,3.3,3.1,2,1,1.00,CYCLE,S
IND,208,6592,59453,15/01/2019,07:53:21,15,0,29.1,1.0,15.7,15.5,2,1,1.00,CYCLE,S
IND,208,6592,59453,15/01/2019,07:53:26,15,0,37.7,1.0,5.1,5.0,2,1,1.00,CYCLE,S
IND,208,6592,59453,15/01/2019,07:53:28,15,0,34.9,1.0,1.3,1.2,2,1,1.00,CYCLE,S
IND,208,6592,59453,15/01/2019,07:53:31,15,0,25.2,1.0,3.1,3.0,2,1,1.00,CYCLE,S
IND,208,6592,59453,15/01/2019,07:53:32,15,0,25.9,1.0,1.1,0.9,2,1,1.00,CYCLE,S
IND,208,6592,59453,15/01/2019,07:53:33,15,0,25.1,1.0,0.8,0.6,2,1,1.00,CYCLE,S
IND,208,6592,59453,15/01/2019,07:53:55,15,0,25.0,1.0,22.7,22.5,2,1,1.00,CYCLE,S
IND,208,6592,59452,15/01/2019,07:54:15,15,1,23.9,1.1,149.1,149.0,2,1,1.00,CYCLE,N
IND,208,6592,59453,15/01/2019,07:54:32,15,0,28.6,1.0,36.9,36.8,2,1,1.00,CYCLE,S
IND,208,6592,59453,15/01/2019,07:54:37,15,0,27.7,1.0,4.5,4.3,2,1,1.00,CYCLE,S
IND,208,6592,59453,15/01/2019,07:54:40,15,0,27.6,1.0,3.8,3.7,2,1,1.00,CYCLE,S
IND,208,6592,59453,15/01/2019,07:54:43,15,0,21.9,1.1,3.0,2.9,2,1,1.00,CYCLE,S
IND,208,6592,59453,15/01/2019,07:54:48,15,0,20.8,1.2,4.4,4.2,2,1,1.00,CYCLE,S
IND,208,6592,59453,15/01/2019,07:54:52,15,0,17.5,1.1,3.8,3.6,2,1,1.00,CYCLE,S
IND,208,6592,59453,15/01/2019,07:55:08,15,0,29.4,1.0,16.4,16.1,2,1,1.00,CYCLE,S
IND,208,6592,59453,15/01/2019,07:55:11,15,0,25.3,1.1,3.6,3.4,2,1,1.00,CYCLE,S
IND,208,6592,59453,15/01/2019,07:55:15,15,0,28.2,1.0,3.1,2.9,2,1,1.00,CYCLE,S
IND,208,6592,59453,15/01/2019,07:55:16,15,0,23.2,1.1,1.2,1.1,2,1,1.00,CYCLE,S
IND,208,6592,59453,15/01/2019,07:55:46,15,0,23.8,1.1,29.9,29.7,2,1,1.00,CYCLE,S
IND,208,6592,59453,15/01/2019,07:55:49,15,0,22.7,1.0,3.5,3.4,2,1,1.00,CYCLE,S
IND,208,6592,59453,15/01/2019,07:55:59,15,0,30.5,1.0,9.4,9.3,2,1,1.00,CYCLE,S
IND,208,6592,59453,15/01/2019,07:55:59,15,0,28.8,1.0,0.2,0.1,2,1,1.00,CYCLE,S
IND,208,6592,59453,15/01/2019,07:56:01,15,0,27.3,1.1,1.8,1.6,2,1,1.00,CYCLE,S
IND,208,6592,59452,15/01/2019,07:56:07,15,1,24.5,1.0,112.5,112.3,2,1,1.00,CYCLE,N
IND,208,6592,59453,15/01/2019,07:56:08,15,0,23.0,1.0,7.0,6.9,2,1,1.00,CYCLE,S
IND,208,6592,59453,15/01/2019,07:56:09,15,0,24.8,1.1,1.5,1.3,2,1,1.00,CYCLE,S
IND,208,6592,59453,15/01/2019,07:56:14,15,0,25.8,1.0,4.7,4.6,2,1,1.00,CYCLE,S
IND,208,6592,59453,15/01/2019,07:56:16,15,0,25.9,1.1,2.5,2.4,2,1,1.00,CYCLE,S
IND,208,6592,59453,15/01/2019,07:56:17,15,0,26.9,1.0,0.4,0.2,2,1,1.00,CYCLE,S
IND,208,6592,59453,15/01/2019,07:56:40,15,0,25.9,1.0,23.4,23.2,2,1,1.00,CYCLE,S
IND,208,6592,59453,15/01/2019,07:56:40,15,0,25.8,1.0,0.4,0.3,2,1,1.00,CYCLE,S
IND,208,6592,59453,15/01/2019,07:56:41,15,0,26.8,1.0,0.6,0.5,2,1,1.00,CYCLE,S
IND,208,6592,59453,15/01/2019,07:56:42,15,0,28.5,1.0,1.2,1.1,2,1,1.00,CYCLE,S
IND,208,6592,59453,15/01/2019,07:56:43,15,0,22.8,1.1,0.4,0.3,2,1,1.00,CYCLE,S
IND,208,6592,59453,15/01/2019,07:56:44,15,0,28.7,1.0,1.4,1.3,2,1,1.00,CYCLE,S
IND,208,6592,59453,15/01/2019,07:56:46,15,0,26.1,1.0,1.5,1.4,2,1,1.00,CYCLE,S
IND,208,6592,59453,15/01/2019,07:56:55,15,0,21.2,1.0,9.4,9.3,2,1,1.00,CYCLE,S
IND,208,6592,59453,15/01/2019,07:57:10,15,0,27.7,1.0,15.4,15.2,2,1,1.00,CYCLE,S
IND,208,6592,59453,15/01/2019,07:57:17,15,0,26.8,1.1,6.9,6.8,2,1,1.00,CYCLE,S
IND,208,6592,59453,15/01/2019,07:57:24,15,0,23.5,1.0,6.1,6.0,2,1,1.00,CYCLE,S
IND,208,6592,59453,15/01/2019,07:57:29,15,0,31.8,1.0,5.6,5.5,2,1,1.00,CYCLE,S
IND,208,6592,59453,15/01/2019,07:57:31,15,0,28.1,1.0,2.0,1.8,2,1,1.00,CYCLE,S
IND,208,6592,59453,15/01/2019,07:57:33,15,0,29.9,1.0,1.8,1.6,2,1,1.00,CYCLE,S
IND,208,6592,59453,15/01/2019,07:57:34,15,0,29.4,1.0,1.2,1.1,2,1,1.00,CYCLE,S
IND,208,6592,59453,15/01/2019,07:57:38,15,0,22.0,1.1,4.0,3.9,2,1,1.00,CYCLE,S
IND,208,6592,59453,15/01/2019,07:57:39,15,0,24.5,1.0,1.1,0.9,2,1,1.00,CYCLE,S
IND,208,6592,59453,15/01/2019,07:57:47,15,0,22.2,1.0,7.7,7.5,2,1,1.00,CYCLE,S
IND,208,6592,59452,15/01/2019,07:57:56,15,1,26.5,1.0,108.9,108.8,2,1,1.00,CYCLE,N
IND,208,6592,59453,15/01/2019,07:58:16,15,0,27.6,1.1,29.1,28.9,2,1,1.00,CYCLE,S
IND,208,6592,59453,15/01/2019,07:58:18,15,0,29.2,1.1,2.0,1.8,2,1,1.00,CYCLE,S
IND,208,6592,59453,15/01/2019,07:58:30,15,0,32.6,1.0,12.3,12.1,2,1,1.00,CYCLE,S
IND,208,6592,59453,15/01/2019,07:58:38,15,0,25.2,1.0,8.0,7.9,2,1,1.00,CYCLE,S
IND,208,6592,59453,15/01/2019,07:58:39,15,0,24.0,1.0,1.3,1.2,2,1,1.00,CYCLE,S
IND,208,6592,59453,15/01/2019,07:58:40,15,0,24.4,1.0,0.9,0.7,2,1,1.00,CYCLE,S
IND,208,6592,59453,15/01/2019,07:58:42,15,0,23.2,1.0,1.7,1.6,2,1,1.00,CYCLE,S
IND,208,6592,59453,15/01/2019,07:58:43,15,0,24.4,1.0,1.2,1.0,2,1,1.00,CYCLE,S
IND,208,6592,59453,15/01/2019,07:58:50,15,0,22.2,1.1,6.2,6.1,2,1,1.00,CYCLE,S
IND,208,6592,59452,15/01/2019,07:59:40,15,1,31.6,1.1,104.3,104.2,2,1,1.00,CYCLE,N
IND,208,6592,59452,15/01/2019,07:59:42,15,1,33.7,1.0,1.7,1.6,2,1,1.00,CYCLE,N
IND,208,6592,59453,15/01/2019,07:59:46,15,0,29.0,1.0,28.6,28.2,2,1,1.00,CYCLE,S
IND,208,6592,59452,15/01/2019,08:00:19,15,1,20.6,1.0,36.5,36.4,2,1,1.00,CYCLE,N
IND,208,6592,59452,15/01/2019,08:00:20,15,1,21.8,1.1,1.4,1.2,2,1,1.00,CYCLE,N
IND,208,6592,59453,15/01/2019,08:00:36,15,0,25.6,1.1,49.7,49.6,2,1,1.00,CYCLE,S
IND,208,6592,59453,15/01/2019,08:00:39,15,0,28.2,1.0,3.1,3.0,2,1,1.00,CYCLE,S
IND,208,6592,59453,15/01/2019,08:00:40,15,0,27.3,1.1,1.0,0.9,2,1,1.00,CYCLE,S
IND,208,6592,59453,15/01/2019,08:00:41,15,0,21.9,1.1,0.4,0.3,2,1,1.00,CYCLE,S
IND,208,6592,59453,15/01/2019,08:00:43,15,0,22.7,1.0,2.5,2.3,2,1,1.00,CYCLE,S
IND,208,6592,59453,15/01/2019,08:00:48,15,0,18.4,1.1,4.5,4.3,2,1,1.00,CYCLE,S
IND,208,6592,59453,15/01/2019,08:01:25,15,0,27.1,1.1,37.2,36.9,2,1,1.00,CYCLE,S
IND,208,6592,59453,15/01/2019,08:01:25,15,0,27.5,1.1,0.3,0.2,2,1,1.00,CYCLE,S
IND,208,6592,59453,15/01/2019,08:01:32,15,0,29.4,1.0,6.7,6.6,2,1,1.00,CYCLE,S
IND,208,6592,59453,15/01/2019,08:01:33,15,0,23.6,1.0,1.6,1.5,2,1,1.00,CYCLE,S
IND,208,6592,59453,15/01/2019,08:01:39,15,0,19.5,1.0,5.9,5.8,2,1,1.00,CYCLE,S
IND,208,6592,59453,15/01/2019,08:01:57,15,0,22.1,1.1,17.3,17.1,2,1,1.00,CYCLE,S
IND,208,6592,59452,15/01/2019,08:01:59,15,1,23.6,1.1,99.4,99.2,2,1,1.00,CYCLE,N
IND,208,6592,59452,15/01/2019,08:02:00,15,1,28.2,1.0,0.4,0.2,2,1,1.00,CYCLE,N
IND,208,6592,59452,15/01/2019,08:02:01,15,1,27.0,1.0,1.2,1.1,2,1,1.00,CYCLE,N
IND,208,6592,59453,15/01/2019,08:02:26,15,0,19.9,1.1,28.9,28.7,2,1,1.00,CYCLE,S
IND,208,6592,59453,15/01/2019,08:02:30,15,0,26.4,1.1,4.9,4.7,2,1,1.00,CYCLE,S
IND,208,6592,59453,15/01/2019,08:02:32,15,0,27.2,1.1,1.7,1.6,2,1,1.00,CYCLE,S
IND,208,6592,59453,15/01/2019,08:02:38,15,0,22.4,1.0,5.4,5.2,2,1,1.00,CYCLE,S
IND,208,6592,59453,15/01/2019,08:02:39,15,0,21.7,1.2,1.5,1.4,2,1,1.00,CYCLE,S
IND,208,6592,59453,15/01/2019,08:02:41,15,0,22.5,1.0,2.3,2.1,2,1,1.00,CYCLE,S
IND,208,6592,59453,15/01/2019,08:02:42,15,0,23.3,1.1,0.6,0.4,2,1,1.00,CYCLE,S
IND,208,6592,59453,15/01/2019,08:02:46,15,0,17.3,1.0,3.8,3.6,2,1,1.00,CYCLE,S
IND,208,6592,59453,15/01/2019,08:02:57,15,0,16.3,1.2,11.2,11.0,2,1,1.00,CYCLE,S
IND,208,6592,59453,15/01/2019,08:03:25,15,0,28.5,1.0,28.3,28.0,2,1,1.00,CYCLE,S
IND,208,6592,59453,15/01/2019,08:03:26,15,0,28.9,1.0,0.9,0.8,2,1,1.00,CYCLE,S
IND,208,6592,59453,15/01/2019,08:03:30,15,0,26.7,1.0,3.8,3.7,2,1,1.00,CYCLE,S
IND,208,6592,59453,15/01/2019,08:03:31,15,0,22.7,1.1,1.1,1.0,2,1,1.00,CYCLE,S
IND,208,6592,59453,15/01/2019,08:03:49,15,0,29.7,1.0,17.3,17.2,2,1,1.00,CYCLE,S
IND,208,6592,59452,15/01/2019,08:03:58,15,1,29.0,1.1,116.6,116.5,2,1,1.00,CYCLE,N
IND,208,6592,59453,15/01/2019,08:04:37,15,0,22.9,1.1,48.2,48.1,2,1,1.00,CYCLE,S
IND,208,6592,59453,15/01/2019,08:04:38,15,0,21.3,1.1,1.6,1.4,2,1,1.00,CYCLE,S
IND,208,6592,59453,15/01/2019,08:04:47,15,0,30.0,1.1,8.5,8.3,2,1,1.00,CYCLE,S
IND,208,6592,59453,15/01/2019,08:04:52,15,0,25.2,1.0,5.1,5.0,2,1,1.00,CYCLE,S
IND,208,6592,59453,15/01/2019,08:04:58,15,0,22.8,1.1,5.9,5.7,2,1,1.00,CYCLE,S
IND,208,6592,59453,15/01/2019,08:05:01,15,0,22.6,1.1,3.2,3.0,2,1,1.00,CYCLE,S
IND,208,6592,59453,15/01/2019,08:05:02,15,0,21.1,1.1,0.9,0.7,2,1,1.00,CYCLE,S
IND,208,6592,59453,15/01/2019,08:05:28,15,0,25.3,1.1,26.1,25.9,2,1,1.00,CYCLE,S
IND,208,6592,59453,15/01/2019,08:05:53,15,0,22.9,1.0,24.8,24.6,2,1,1.00,CYCLE,S
IND,208,6592,59453,15/01/2019,08:06:15,15,0,27.6,1.0,22.4,22.2,2,1,1.00,CYCLE,S
IND,208,6592,59453,15/01/2019,08:06:38,15,0,29.1,1.0,22.4,22.2,2,1,1.00,CYCLE,S
IND,208,6592,59453,15/01/2019,08:06:39,15,0,24.8,1.0,1.6,1.5,2,1,1.00,CYCLE,S
IND,208,6592,59453,15/01/2019,08:06:41,15,0,22.9,1.1,2.3,2.2,2,1,1.00,CYCLE,S
IND,208,6592,59452,15/01/2019,08:07:37,15,1,25.2,1.0,219.4,219.3,2,1,1.00,CYCLE,N
IND,208,6592,59453,15/01/2019,08:07:45,15,0,23.8,1.1,63.2,63.0,2,1,1.00,CYCLE,S
IND,208,6592,59453,15/01/2019,08:09:23,15,0,31.1,1.0,98.1,97.9,2,1,1.00,CYCLE,S
IND,208,6592,59453,15/01/2019,08:09:57,15,0,25.0,1.0,33.8,33.7,2,1,1.00,CYCLE,S
IND,208,6592,59452,15/01/2019,08:10:01,15,1,30.6,1.0,144.2,144.0,2,1,1.00,CYCLE,N
IND,208,6592,59453,15/01/2019,08:10:23,15,0,21.9,1.1,23.8,23.6,2,1,1.00,CYCLE,S
IND,208,6592,59453,15/01/2019,08:10:35,15,0,25.9,1.0,12.2,12.0,2,1,1.00,CYCLE,S
IND,208,6592,59453,15/01/2019,08:10:37,15,0,26.4,1.0,1.4,1.3,2,1,1.00,CYCLE,S
IND,208,6592,59453,15/01/2019,08:10:43,15,0,22.5,1.0,6.2,6.0,2,1,1.00,CYCLE,S
IND,208,6592,59453,15/01/2019,08:11:22,15,0,27.1,1.0,39.1,39.0,2,1,1.00,CYCLE,S
IND,208,6592,59453,15/01/2019,08:11:47,15,0,27.6,1.1,24.5,24.4,2,1,1.00,CYCLE,S
IND,208,6592,59453,15/01/2019,08:12:34,15,0,26.0,1.0,47.4,47.3,2,1,1.00,CYCLE,S
IND,208,6592,59453,15/01/2019,08:12:36,15,0,33.5,1.0,1.6,1.5,2,1,1.00,CYCLE,S
IND,208,6592,59453,15/01/2019,08:12:37,15,0,29.7,1.1,1.6,1.5,2,1,1.00,CYCLE,S
IND,208,6592,59453,15/01/2019,08:12:39,15,0,22.4,1.1,1.6,1.5,2,1,1.00,CYCLE,S
IND,208,6592,59453,15/01/2019,08:12:40,15,0,27.6,1.0,1.5,1.3,2,1,1.00,CYCLE,S
IND,208,6592,59453,15/01/2019,08:12:42,15,0,23.0,1.0,1.2,1.1,2,1,1.00,CYCLE,S
IND,208,6592,59453,15/01/2019,08:12:42,15,0,21.8,1.0,0.5,0.3,2,1,1.00,CYCLE,S
IND,208,6592,59453,15/01/2019,08:12:45,15,0,27.5,1.0,2.7,2.5,2,1,0.57,CYCLE,S
IND,208,6592,59453,15/01/2019,08:12:45,15,0,27.5,1.0,0.0,0.0,2,1,0.57,CYCLE,S
IND,208,6592,59453,15/01/2019,08:12:47,15,0,21.7,1.0,2.0,1.8,2,1,1.00,CYCLE,S
IND,208,6592,59453,15/01/2019,08:12:49,15,0,21.5,1.0,1.9,1.8,2,1,1.00,CYCLE,S
IND,208,6592,59453,15/01/2019,08:13:22,15,0,30.5,1.1,33.4,33.2,2,1,1.00,CYCLE,S
IND,208,6592,59453,15/01/2019,08:13:26,15,0,25.0,1.1,4.2,4.1,2,1,1.00,CYCLE,S
IND,208,6592,59453,15/01/2019,08:13:27,15,0,27.0,1.0,0.9,0.8,2,1,1.00,CYCLE,S
IND,208,6592,59453,15/01/2019,08:13:28,15,0,26.9,1.0,1.1,1.0,2,1,1.00,CYCLE,S
IND,208,6592,59453,15/01/2019,08:13:32,15,0,23.4,1.1,4.0,3.8,2,1,1.00,CYCLE,S
IND,208,6592,59453,15/01/2019,08:14:45,15,0,24.1,1.1,72.8,72.7,2,1,1.00,CYCLE,S
IND,208,6592,59453,15/01/2019,08:14:48,15,0,30.7,1.1,2.9,2.8,2,1,1.00,CYCLE,S
IND,208,6592,59453,15/01/2019,08:14:49,15,0,27.0,1.2,0.9,0.7,2,1,1.00,CYCLE,S
IND,208,6592,59452,15/01/2019,08:15:24,15,1,26.0,1.1,322.3,322.2,2,1,1.00,CYCLE,N
IND,208,6592,59453,15/01/2019,08:15:25,15,0,25.5,1.0,36.2,36.1,2,1,1.00,CYCLE,S
IND,208,6592,59453,15/01/2019,08:15:34,15,0,29.3,1.1,9.0,8.9,2,1,1.00,CYCLE,S
IND,208,6592,59453,15/01/2019,08:15:38,15,0,21.5,1.1,3.9,3.7,2,1,1.00,CYCLE,S
IND,208,6592,59452,15/01/2019,08:16:18,15,1,19.6,1.1,55.0,54.8,2,1,1.00,CYCLE,N
IND,208,6592,59453,15/01/2019,08:16:30,15,0,24.7,1.1,51.5,51.3,2,1,1.00,CYCLE,S
IND,208,6592,59453,15/01/2019,08:16:34,15,0,25.0,1.1,4.1,4.0,2,1,1.00,CYCLE,S
IND,208,6592,59453,15/01/2019,08:16:34,15,0,27.9,1.0,0.4,0.2,2,1,1.00,CYCLE,S
IND,208,6592,59453,15/01/2019,08:16:43,15,0,22.4,1.0,8.7,8.6,2,1,1.00,CYCLE,S
IND,208,6592,59453,15/01/2019,08:16:44,15,0,21.8,1.1,0.7,0.5,2,1,1.00,CYCLE,S
IND,208,6592,59453,15/01/2019,08:16:52,15,0,21.9,1.0,8.8,8.6,2,1,1.00,CYCLE,S
IND,208,6592,59452,15/01/2019,08:18:00,15,1,27.8,1.1,102.0,101.8,2,1,1.00,CYCLE,N
IND,208,6592,59453,15/01/2019,08:18:33,15,0,28.4,1.0,100.8,100.6,2,1,1.00,CYCLE,S
IND,208,6592,59453,15/01/2019,08:18:41,15,0,21.4,1.1,7.8,7.7,2,1,1.00,CYCLE,S
IND,208,6592,59453,15/01/2019,08:18:50,15,0,26.5,1.1,9.4,9.3,2,1,1.00,CYCLE,S
IND,208,6592,59453,15/01/2019,08:19:10,15,0,24.9,1.0,19.4,19.2,2,1,1.00,CYCLE,S
IND,208,6592,59453,15/01/2019,08:19:52,15,0,30.5,1.1,41.9,41.7,2,1,1.00,CYCLE,S
IND,208,6592,59453,15/01/2019,08:21:52,15,0,24.6,1.0,120.6,120.4,2,1,1.00,CYCLE,S
IND,208,6592,59452,15/01/2019,08:21:59,15,1,29.6,1.0,239.0,238.9,2,1,1.00,CYCLE,N
IND,208,6592,59453,15/01/2019,08:23:02,15,0,27.1,1.0,69.6,69.4,2,1,1.00,CYCLE,S
IND,208,6592,59453,15/01/2019,08:23:07,15,0,24.2,1.0,4.9,4.7,2,1,1.00,CYCLE,S
IND,208,6592,59453,15/01/2019,08:23:08,15,0,25.8,1.1,1.3,1.1,2,1,1.00,CYCLE,S
IND,208,6592,59452,15/01/2019,08:23:11,15,1,16.4,1.1,71.9,71.8,2,1,1.00,CYCLE,N
IND,208,6592,59452,15/01/2019,08:23:12,15,1,16.2,1.0,0.5,0.3,2,1,1.00,CYCLE,N
IND,208,6592,59453,15/01/2019,08:23:13,15,0,23.5,1.0,4.6,4.5,2,1,1.00,CYCLE,S
IND,208,6592,59452,15/01/2019,08:23:33,15,1,14.4,1.1,20.7,20.5,2,1,1.00,CYCLE,N
IND,208,6592,59452,15/01/2019,08:23:35,15,1,20.0,1.0,2.2,1.9,2,1,1.00,CYCLE,N
IND,208,6592,59452,15/01/2019,08:23:40,15,1,18.5,1.0,4.9,4.7,2,1,1.00,CYCLE,N
IND,208,6592,59452,15/01/2019,08:23:41,15,1,17.9,1.1,1.2,1.0,2,1,1.00,CYCLE,N
IND,208,6592,59453,15/01/2019,08:23:42,15,0,25.2,1.0,29.3,29.2,2,1,1.00,CYCLE,S
IND,208,6592,59452,15/01/2019,08:23:49,15,1,28.9,1.0,7.6,7.4,2,1,1.00,CYCLE,N
IND,208,6592,59453,15/01/2019,08:24:29,15,0,26.0,1.0,47.5,47.4,2,1,1.00,CYCLE,S
IND,208,6592,59453,15/01/2019,08:24:33,15,0,29.0,1.0,3.8,3.7,2,1,1.00,CYCLE,S
IND,208,6592,59453,15/01/2019,08:25:13,15,0,22.7,1.1,39.6,39.5,2,1,1.00,CYCLE,S
IND,208,6592,59452,15/01/2019,08:25:23,15,1,24.3,1.1,94.2,94.1,2,1,1.00,CYCLE,N
IND,208,6592,59453,15/01/2019,08:25:59,15,0,33.5,1.1,45.7,45.6,2,1,1.00,CYCLE,S
IND,208,6592,59453,15/01/2019,08:26:04,15,0,21.5,1.1,5.9,5.8,2,1,1.00,CYCLE,S
IND,208,6592,59453,15/01/2019,08:26:38,15,0,26.9,1.0,33.2,33.0,2,1,1.00,CYCLE,S
IND,208,6592,59453,15/01/2019,08:26:45,15,0,19.9,1.0,7.6,7.5,2,1,1.00,CYCLE,S
IND,208,6592,59453,15/01/2019,08:27:19,15,0,27.5,1.0,12.5,12.3,2,1,1.00,CYCLE,S
IND,208,6592,59453,15/01/2019,08:29:10,15,0,22.3,1.0,111.4,111.2,2,1,1.00,CYCLE,S
IND,208,6592,59453,15/01/2019,08:29:15,15,0,23.9,1.0,4.8,4.6,2,1,1.00,CYCLE,S
IND,208,6592,59453,15/01/2019,08:29:48,15,0,20.0,1.0,32.7,32.6,2,1,1.00,CYCLE,S
IND,208,6592,59452,15/01/2019,08:30:29,15,1,16.9,1.1,306.5,306.4,2,1,1.00,CYCLE,N
IND,208,6592,59452,15/01/2019,08:30:31,15,1,14.4,1.1,1.4,1.2,2,1,1.00,CYCLE,N
IND,208,6592,59452,15/01/2019,08:30:32,15,1,13.5,1.0,0.8,0.5,2,1,1.00,CYCLE,N
IND,208,6592,59453,15/01/2019,08:30:33,15,0,23.3,1.0,45.0,44.8,2,1,0.50,CYCLE,S
IND,208,6592,59452,15/01/2019,08:30:33,15,1,23.3,1.0,0.0,0.0,2,1,0.50,CYCLE,N
IND,208,6592,59453,15/01/2019,08:30:39,15,0,25.8,1.1,6.3,5.7,2,1,1.00,CYCLE,S
IND,208,6592,59453,15/01/2019,08:31:20,15,0,25.2,1.0,40.8,40.7,2,1,1.00,CYCLE,S
IND,208,6592,59453,15/01/2019,08:31:32,15,0,23.3,1.0,12.7,12.6,2,1,1.00,CYCLE,S
IND,208,6592,59453,15/01/2019,08:32:03,15,0,6.2,1.0,30.1,30.0,2,1,1.00,CYCLE,S
IND,208,6592,59453,15/01/2019,08:32:22,15,0,26.9,1.0,19.5,18.9,2,1,1.00,CYCLE,S
IND,208,6592,59453,15/01/2019,08:32:33,15,0,23.1,1.1,11.1,11.0,2,1,1.00,CYCLE,S
IND,208,6592,59453,15/01/2019,08:33:42,15,0,24.4,1.1,68.6,68.5,2,1,1.00,CYCLE,S
IND,208,6592,59452,15/01/2019,08:34:16,15,1,23.8,1.1,224.4,224.0,2,1,1.00,CYCLE,N
IND,208,6592,59452,15/01/2019,08:34:20,15,1,20.9,1.1,3.6,3.5,2,1,1.00,CYCLE,N
IND,208,6592,59453,15/01/2019,08:35:41,15,0,26.6,1.0,74.2,74.2,2,1,1.00,CYCLE,S
IND,208,6592,59453,15/01/2019,08:35:51,15,0,23.3,1.1,10.0,9.9,2,1,1.00,CYCLE,S
IND,208,6592,59453,15/01/2019,08:35:59,15,0,22.5,1.0,7.8,7.6,2,1,1.00,CYCLE,S
IND,208,6592,59453,15/01/2019,08:36:27,15,0,29.1,1.0,28.6,28.4,2,1,1.00,CYCLE,S
IND,208,6592,59453,15/01/2019,08:36:37,15,0,22.3,1.1,10.1,10.0,2,1,1.00,CYCLE,S
IND,208,6592,59453,15/01/2019,08:37:00,15,0,21.2,1.1,22.3,22.1,2,1,1.00,CYCLE,S
IND,208,6592,59453,15/01/2019,08:37:43,15,0,20.7,1.1,20.1,19.9,2,1,1.00,CYCLE,S
IND,208,6592,59453,15/01/2019,08:38:28,15,0,23.9,1.0,45.2,45.0,2,1,1.00,CYCLE,S
IND,208,6592,59453,15/01/2019,08:38:51,15,0,24.8,1.1,22.9,22.8,2,1,1.00,CYCLE,S
IND,208,6592,59453,15/01/2019,08:39:23,15,0,13.4,1.0,32.0,31.8,2,1,1.00,CYCLE,S
IND,208,6592,59453,15/01/2019,08:39:23,15,0,13.4,1.0,0.0,0.0,2,1,1.00,CYCLE,S
IND,208,6592,59453,15/01/2019,08:39:55,15,0,20.6,1.0,32.3,31.8,2,1,1.00,CYCLE,S
IND,208,6592,59453,15/01/2019,08:40:33,15,0,23.9,1.1,38.4,38.2,2,1,1.00,CYCLE,S
IND,208,6592,59453,15/01/2019,08:40:49,15,0,21.1,1.1,16.0,15.8,2,1,1.00,CYCLE,S
IND,208,6592,59453,15/01/2019,08:40:56,15,0,23.3,1.0,7.0,6.9,2,1,1.00,CYCLE,S
IND,208,6592,59453,15/01/2019,08:41:13,15,0,25.2,1.0,16.5,16.3,2,1,1.00,CYCLE,S
IND,208,6592,59453,15/01/2019,08:41:59,15,0,21.6,1.1,46.2,46.0,2,1,1.00,CYCLE,S
IND,208,6592,59453,15/01/2019,08:42:37,15,0,23.2,1.0,38.2,38.1,2,1,1.00,CYCLE,S
IND,208,6592,59453,15/01/2019,08:42:41,15,0,20.5,1.0,3.8,3.6,2,1,1.00,CYCLE,S
IND,208,6592,59453,15/01/2019,08:42:44,15,0,19.3,1.0,2.4,2.2,2,1,1.00,CYCLE,S
IND,208,6592,59453,15/01/2019,08:42:48,15,0,24.4,1.0,4.2,4.0,2,1,1.00,CYCLE,S
IND,208,6592,59453,15/01/2019,08:43:10,15,0,28.0,1.0,22.5,22.3,2,1,1.00,CYCLE,S
IND,208,6592,59453,15/01/2019,08:43:41,15,0,20.3,1.0,31.2,31.1,2,1,1.00,CYCLE,S
IND,208,6592,59453,15/01/2019,08:44:19,15,0,20.8,1.1,37.8,37.6,2,1,1.00,CYCLE,S
IND,208,6592,59453,15/01/2019,08:44:28,15,0,27.5,1.0,8.5,8.3,2,1,1.00,CYCLE,S
IND,208,6592,59453,15/01/2019,08:44:35,15,0,23.7,1.1,7.5,7.3,2,1,1.00,CYCLE,S
IND,208,6592,59453,15/01/2019,08:45:18,15,0,26.5,1.0,42.4,42.2,2,1,1.00,CYCLE,S
IND,208,6592,59452,15/01/2019,08:47:04,15,1,13.8,1.0,765.0,764.8,2,1,1.00,CYCLE,N
IND,208,6592,59453,15/01/2019,08:47:21,15,0,30.6,1.0,123.8,123.6,2,1,1.00,CYCLE,S
IND,208,6592,59453,15/01/2019,08:47:46,15,0,21.6,1.1,24.4,24.3,2,1,1.00,CYCLE,S
IND,208,6592,59453,15/01/2019,08:48:53,15,0,22.4,1.1,67.3,67.1,2,1,1.00,CYCLE,S
IND,208,6592,59453,15/01/2019,08:50:25,15,0,30.0,1.1,92.0,91.8,2,1,1.00,CYCLE,S
IND,208,6592,59453,15/01/2019,08:51:19,15,0,25.0,1.0,53.6,53.5,2,1,1.00,CYCLE,S
IND,208,6592,59453,15/01/2019,08:51:19,15,0,25.0,1.0,0.4,0.2,2,1,1.00,CYCLE,S
IND,208,6592,59453,15/01/2019,08:51:27,15,0,24.6,1.1,8.3,8.2,2,1,1.00,CYCLE,S
IND,208,6592,59452,15/01/2019,08:52:03,15,1,30.2,1.0,298.0,297.7,2,1,1.00,CYCLE,N
IND,208,6592,59453,15/01/2019,08:52:19,15,0,23.7,1.0,51.8,51.7,2,1,1.00,CYCLE,S
IND,208,6592,59453,15/01/2019,08:52:46,15,0,19.4,1.0,26.4,26.3,2,1,1.00,CYCLE,S
IND,208,6592,59453,15/01/2019,08:53:37,15,0,21.5,1.1,51.8,51.7,2,1,1.00,CYCLE,S
IND,208,6592,59453,15/01/2019,08:54:37,15,0,21.7,1.1,59.9,59.7,2,1,1.00,CYCLE,S
IND,208,6592,59453,15/01/2019,08:57:36,15,0,28.7,1.0,178.4,178.2,2,1,1.00,CYCLE,S
IND,208,6592,59453,15/01/2019,08:57:39,15,0,26.6,1.1,3.1,3.0,2,1,1.00,CYCLE,S
IND,208,6592,59453,15/01/2019,08:57:45,15,0,24.6,0.8,6.1,5.9,2,1,1.00,CYCLE,S
IND,208,6592,59453,15/01/2019,08:58:16,15,0,21.4,1.1,31.6,31.4,2,1,1.00,CYCLE,S
IND,208,6592,59453,15/01/2019,08:59:00,15,0,21.8,1.1,43.6,43.5,2,1,1.00,CYCLE,S
IND,208,6592,59453,15/01/2019,09:01:16,15,0,22.9,1.1,136.4,136.2,2,1,1.00,CYCLE,S
IND,208,6592,59453,15/01/2019,09:01:24,15,0,19.3,1.1,7.2,7.0,2,1,1.00,CYCLE,S
IND,208,6592,59453,15/01/2019,09:01:29,15,0,25.4,1.1,5.8,5.6,2,1,1.00,CYCLE,S
IND,208,6592,59453,15/01/2019,09:01:36,15,0,21.8,1.1,7.1,6.9,2,1,1.00,CYCLE,S
IND,208,6592,59453,15/01/2019,09:01:40,15,0,23.9,1.1,3.9,3.7,2,1,1.00,CYCLE,S
IND,208,6592,59453,15/01/2019,09:05:11,15,0,23.0,1.0,210.8,210.6,2,1,1.00,CYCLE,S
IND,208,6592,59453,15/01/2019,09:05:12,15,0,22.7,1.0,0.4,0.2,2,1,1.00,CYCLE,S
IND,208,6592,59453,15/01/2019,09:07:15,15,0,25.1,1.1,123.0,122.8,2,1,1.00,CYCLE,S
IND,208,6592,59452,15/01/2019,09:08:08,15,1,19.5,1.0,965.7,965.6,2,1,1.00,CYCLE,N
IND,208,6592,59452,15/01/2019,09:08:08,15,1,19.5,1.0,0.0,0.0,2,1,1.00,CYCLE,N
IND,208,6592,59452,15/01/2019,09:08:10,15,1,19.4,1.0,2.2,1.9,2,1,1.00,CYCLE,N
IND,208,6592,59453,15/01/2019,09:08:51,15,0,25.9,1.0,96.1,96.0,2,1,1.00,CYCLE,S
IND,208,6592,59453,15/01/2019,09:11:29,15,0,33.9,1.1,157.9,157.7,2,1,1.00,CYCLE,S
IND,208,6592,59453,15/01/2019,09:12:35,15,0,21.8,1.0,66.0,65.9,2,1,1.00,CYCLE,S
IND,208,6592,59453,15/01/2019,09:13:04,15,0,24.8,1.1,29.4,29.3,2,1,1.00,CYCLE,S
IND,208,6592,59452,15/01/2019,09:13:21,15,1,24.4,1.0,310.2,310.0,2,1,1.00,CYCLE,N
IND,208,6592,59452,15/01/2019,09:13:23,15,1,24.8,1.1,2.4,2.2,2,1,1.00,CYCLE,N
IND,208,6592,59453,15/01/2019,09:14:53,15,0,19.6,1.1,109.2,109.0,2,1,1.00,CYCLE,S
IND,208,6592,59452,15/01/2019,09:15:15,15,1,26.4,1.0,111.7,111.6,2,1,1.00,CYCLE,N
IND,208,6592,59453,15/01/2019,09:17:29,15,0,24.0,1.1,155.4,155.2,2,1,1.00,CYCLE,S
IND,208,6592,59453,15/01/2019,09:19:04,15,0,17.8,1.1,95.6,95.5,2,1,1.00,CYCLE,S
IND,208,6592,59453,15/01/2019,09:19:35,15,0,27.6,1.0,30.5,30.3,2,1,1.00,CYCLE,S
IND,208,6592,59453,15/01/2019,09:20:10,15,0,24.7,1.1,35.2,35.1,2,1,1.00,CYCLE,S
IND,208,6592,59453,15/01/2019,09:23:50,15,0,27.7,1.0,219.9,219.8,2,1,1.00,CYCLE,S
IND,208,6592,59453,15/01/2019,09:24:22,15,0,25.6,1.1,32.3,32.2,2,1,1.00,CYCLE,S
IND,208,6592,59453,15/01/2019,09:26:38,15,0,24.9,1.0,135.4,135.2,2,1,1.00,CYCLE,S
IND,208,6592,59453,15/01/2019,09:26:47,15,0,24.6,1.0,9.4,9.2,2,1,1.00,CYCLE,S
IND,208,6592,59453,15/01/2019,09:27:02,15,0,26.7,1.0,14.6,14.5,2,1,1.00,CYCLE,S
IND,208,6592,59452,15/01/2019,09:28:27,15,1,29.3,1.1,792.0,791.8,2,1,1.00,CYCLE,N
IND,208,6592,59453,15/01/2019,09:29:33,15,0,22.9,1.1,151.7,151.6,2,1,1.00,CYCLE,S
IND,208,6592,59452,15/01/2019,09:29:57,15,1,26.8,1.0,90.5,90.4,2,1,1.00,CYCLE,N
IND,208,6592,59453,15/01/2019,09:30:03,15,0,23.3,1.0,29.7,29.6,2,1,1.00,CYCLE,S
IND,208,6592,59453,15/01/2019,09:31:52,15,0,24.8,1.0,109.4,109.2,2,1,1.00,CYCLE,S
IND,208,6592,59453,15/01/2019,09:32:02,15,0,24.6,1.0,9.8,9.6,2,1,1.00,CYCLE,S
IND,208,6592,59453,15/01/2019,09:32:25,15,0,21.8,1.0,22.7,22.5,2,1,1.00,CYCLE,S
IND,208,6592,59453,15/01/2019,09:34:01,15,0,21.1,1.0,96.2,96.0,2,1,1.00,CYCLE,S
IND,208,6592,59453,15/01/2019,09:34:05,15,0,19.5,1.0,3.8,3.6,2,1,1.00,CYCLE,S
IND,208,6592,59453,15/01/2019,09:34:06,15,0,20.6,1.0,0.8,0.6,2,1,1.00,CYCLE,S
IND,208,6592,59453,15/01/2019,09:34:37,15,0,22.8,1.0,31.1,30.9,2,1,1.00,CYCLE,S
IND,208,6592,59453,15/01/2019,09:35:54,15,0,21.3,1.1,77.9,77.7,2,1,1.00,CYCLE,S
IND,208,6592,59452,15/01/2019,09:36:38,15,1,24.8,1.0,400.8,400.7,2,1,1.00,CYCLE,N
IND,208,6592,59452,15/01/2019,09:38:16,15,1,23.6,1.1,98.5,98.4,2,1,1.00,CYCLE,N
IND,208,6592,59453,15/01/2019,09:39:37,15,0,27.3,1.0,222.7,222.5,2,1,1.00,CYCLE,S
IND,208,6592,59453,15/01/2019,09:40:24,15,0,18.5,1.1,46.5,46.4,2,1,1.00,CYCLE,S
IND,208,6592,59453,15/01/2019,09:41:03,15,0,24.2,1.1,39.7,39.4,2,1,1.00,CYCLE,S
IND,208,6592,59453,15/01/2019,09:42:39,15,0,24.5,1.0,95.7,95.6,2,1,1.00,CYCLE,S
IND,208,6592,59453,15/01/2019,09:42:40,15,0,25.6,1.0,0.7,0.5,2,1,1.00,CYCLE,S
IND,208,6592,59452,15/01/2019,09:43:02,15,1,24.1,1.1,285.9,285.7,2,1,1.00,CYCLE,N
IND,208,6592,59452,15/01/2019,09:44:22,15,1,21.3,1.1,79.8,79.7,2,1,1.00,CYCLE,N
IND,208,6592,59453,15/01/2019,09:45:12,15,0,22.3,1.1,152.0,151.9,2,1,1.00,CYCLE,S
IND,208,6592,59453,15/01/2019,09:45:15,15,0,22.3,1.0,2.8,2.6,2,1,1.00,CYCLE,S
IND,208,6592,59453,15/01/2019,09:45:42,15,0,28.7,1.0,27.6,27.5,2,1,1.00,CYCLE,S
IND,208,6592,59453,15/01/2019,09:45:48,15,0,29.1,1.0,6.2,6.1,2,1,1.00,CYCLE,S
IND,208,6592,59453,15/01/2019,09:46:18,15,0,24.3,1.1,29.5,29.4,2,1,1.00,CYCLE,S
IND,208,6592,59453,15/01/2019,09:47:12,15,0,19.1,1.1,54.6,54.5,2,1,1.00,CYCLE,S
IND,208,6592,59453,15/01/2019,09:48:09,15,0,15.0,1.0,56.2,56.0,2,1,1.00,CYCLE,S
IND,208,6592,59453,15/01/2019,09:48:10,15,0,15.8,1.1,1.1,0.9,2,1,1.00,CYCLE,S
IND,208,6592,59453,15/01/2019,09:48:14,15,0,15.3,1.0,3.9,3.7,2,1,1.00,CYCLE,S
IND,208,6592,59453,15/01/2019,09:48:15,15,0,15.1,1.1,1.5,1.3,2,1,1.00,CYCLE,S
IND,208,6592,59453,15/01/2019,09:53:01,15,0,22.0,1.1,285.3,285.1,2,1,1.00,CYCLE,S
IND,208,6592,59452,15/01/2019,09:53:40,15,1,18.9,1.1,557.9,557.7,2,1,1.00,CYCLE,N
IND,208,6592,59453,15/01/2019,09:54:32,15,0,21.5,1.1,91.8,91.6,2,1,1.00,CYCLE,S
IND,208,6592,59452,15/01/2019,09:55:55,15,1,23.9,1.1,134.8,134.6,2,1,1.00,CYCLE,N
IND,208,6592,59452,15/01/2019,09:55:55,15,1,21.6,1.1,0.3,0.1,2,1,1.00,CYCLE,N
IND,208,6592,59452,15/01/2019,09:55:59,15,1,23.1,1.0,4.2,4.0,2,1,1.00,CYCLE,N
IND,208,6592,59453,15/01/2019,09:56:35,15,0,20.1,1.0,122.3,122.1,2,1,1.00,CYCLE,S
IND,208,6592,59452,15/01/2019,09:58:03,15,1,24.8,1.0,123.5,123.3,2,1,1.00,CYCLE,N
IND,208,6592,59453,15/01/2019,09:58:38,15,0,30.3,1.0,123.8,123.6,2,1,1.00,CYCLE,S
IND,208,6592,59452,15/01/2019,09:59:26,15,1,26.0,1.0,83.6,83.4,2,1,1.00,CYCLE,N
IND,208,6592,59453,15/01/2019,10:01:07,15,0,38.2,1.0,148.3,148.1,2,1,1.00,CYCLE,S
IND,208,6592,59453,15/01/2019,10:02:03,15,0,25.7,1.1,56.3,56.2,2,1,1.00,CYCLE,S
IND,208,6592,59453,15/01/2019,10:02:34,15,0,23.7,1.0,31.1,30.9,2,1,1.00,CYCLE,S
IND,208,6592,59453,15/01/2019,10:03:14,15,0,25.7,1.0,40.1,40.0,2,1,1.00,CYCLE,S
IND,208,6592,59453,15/01/2019,10:04:22,15,0,23.1,1.0,67.4,67.3,2,1,1.00,CYCLE,S
IND,208,6592,59453,15/01/2019,10:06:45,15,0,25.3,1.0,143.2,143.0,2,1,1.00,CYCLE,S
IND,208,6592,59453,15/01/2019,10:07:15,15,0,22.4,1.1,30.1,30.0,2,1,1.00,CYCLE,S
IND,208,6592,59452,15/01/2019,10:07:34,15,1,20.5,1.0,487.3,487.2,2,1,1.00,CYCLE,N
IND,208,6592,59453,15/01/2019,10:08:15,15,0,22.7,1.0,60.1,59.9,2,1,1.00,CYCLE,S
IND,208,6592,59453,15/01/2019,10:10:40,15,0,25.3,1.0,145.2,145.0,2,1,1.00,CYCLE,S
IND,208,6592,59452,15/01/2019,10:11:19,15,1,17.4,1.1,225.5,225.3,2,1,1.00,CYCLE,N
IND,208,6592,59453,15/01/2019,10:12:15,15,0,27.5,1.0,95.2,95.0,2,1,1.00,CYCLE,S
IND,208,6592,59453,15/01/2019,10:14:03,15,0,28.2,1.1,108.0,107.8,2,1,1.00,CYCLE,S
IND,208,6592,59452,15/01/2019,10:17:06,15,1,29.8,1.0,346.5,346.3,2,1,1.00,CYCLE,N
IND,208,6592,59453,15/01/2019,10:17:19,15,0,25.2,1.1,195.5,195.4,2,1,1.00,CYCLE,S
IND,208,6592,59452,15/01/2019,10:22:02,15,1,29.5,1.0,296.2,296.1,2,1,1.00,CYCLE,N
IND,208,6592,59453,15/01/2019,10:23:19,15,0,27.3,1.0,360.3,360.1,2,1,1.00,CYCLE,S
IND,208,6592,59453,15/01/2019,10:24:28,15,0,18.6,1.1,69.4,69.2,2,1,1.00,CYCLE,S
IND,208,6592,59453,15/01/2019,10:24:43,15,0,24.6,1.1,14.9,14.7,2,1,1.00,CYCLE,S
IND,208,6592,59452,15/01/2019,10:25:50,15,1,24.3,1.1,228.1,228.0,2,1,1.00,CYCLE,N
IND,208,6592,59453,15/01/2019,10:26:51,15,0,22.5,1.0,127.6,127.5,2,1,1.00,CYCLE,S
IND,208,6592,59453,15/01/2019,10:26:54,15,0,25.8,1.0,2.5,2.3,2,1,1.00,CYCLE,S
IND,208,6592,59452,15/01/2019,10:31:28,15,1,24.3,1.1,301.3,301.0,2,1,1.00,CYCLE,N
IND,208,6592,59453,15/01/2019,10:36:50,15,0,25.3,1.0,596.3,596.2,2,1,1.00,CYCLE,S
IND,208,6592,59452,15/01/2019,10:37:30,15,1,27.8,1.1,361.4,361.2,2,1,1.00,CYCLE,N
IND,208,6592,59453,15/01/2019,10:41:06,15,0,21.5,1.1,255.7,255.5,2,1,1.00,CYCLE,S
IND,208,6592,59453,15/01/2019,10:41:44,15,0,30.4,1.0,38.7,38.5,2,1,1.00,CYCLE,S
IND,208,6592,59453,15/01/2019,10:41:46,15,0,23.7,1.1,2.0,1.8,2,1,1.00,CYCLE,S
IND,208,6592,59453,15/01/2019,10:41:49,15,0,26.2,1.0,2.9,2.7,2,1,1.00,CYCLE,S
IND,208,6592,59452,15/01/2019,10:42:05,15,1,24.1,1.0,275.1,275.0,2,1,1.00,CYCLE,N
IND,208,6592,59453,15/01/2019,10:43:46,15,0,23.0,1.0,116.8,116.6,2,1,1.00,CYCLE,S
IND,208,6592,59452,15/01/2019,10:45:58,15,1,36.8,1.0,233.3,233.2,2,1,1.00,CYCLE,N
IND,208,6592,59453,15/01/2019,10:46:51,15,0,24.8,1.1,184.7,184.5,2,1,1.00,CYCLE,S
IND,208,6592,59453,15/01/2019,10:47:48,15,0,23.6,1.1,57.6,57.5,2,1,1.00,CYCLE,S
IND,208,6592,59453,15/01/2019,10:47:49,15,0,24.0,1.1,0.7,0.6,2,1,1.00,CYCLE,S
IND,208,6592,59452,15/01/2019,10:48:11,15,1,18.6,1.0,126.4,126.2,2,1,1.00,CYCLE,N
IND,208,6592,59452,15/01/2019,10:53:33,15,1,33.8,1.1,322.1,321.8,2,1,1.00,CYCLE,N
IND,208,6592,59453,15/01/2019,10:55:04,15,0,24.4,1.1,435.5,435.3,2,1,1.00,CYCLE,S
IND,208,6592,59453,15/01/2019,10:59:21,15,0,23.7,1.0,256.3,256.2,2,1,1.00,CYCLE,S
IND,208,6592,59452,15/01/2019,11:03:42,15,1,31.0,1.0,608.8,608.7,2,1,1.00,CYCLE,N
IND,208,6592,59453,15/01/2019,11:05:04,15,0,21.1,1.1,343.2,343.1,2,1,1.00,CYCLE,S
IND,208,6592,59453,15/01/2019,11:09:20,15,0,19.9,1.0,256.0,255.9,2,1,1.00,CYCLE,S
IND,208,6592,59453,15/01/2019,11:09:20,15,0,20.8,1.0,0.5,0.3,2,1,1.00,CYCLE,S
IND,208,6592,59453,15/01/2019,11:11:02,15,0,25.4,1.1,101.6,101.4,2,1,1.00,CYCLE,S
IND,208,6592,59452,15/01/2019,11:11:13,15,1,23.7,1.0,450.5,450.4,2,1,1.00,CYCLE,N
IND,208,6592,59453,15/01/2019,11:15:58,15,0,20.9,1.0,283.8,283.3,2,1,1.00,CYCLE,S
IND,208,6592,59452,15/01/2019,11:20:33,15,1,28.6,1.0,560.5,560.3,2,1,1.00,CYCLE,N
IND,208,6592,59453,15/01/2019,11:22:01,15,0,22.2,1.1,363.2,363.0,2,1,1.00,CYCLE,S
IND,208,6592,59453,15/01/2019,11:22:54,15,0,20.8,1.2,52.6,52.4,2,1,1.00,CYCLE,S
IND,208,6592,59453,15/01/2019,11:23:56,15,0,28.3,1.0,61.5,61.3,2,1,1.00,CYCLE,S
IND,208,6592,59452,15/01/2019,11:27:16,15,1,26.7,1.1,402.3,402.2,2,1,1.00,CYCLE,N
IND,208,6592,59452,15/01/2019,11:29:21,15,1,28.5,0.1,125.8,125.6,2,1,1.00,CYCLE,N
IND,208,6592,59453,15/01/2019,11:29:52,15,0,19.2,1.1,356.5,356.4,2,1,1.00,CYCLE,S
IND,208,6592,59452,15/01/2019,11:30:41,15,1,28.9,1.0,79.4,79.4,2,1,1.00,CYCLE,N
IND,208,6592,59452,15/01/2019,11:30:48,15,1,21.9,1.1,7.7,7.6,2,1,1.00,CYCLE,N
IND,208,6592,59453,15/01/2019,11:30:52,15,0,27.6,1.0,60.3,60.1,2,1,1.00,CYCLE,S
IND,208,6592,59453,15/01/2019,11:31:25,15,0,16.0,1.1,32.8,32.6,2,1,1.00,CYCLE,S
IND,208,6592,59452,15/01/2019,11:33:07,15,1,31.9,1.0,138.3,138.1,2,1,1.00,CYCLE,N
IND,208,6592,59453,15/01/2019,11:33:29,15,0,20.6,1.1,123.7,123.5,2,1,1.00,CYCLE,S
IND,208,6592,59452,15/01/2019,11:39:10,15,1,27.9,1.1,363.2,363.1,2,1,1.00,CYCLE,N
IND,208,6592,59452,15/01/2019,11:39:48,15,1,18.3,1.0,38.2,38.1,2,1,1.00,CYCLE,N
IND,208,6592,59452,15/01/2019,11:41:39,15,1,16.3,1.1,110.6,110.4,2,1,1.00,CYCLE,N
IND,208,6592,59452,15/01/2019,11:41:40,15,1,16.2,1.0,0.8,0.5,2,1,1.00,CYCLE,N
IND,208,6592,59452,15/01/2019,11:41:42,15,1,16.3,1.0,2.1,1.9,2,1,1.00,CYCLE,N
IND,208,6592,59452,15/01/2019,11:41:42,15,1,16.3,1.0,0.0,0.0,2,1,1.00,CYCLE,N
IND,208,6592,59452,15/01/2019,11:41:43,15,1,15.4,1.0,1.2,0.7,2,1,1.00,CYCLE,N
IND,208,6592,59452,15/01/2019,11:41:43,15,1,15.4,1.0,0.0,0.0,2,1,1.00,CYCLE,N
IND,208,6592,59452,15/01/2019,11:41:44,15,1,18.0,1.1,1.1,0.7,2,1,1.00,CYCLE,N
IND,208,6592,59452,15/01/2019,11:42:10,15,1,28.6,1.1,26.3,26.1,2,1,1.00,CYCLE,N
IND,208,6592,59453,15/01/2019,11:42:23,15,0,21.7,1.0,534.0,533.8,2,1,1.00,CYCLE,S
IND,208,6592,59453,15/01/2019,11:42:30,15,0,24.7,1.0,6.6,6.5,2,1,1.00,CYCLE,S
IND,208,6592,59453,15/01/2019,11:44:40,15,0,22.6,1.0,130.2,130.1,2,1,1.00,CYCLE,S
IND,208,6592,59453,15/01/2019,11:46:18,15,0,28.9,1.0,98.7,98.6,2,1,1.00,CYCLE,S
IND,208,6592,59453,15/01/2019,11:46:37,15,0,21.3,1.1,18.7,18.6,2,1,1.00,CYCLE,S
IND,208,6592,59452,15/01/2019,11:46:45,15,1,22.2,1.0,274.9,274.8,2,1,1.00,CYCLE,N
IND,208,6592,59452,15/01/2019,11:48:32,15,1,21.8,1.1,106.4,106.3,2,1,1.00,CYCLE,N
IND,208,6592,59453,15/01/2019,11:51:40,15,0,21.7,1.1,302.5,302.3,2,1,1.00,CYCLE,S
IND,208,6592,59453,15/01/2019,11:53:32,15,0,17.7,1.0,112.1,112.0,2,1,1.00,CYCLE,S
IND,208,6592,59452,15/01/2019,11:54:51,15,1,26.2,1.1,379.3,379.1,2,1,1.00,CYCLE,N
IND,208,6592,59452,15/01/2019,11:54:58,15,1,22.7,1.1,6.8,6.7,2,1,1.00,CYCLE,N
IND,208,6592,59452,15/01/2019,11:56:46,15,1,23.4,1.0,108.3,108.2,2,1,1.00,CYCLE,N
IND,208,6592,59453,15/01/2019,11:57:06,15,0,27.8,1.0,214.4,214.2,2,1,1.00,CYCLE,S
IND,208,6592,59452,15/01/2019,12:00:40,15,1,14.5,1.0,234.0,233.9,2,1,1.00,CYCLE,N
IND,208,6592,59453,15/01/2019,12:00:47,15,0,19.3,1.0,220.3,220.2,2,1,1.00,CYCLE,S
IND,208,6592,59453,15/01/2019,12:00:48,15,0,19.8,1.1,1.0,0.8,2,1,1.00,CYCLE,S
IND,208,6592,59453,15/01/2019,12:02:58,15,0,23.1,1.1,130.1,129.9,2,1,1.00,CYCLE,S
IND,208,6592,59453,15/01/2019,12:07:15,15,0,20.7,1.0,257.1,256.9,2,1,1.00,CYCLE,S
IND,208,6592,59452,15/01/2019,12:08:34,15,1,21.5,1.1,237.4,236.7,2,1,1.00,CYCLE,N
IND,208,6592,59452,15/01/2019,12:11:48,15,1,32.3,1.1,193.3,193.1,2,1,1.00,CYCLE,N
IND,208,6592,59452,15/01/2019,12:11:52,15,1,24.8,1.0,3.9,3.8,2,1,1.00,CYCLE,N
IND,208,6592,59453,15/01/2019,12:14:22,15,0,25.8,1.0,427.6,427.4,2,1,1.00,CYCLE,S
IND,208,6592,59452,15/01/2019,12:15:26,15,1,26.9,1.0,214.4,214.3,2,1,1.00,CYCLE,N
IND,208,6592,59453,15/01/2019,12:18:55,15,0,17.1,1.0,273.1,272.9,2,1,1.00,CYCLE,S
IND,208,6592,59453,15/01/2019,12:19:38,15,0,22.2,1.1,42.5,42.3,2,1,1.00,CYCLE,S
IND,208,6592,59453,15/01/2019,12:19:42,15,0,21.3,1.0,3.9,3.7,2,1,1.00,CYCLE,S
IND,208,6592,59453,15/01/2019,12:25:45,15,0,23.0,1.0,363.0,362.9,2,1,1.00,CYCLE,S
IND,208,6592,59453,15/01/2019,12:29:45,15,0,14.9,1.1,240.5,240.3,2,1,1.00,CYCLE,S
IND,208,6592,59453,15/01/2019,12:29:47,15,0,16.1,1.0,1.7,1.4,2,1,1.00,CYCLE,S
IND,208,6592,59452,15/01/2019,12:30:55,15,1,31.5,1.0,928.6,928.5,2,1,1.00,CYCLE,N
IND,208,6592,59452,15/01/2019,12:34:52,15,1,31.9,1.0,237.8,237.7,2,1,1.00,CYCLE,N
IND,208,6592,59452,15/01/2019,12:35:06,15,1,22.9,1.1,13.5,13.4,2,1,1.00,CYCLE,N
IND,208,6592,59453,15/01/2019,12:38:18,15,0,21.4,1.1,511.2,511.0,2,1,1.00,CYCLE,S
IND,208,6592,59453,15/01/2019,12:40:17,15,0,24.6,1.0,118.7,118.5,2,1,1.00,CYCLE,S
IND,208,6592,59453,15/01/2019,12:40:18,15,0,25.2,1.0,1.2,1.1,2,1,1.00,CYCLE,S
IND,208,6592,59452,15/01/2019,12:40:32,15,1,24.0,1.0,325.6,325.4,2,1,1.00,CYCLE,N
IND,208,6592,59453,15/01/2019,12:42:19,15,0,13.4,1.0,121.1,121.0,2,1,1.00,CYCLE,S
IND,208,6592,59452,15/01/2019,12:43:23,15,1,26.5,1.1,171.6,171.4,2,1,1.00,CYCLE,N
IND,208,6592,59453,15/01/2019,12:45:32,15,0,21.8,1.1,192.3,192.0,2,1,1.00,CYCLE,S
IND,208,6592,59452,15/01/2019,12:53:10,15,1,26.9,1.1,586.9,586.7,2,1,1.00,CYCLE,N
IND,208,6592,59452,15/01/2019,12:55:41,15,1,22.4,1.0,151.2,151.1,2,1,1.00,CYCLE,N
IND,208,6592,59452,15/01/2019,12:57:24,15,1,12.1,1.1,102.4,102.3,2,1,1.00,CYCLE,N
IND,208,6592,59453,15/01/2019,13:00:30,15,0,7.6,1.1,898.2,898.0,2,1,1.00,CYCLE,S
IND,208,6592,59453,15/01/2019,13:01:42,15,0,25.6,1.0,72.3,71.8,2,1,1.00,CYCLE,S
IND,208,6592,59452,15/01/2019,13:01:50,15,1,25.7,1.1,266.6,266.3,2,1,1.00,CYCLE,N
IND,208,6592,59452,15/01/2019,13:03:04,15,1,31.6,1.0,73.9,73.8,2,1,1.00,CYCLE,N
IND,208,6592,59452,15/01/2019,13:03:12,15,1,28.0,1.0,7.5,7.4,2,1,1.00,CYCLE,N
IND,208,6592,59452,15/01/2019,13:03:35,15,1,26.4,1.0,23.8,23.7,2,1,1.00,CYCLE,N
IND,208,6592,59453,15/01/2019,13:05:24,15,0,26.4,1.0,221.5,221.3,2,1,1.00,CYCLE,S
IND,208,6592,59452,15/01/2019,13:06:52,15,1,22.6,1.1,195.1,195.0,2,1,1.00,CYCLE,N
IND,208,6592,59452,15/01/2019,13:06:56,15,1,19.5,1.1,4.5,4.3,2,1,1.00,CYCLE,N
IND,208,6592,59453,15/01/2019,13:08:16,15,0,14.6,1.0,172.5,172.3,2,1,1.00,CYCLE,S
IND,208,6592,59453,15/01/2019,13:08:26,15,0,27.3,1.0,9.8,9.5,2,1,1.00,CYCLE,S
IND,208,6592,59452,15/01/2019,13:14:03,15,1,23.8,1.0,427.0,426.8,2,1,1.00,CYCLE,N
IND,208,6592,59452,15/01/2019,13:14:25,15,1,20.2,1.0,21.4,21.3,2,1,1.00,CYCLE,N
IND,208,6592,59452,15/01/2019,13:14:27,15,1,23.3,1.1,2.7,2.6,2,1,1.00,CYCLE,N
IND,208,6592,59453,15/01/2019,13:14:32,15,0,17.3,1.1,366.5,366.4,2,1,1.00,CYCLE,S
IND,208,6592,59452,15/01/2019,13:15:54,15,1,35.0,1.0,86.1,85.9,2,1,1.00,CYCLE,N
IND,208,6592,59453,15/01/2019,13:20:01,15,0,24.6,1.1,328.4,328.2,2,1,1.00,CYCLE,S
IND,208,6592,59452,15/01/2019,13:20:10,15,1,29.7,1.1,255.9,255.9,2,1,1.00,CYCLE,N
IND,208,6592,59453,15/01/2019,13:20:12,15,0,21.8,1.0,11.4,11.2,2,1,1.00,CYCLE,S
IND,208,6592,59452,15/01/2019,13:21:47,15,1,25.6,1.1,97.1,97.0,2,1,1.00,CYCLE,N
IND,208,6592,59452,15/01/2019,13:21:58,15,1,24.9,1.0,11.3,11.2,2,1,1.00,CYCLE,N
IND,208,6592,59452,15/01/2019,13:23:56,15,1,20.9,1.1,118.3,118.1,2,1,1.00,CYCLE,N
IND,208,6592,59453,15/01/2019,13:25:20,15,0,23.4,1.0,307.7,307.5,2,1,1.00,CYCLE,S
IND,208,6592,59452,15/01/2019,13:26:19,15,1,21.2,1.0,143.0,142.8,2,1,1.00,CYCLE,N
IND,208,6592,59452,15/01/2019,13:26:44,15,1,19.3,1.1,24.6,24.4,2,1,1.00,CYCLE,N
IND,208,6592,59452,15/01/2019,13:27:26,15,1,24.6,1.1,41.7,41.4,2,1,1.00,CYCLE,N
IND,208,6592,59453,15/01/2019,13:28:19,15,0,25.7,0.8,179.0,178.9,2,1,1.00,CYCLE,S
IND,208,6592,59452,15/01/2019,13:29:21,15,1,22.4,1.1,115.8,115.6,2,1,1.00,CYCLE,N
IND,208,6592,59453,15/01/2019,13:29:24,15,0,26.4,1.0,64.8,64.6,2,1,1.00,CYCLE,S
IND,208,6592,59452,15/01/2019,13:29:37,15,1,25.4,1.1,15.5,15.3,2,1,1.00,CYCLE,N
IND,208,6592,59452,15/01/2019,13:29:57,15,1,17.4,1.0,20.1,19.9,2,1,1.00,CYCLE,N
IND,208,6592,59452,15/01/2019,13:29:59,15,1,18.2,1.0,1.6,1.4,2,1,1.00,CYCLE,N
IND,208,6592,59453,15/01/2019,13:34:05,15,0,16.7,1.1,280.8,280.7,2,1,1.00,CYCLE,S
IND,208,6592,59453,15/01/2019,13:35:08,15,0,17.5,1.1,63.4,63.2,2,1,1.00,CYCLE,S
IND,208,6592,59452,15/01/2019,13:35:26,15,1,25.1,1.0,327.0,326.8,2,1,1.00,CYCLE,N
IND,208,6592,59452,15/01/2019,13:35:27,15,1,21.8,1.1,1.8,1.7,2,1,1.00,CYCLE,N
IND,208,6592,59452,15/01/2019,13:35:28,15,1,21.5,1.0,0.5,0.3,2,1,1.00,CYCLE,N
IND,208,6592,59452,15/01/2019,13:37:29,15,1,30.4,1.0,120.8,120.6,2,1,1.00,CYCLE,N
IND,208,6592,59452,15/01/2019,13:37:29,15,1,32.6,1.0,0.6,0.5,2,1,1.00,CYCLE,N
IND,208,6592,59453,15/01/2019,13:39:24,15,0,23.3,1.1,256.1,255.9,2,1,1.00,CYCLE,S
IND,208,6592,59453,15/01/2019,13:40:48,15,0,26.7,1.1,83.8,83.6,2,1,1.00,CYCLE,S
IND,208,6592,59452,15/01/2019,13:41:00,15,1,34.1,1.0,210.8,210.7,2,1,1.00,CYCLE,N
IND,208,6592,59452,15/01/2019,13:41:45,15,1,23.6,1.1,45.3,45.2,2,1,1.00,CYCLE,N
IND,208,6592,59453,15/01/2019,13:43:07,15,0,27.8,1.0,139.0,138.9,2,1,1.00,CYCLE,S
IND,208,6592,59452,15/01/2019,13:47:01,15,1,28.9,1.0,315.9,315.7,2,1,1.00,CYCLE,N
IND,208,6592,59452,15/01/2019,13:48:48,15,1,31.6,1.0,107.0,106.9,2,1,1.00,CYCLE,N
IND,208,6592,59452,15/01/2019,13:48:52,15,1,28.3,1.1,3.7,3.6,2,1,1.00,CYCLE,N
IND,208,6592,59452,15/01/2019,13:48:57,15,1,25.9,1.0,5.2,5.0,2,1,1.00,CYCLE,N
IND,208,6592,59452,15/01/2019,13:49:00,15,1,24.4,1.1,2.7,2.6,2,1,1.00,CYCLE,N
IND,208,6592,59452,15/01/2019,13:49:01,15,1,23.5,1.1,0.8,0.7,2,1,1.00,CYCLE,N
IND,208,6592,59452,15/01/2019,13:50:02,15,1,22.2,1.0,61.6,61.4,2,1,1.00,CYCLE,N
IND,208,6592,59452,15/01/2019,13:50:57,15,1,18.7,1.1,55.0,54.8,2,1,1.00,CYCLE,N
IND,208,6592,59452,15/01/2019,13:51:08,15,1,22.4,1.1,10.8,10.6,2,1,1.00,CYCLE,N
IND,208,6592,59453,15/01/2019,13:52:19,15,0,25.8,1.1,552.4,552.2,2,1,1.00,CYCLE,S
IND,208,6592,59452,15/01/2019,13:56:03,15,1,27.0,1.1,294.8,294.7,2,1,1.00,CYCLE,N
IND,208,6592,59452,15/01/2019,13:56:10,15,1,23.1,1.0,7.3,7.2,2,1,1.00,CYCLE,N
IND,208,6592,59453,15/01/2019,13:57:07,15,0,17.2,1.0,288.0,287.9,2,1,1.00,CYCLE,S
IND,208,6592,59452,15/01/2019,13:59:33,15,1,25.7,1.1,202.6,202.4,2,1,1.00,CYCLE,N
IND,208,6592,59452,15/01/2019,13:59:43,15,1,20.1,1.0,10.1,9.9,2,1,1.00,CYCLE,N
IND,208,6592,59452,15/01/2019,13:59:43,15,1,20.1,1.0,0.0,0.0,2,1,1.00,CYCLE,N
IND,208,6592,59452,15/01/2019,13:59:52,15,1,12.3,1.1,9.1,8.7,2,1,1.00,CYCLE,N
IND,208,6592,59452,15/01/2019,13:59:52,15,1,12.6,0.9,0.5,0.1,2,1,1.00,CYCLE,N
IND,208,6592,59452,15/01/2019,14:00:16,15,1,17.1,1.1,23.7,23.4,2,1,1.00,CYCLE,N
IND,208,6592,59452,15/01/2019,14:00:18,15,1,18.6,1.0,1.5,1.3,2,1,1.00,CYCLE,N
IND,208,6592,59453,15/01/2019,14:00:35,15,0,19.6,1.0,207.3,207.1,2,1,1.00,CYCLE,S
IND,208,6592,59452,15/01/2019,14:01:32,15,1,26.0,1.0,74.3,74.1,2,1,1.00,CYCLE,N
IND,208,6592,59453,15/01/2019,14:01:48,15,0,20.0,1.1,73.7,73.5,2,1,1.00,CYCLE,S
IND,208,6592,59452,15/01/2019,14:02:42,15,1,27.4,1.0,69.8,69.7,2,1,1.00,CYCLE,N
IND,208,6592,59453,15/01/2019,14:06:10,15,0,21.5,1.0,262.2,262.0,2,1,1.00,CYCLE,S
IND,208,6592,59452,15/01/2019,14:07:37,15,1,33.4,1.1,295.1,294.9,2,1,1.00,CYCLE,N
IND,208,6592,59452,15/01/2019,14:07:39,15,1,30.0,1.1,1.9,1.8,2,1,1.00,CYCLE,N
IND,208,6592,59452,15/01/2019,14:07:40,15,1,24.2,1.1,1.5,1.4,2,1,1.00,CYCLE,N
IND,208,6592,59452,15/01/2019,14:07:52,15,1,18.4,1.1,11.8,11.6,2,1,1.00,CYCLE,N
IND,208,6592,59452,15/01/2019,14:09:17,15,1,33.9,1.0,85.4,85.1,2,1,1.00,CYCLE,N
IND,208,6592,59452,15/01/2019,14:09:21,15,1,25.4,1.1,3.4,3.3,2,1,1.00,CYCLE,N
IND,208,6592,59453,15/01/2019,14:09:56,15,0,20.5,1.0,225.6,225.4,2,1,1.00,CYCLE,S
IND,208,6592,59452,15/01/2019,14:10:02,15,1,17.2,1.1,41.5,41.4,2,1,1.00,CYCLE,N
IND,208,6592,59452,15/01/2019,14:11:03,15,1,29.2,1.0,61.3,61.0,2,1,1.00,CYCLE,N
IND,208,6592,59452,15/01/2019,14:11:03,15,1,29.2,1.0,0.0,0.0,2,1,1.00,CYCLE,N
IND,208,6592,59452,15/01/2019,14:11:08,15,1,22.6,1.1,4.4,4.2,2,1,1.00,CYCLE,N
IND,208,6592,59452,15/01/2019,14:11:19,15,1,22.0,1.1,11.2,11.1,2,1,1.00,CYCLE,N
IND,208,6592,59452,15/01/2019,14:13:10,15,1,25.3,1.1,111.1,110.9,2,1,1.00,CYCLE,N
IND,208,6592,59452,15/01/2019,14:13:15,15,1,21.5,1.1,5.0,4.9,2,1,1.00,CYCLE,N
IND,208,6592,59452,15/01/2019,14:15:25,15,1,31.0,1.0,129.7,129.5,2,1,1.00,CYCLE,N
IND,208,6592,59452,15/01/2019,14:15:25,15,1,31.3,0.8,0.5,0.4,2,1,1.00,CYCLE,N
IND,208,6592,59452,15/01/2019,14:17:07,15,1,26.0,1.0,102.0,101.9,2,1,1.00,CYCLE,N
IND,208,6592,59453,15/01/2019,14:17:33,15,0,15.9,1.0,456.9,456.7,2,1,1.00,CYCLE,S
IND,208,6592,59452,15/01/2019,14:18:55,15,1,34.4,1.0,107.1,106.9,2,1,1.00,CYCLE,N
IND,208,6592,59452,15/01/2019,14:18:59,15,1,28.6,1.1,4.7,4.6,2,1,1.00,CYCLE,N
IND,208,6592,59452,15/01/2019,14:19:30,15,1,26.0,1.0,31.1,30.9,2,1,1.00,CYCLE,N
IND,208,6592,59453,15/01/2019,14:19:51,15,0,20.7,1.0,138.0,137.8,2,1,1.00,CYCLE,S
IND,208,6592,59452,15/01/2019,14:22:50,15,1,33.3,1.0,199.5,199.4,2,1,1.00,CYCLE,N
IND,208,6592,59452,15/01/2019,14:23:06,15,1,20.2,1.0,16.0,15.9,2,1,1.00,CYCLE,N
IND,208,6592,59452,15/01/2019,14:24:59,15,1,29.9,1.0,113.1,112.9,2,1,1.00,CYCLE,N
IND,208,6592,59452,15/01/2019,14:25:14,15,1,29.8,1.0,15.2,15.1,2,1,1.00,CYCLE,N
IND,208,6592,59452,15/01/2019,14:25:17,15,1,25.8,1.0,2.7,2.6,2,1,1.00,CYCLE,N
IND,208,6592,59452,15/01/2019,14:25:23,15,1,21.4,1.1,6.6,6.5,2,1,1.00,CYCLE,N
IND,208,6592,59453,15/01/2019,14:25:37,15,0,21.1,1.1,345.7,345.6,2,1,1.00,CYCLE,S
IND,208,6592,59452,15/01/2019,14:26:54,15,1,33.0,1.0,90.6,90.4,2,1,1.00,CYCLE,N
IND,208,6592,59452,15/01/2019,14:27:03,15,1,22.3,1.1,8.7,8.6,2,1,1.00,CYCLE,N
IND,208,6592,59453,15/01/2019,14:27:07,15,0,24.4,1.0,90.4,90.2,2,1,1.00,CYCLE,S
IND,208,6592,59452,15/01/2019,14:28:16,15,1,25.8,1.0,73.1,72.9,2,1,1.00,CYCLE,N
IND,208,6592,59452,15/01/2019,14:28:46,15,1,28.0,1.1,30.2,30.0,2,1,1.00,CYCLE,N
IND,208,6592,59452,15/01/2019,14:28:50,15,1,25.2,1.0,4.6,4.4,2,1,1.00,CYCLE,N
IND,208,6592,59452,15/01/2019,14:28:58,15,1,24.4,1.1,7.7,7.5,2,1,1.00,CYCLE,N
IND,208,6592,59453,15/01/2019,14:29:17,15,0,19.2,1.1,129.9,129.7,2,1,1.00,CYCLE,S
IND,208,6592,59452,15/01/2019,14:31:17,15,1,31.8,1.1,138.8,138.7,2,1,1.00,CYCLE,N
IND,208,6592,59452,15/01/2019,14:31:21,15,1,29.9,1.1,3.6,3.5,2,1,1.00,CYCLE,N
IND,208,6592,59452,15/01/2019,14:31:28,15,1,20.9,1.1,7.7,7.6,2,1,1.00,CYCLE,N
IND,208,6592,59452,15/01/2019,14:33:29,15,1,25.6,1.1,120.4,120.2,2,1,1.00,CYCLE,N
IND,208,6592,59452,15/01/2019,14:34:30,15,1,26.1,1.1,60.9,60.8,2,1,1.00,CYCLE,N
IND,208,6592,59452,15/01/2019,14:34:50,15,1,32.7,1.0,20.4,20.3,2,1,1.00,CYCLE,N
IND,208,6592,59452,15/01/2019,14:34:52,15,1,31.2,1.0,1.8,1.6,2,1,1.00,CYCLE,N
IND,208,6592,59452,15/01/2019,14:35:00,15,1,23.4,1.1,8.4,8.3,2,1,1.00,CYCLE,N
IND,208,6592,59453,15/01/2019,14:35:50,15,0,20.4,1.1,392.6,392.4,2,1,1.00,CYCLE,S
IND,208,6592,59452,15/01/2019,14:36:08,15,1,26.7,1.1,67.9,67.8,2,1,1.00,CYCLE,N
IND,208,6592,59452,15/01/2019,14:36:11,15,1,27.5,1.0,2.6,2.4,2,1,1.00,CYCLE,N
IND,208,6592,59452,15/01/2019,14:36:12,15,1,26.9,1.1,0.9,0.8,2,1,1.00,CYCLE,N
IND,208,6592,59453,15/01/2019,14:36:26,15,0,25.1,1.1,36.8,36.6,2,1,1.00,CYCLE,S
IND,208,6592,59452,15/01/2019,14:37:50,15,1,31.5,1.0,98.2,98.1,2,1,1.00,CYCLE,N
IND,208,6592,59452,15/01/2019,14:37:53,15,1,28.3,1.0,3.1,3.0,2,1,1.00,CYCLE,N
IND,208,6592,59452,15/01/2019,14:37:55,15,1,28.3,1.1,2.2,2.1,2,1,1.00,CYCLE,N
IND,208,6592,59452,15/01/2019,14:39:03,15,1,23.9,1.0,67.8,67.7,2,1,1.00,CYCLE,N
IND,208,6592,59453,15/01/2019,14:40:38,15,0,27.9,1.0,251.5,251.4,2,1,1.00,CYCLE,S
IND,208,6592,59453,15/01/2019,14:40:45,15,0,24.1,1.1,7.2,7.0,2,1,1.00,CYCLE,S
IND,208,6592,59452,15/01/2019,14:41:06,15,1,29.7,1.1,123.3,123.1,2,1,1.00,CYCLE,N
IND,208,6592,59453,15/01/2019,14:41:06,15,0,22.9,1.1,21.5,21.4,2,1,1.00,CYCLE,S
IND,208,6592,59453,15/01/2019,14:41:07,15,0,21.9,1.0,1.0,0.8,2,1,1.00,CYCLE,S
IND,208,6592,59453,15/01/2019,14:41:46,15,0,22.6,1.0,38.4,38.3,2,1,1.00,CYCLE,S
IND,208,6592,59453,15/01/2019,14:42:47,15,0,19.5,1.1,61.0,60.9,2,1,1.00,CYCLE,S
IND,208,6592,59452,15/01/2019,14:42:59,15,1,40.4,1.0,107.3,107.0,2,1,1.00,CYCLE,N
IND,208,6592,59452,15/01/2019,14:43:04,15,1,36.5,1.0,4.7,4.6,2,1,1.00,CYCLE,N
IND,208,6592,59452,15/01/2019,14:43:06,15,1,29.2,1.1,1.6,1.5,2,1,1.00,CYCLE,N
IND,208,6592,59453,15/01/2019,14:43:15,15,0,21.2,1.1,28.3,28.1,2,1,1.00,CYCLE,S
IND,208,6592,59453,15/01/2019,14:43:48,15,0,20.3,1.1,32.5,32.4,2,1,1.00,CYCLE,S
IND,208,6592,59452,15/01/2019,14:44:40,15,1,34.0,1.0,94.1,94.0,2,1,1.00,CYCLE,N
IND,208,6592,59452,15/01/2019,14:44:46,15,1,26.1,1.1,6.2,6.1,2,1,1.00,CYCLE,N
IND,208,6592,59452,15/01/2019,14:44:49,15,1,23.3,1.0,2.9,2.8,2,1,1.00,CYCLE,N
IND,208,6592,59452,15/01/2019,14:44:56,15,1,17.8,1.1,7.3,7.1,2,1,1.00,CYCLE,N
IND,208,6592,59452,15/01/2019,14:44:59,15,1,17.1,1.0,2.7,2.5,2,1,1.00,CYCLE,N
IND,208,6592,59452,15/01/2019,14:45:48,15,1,33.4,1.0,49.5,49.2,2,1,1.00,CYCLE,N
IND,208,6592,59452,15/01/2019,14:45:51,15,1,30.7,1.0,2.2,2.1,2,1,1.00,CYCLE,N
IND,208,6592,59452,15/01/2019,14:45:57,15,1,28.6,1.0,6.7,6.6,2,1,1.00,CYCLE,N
IND,208,6592,59452,15/01/2019,14:46:07,15,1,24.9,1.2,9.5,9.4,2,1,1.00,CYCLE,N
IND,208,6592,59452,15/01/2019,14:47:01,15,1,21.5,1.1,54.0,53.8,2,1,1.00,CYCLE,N
IND,208,6592,59452,15/01/2019,14:48:48,15,1,32.8,1.0,106.9,106.7,2,1,1.00,CYCLE,N
IND,208,6592,59452,15/01/2019,14:48:49,15,1,32.2,1.2,1.5,1.4,2,1,1.00,CYCLE,N
IND,208,6592,59452,15/01/2019,14:48:49,15,1,32.1,1.1,0.3,0.2,2,1,1.00,CYCLE,N
IND,208,6592,59452,15/01/2019,14:48:50,15,1,33.1,1.0,0.4,0.3,2,1,1.00,CYCLE,N
IND,208,6592,59452,15/01/2019,14:51:12,15,1,27.7,1.0,141.9,141.8,2,1,1.00,CYCLE,N
IND,208,6592,59452,15/01/2019,14:51:14,15,1,25.0,1.1,1.7,1.6,2,1,1.00,CYCLE,N
IND,208,6592,59452,15/01/2019,14:51:18,15,1,21.3,1.1,4.1,4.0,2,1,1.00,CYCLE,N
IND,208,6592,59452,15/01/2019,14:52:32,15,1,34.2,1.1,74.1,73.9,2,1,1.00,CYCLE,N
IND,208,6592,59452,15/01/2019,14:52:35,15,1,32.6,1.0,3.0,2.9,2,1,1.00,CYCLE,N
IND,208,6592,59452,15/01/2019,14:52:45,15,1,21.0,1.0,10.4,10.3,2,1,1.00,CYCLE,N
IND,208,6592,59452,15/01/2019,14:54:42,15,1,22.9,1.1,116.9,116.7,2,1,1.00,CYCLE,N
IND,208,6592,59452,15/01/2019,14:54:49,15,1,18.7,1.0,6.9,6.8,2,1,1.00,CYCLE,N
IND,208,6592,59453,15/01/2019,14:55:30,15,0,17.6,1.1,701.9,701.7,2,1,1.00,CYCLE,S
IND,208,6592,59453,15/01/2019,14:55:31,15,0,19.8,1.1,0.9,0.7,2,1,1.00,CYCLE,S
IND,208,6592,59453,15/01/2019,14:55:33,15,0,16.7,1.1,2.4,2.2,2,1,1.00,CYCLE,S
IND,208,6592,59453,15/01/2019,14:55:37,15,0,18.0,1.1,3.5,3.3,2,1,1.00,CYCLE,S
IND,208,6592,59453,15/01/2019,14:55:38,15,0,16.9,1.0,1.7,1.4,2,1,1.00,CYCLE,S
IND,208,6592,59453,15/01/2019,14:55:39,15,0,16.4,1.1,0.7,0.5,2,1,1.00,CYCLE,S
IND,208,6592,59453,15/01/2019,14:55:40,15,0,18.1,1.1,1.3,1.1,2,1,1.00,CYCLE,S
IND,208,6592,59452,15/01/2019,14:55:57,15,1,28.9,1.0,68.2,68.0,2,1,1.00,CYCLE,N
IND,208,6592,59452,15/01/2019,14:56:10,15,1,24.9,1.0,12.8,12.6,2,1,1.00,CYCLE,N
IND,208,6592,59452,15/01/2019,14:58:02,15,1,33.0,1.0,112.1,112.0,2,1,1.00,CYCLE,N
IND,208,6592,59452,15/01/2019,14:58:06,15,1,25.9,1.0,4.2,4.1,2,1,1.00,CYCLE,N
IND,208,6592,59452,15/01/2019,14:58:24,15,1,20.5,1.1,17.7,17.6,2,1,1.00,CYCLE,N
IND,208,6592,59453,15/01/2019,14:59:06,15,0,29.4,1.0,205.3,205.1,2,1,1.00,CYCLE,S
IND,208,6592,59452,15/01/2019,14:59:19,15,1,26.7,1.1,55.0,54.8,2,1,1.00,CYCLE,N
IND,208,6592,59452,15/01/2019,14:59:54,15,1,31.3,1.0,34.9,34.8,2,1,1.00,CYCLE,N
IND,208,6592,59452,15/01/2019,15:00:11,15,1,27.4,1.0,17.4,17.3,2,1,1.00,CYCLE,N
IND,208,6592,59452,15/01/2019,15:00:22,15,1,25.3,1.0,11.1,11.0,2,1,1.00,CYCLE,N
IND,208,6592,59452,15/01/2019,15:00:50,15,1,21.6,1.0,27.7,27.5,2,1,1.00,CYCLE,N
IND,208,6592,59452,15/01/2019,15:00:50,15,1,21.6,1.0,0.0,0.0,2,1,1.00,CYCLE,N
IND,208,6592,59452,15/01/2019,15:00:55,15,1,18.2,1.0,4.6,4.4,2,1,1.00,CYCLE,N
IND,208,6592,59452,15/01/2019,15:00:55,15,1,18.2,1.0,0.0,0.0,2,1,1.00,CYCLE,N
IND,208,6592,59453,15/01/2019,15:01:10,15,0,21.0,1.1,124.5,124.4,2,1,1.00,CYCLE,S
IND,208,6592,59452,15/01/2019,15:02:04,15,1,33.5,1.0,69.6,69.4,2,1,1.00,CYCLE,N
IND,208,6592,59452,15/01/2019,15:02:16,15,1,28.3,1.1,11.8,11.7,2,1,1.00,CYCLE,N
IND,208,6592,59452,15/01/2019,15:02:18,15,1,27.0,1.1,1.5,1.3,2,1,1.00,CYCLE,N
IND,208,6592,59452,15/01/2019,15:02:23,15,1,22.8,1.1,5.5,5.3,2,1,1.00,CYCLE,N
IND,208,6592,59452,15/01/2019,15:02:31,15,1,23.2,1.0,7.8,7.7,2,1,1.00,CYCLE,N
IND,208,6592,59452,15/01/2019,15:02:32,15,1,24.6,1.1,0.9,0.7,2,1,1.00,CYCLE,N
IND,208,6592,59452,15/01/2019,15:04:08,15,1,31.5,1.1,96.5,96.3,2,1,1.00,CYCLE,N
IND,208,6592,59452,15/01/2019,15:04:09,15,1,30.1,1.1,1.2,1.0,2,1,1.00,CYCLE,N
IND,208,6592,59453,15/01/2019,15:04:19,15,0,18.6,1.1,189.2,189.0,2,1,1.00,CYCLE,S
IND,208,6592,59453,15/01/2019,15:04:53,15,0,21.8,1.0,33.9,33.7,2,1,1.00,CYCLE,S
IND,208,6592,59452,15/01/2019,15:05:52,15,1,29.0,1.0,102.4,102.2,2,1,1.00,CYCLE,N
IND,208,6592,59452,15/01/2019,15:08:09,15,1,26.7,1.1,137.1,137.0,2,1,1.00,CYCLE,N
IND,208,6592,59452,15/01/2019,15:08:20,15,1,18.9,1.1,10.9,10.8,2,1,1.00,CYCLE,N
IND,208,6592,59452,15/01/2019,15:08:21,15,1,16.7,1.0,1.1,0.9,2,1,1.00,CYCLE,N
IND,208,6592,59452,15/01/2019,15:08:21,15,1,16.7,1.0,0.0,0.0,2,1,1.00,CYCLE,N
IND,208,6592,59452,15/01/2019,15:08:22,15,1,18.6,1.1,1.3,1.0,2,1,1.00,CYCLE,N
IND,208,6592,59452,15/01/2019,15:08:24,15,1,19.3,1.1,1.5,1.3,2,1,1.00,CYCLE,N
IND,208,6592,59452,15/01/2019,15:08:28,15,1,36.4,1.1,4.5,4.3,2,1,1.00,CYCLE,N
IND,208,6592,59453,15/01/2019,15:08:54,15,0,30.6,1.0,240.9,240.8,2,1,1.00,CYCLE,S
IND,208,6592,59452,15/01/2019,15:10:06,15,1,28.8,1.0,98.1,98.0,2,1,1.00,CYCLE,N
IND,208,6592,59452,15/01/2019,15:10:08,15,1,33.2,1.0,1.8,1.7,2,1,1.00,CYCLE,N
IND,208,6592,59452,15/01/2019,15:10:09,15,1,29.0,1.1,0.6,0.5,2,1,1.00,CYCLE,N
IND,208,6592,59452,15/01/2019,15:10:10,15,1,23.3,1.0,1.3,1.1,2,1,1.00,CYCLE,N
IND,208,6592,59452,15/01/2019,15:10:27,15,1,20.3,1.1,17.3,17.1,2,1,1.00,CYCLE,N
IND,208,6592,59452,15/01/2019,15:11:36,15,1,31.6,1.0,68.5,68.3,2,1,1.00,CYCLE,N
IND,208,6592,59453,15/01/2019,15:11:37,15,0,13.4,1.0,162.5,162.4,2,1,1.00,CYCLE,S
IND,208,6592,59453,15/01/2019,15:11:38,15,0,13.7,1.1,1.0,0.7,2,1,1.00,CYCLE,S
IND,208,6592,59452,15/01/2019,15:12:04,15,1,34.5,1.0,28.7,28.6,2,1,1.00,CYCLE,N
IND,208,6592,59452,15/01/2019,15:12:07,15,1,30.4,1.0,2.4,2.3,2,1,1.00,CYCLE,N
IND,208,6592,59452,15/01/2019,15:12:08,15,1,27.6,1.1,1.3,1.2,2,1,1.00,CYCLE,N
IND,208,6592,59452,15/01/2019,15:12:11,15,1,25.2,1.1,3.2,3.1,2,1,1.00,CYCLE,N
IND,208,6592,59452,15/01/2019,15:12:14,15,1,23.7,1.0,2.5,2.4,2,1,1.00,CYCLE,N
IND,208,6592,59453,15/01/2019,15:13:07,15,0,16.3,1.0,89.7,89.4,2,1,1.00,CYCLE,S
IND,208,6592,59452,15/01/2019,15:13:57,15,1,31.0,1.1,102.8,102.7,2,1,1.00,CYCLE,N
IND,208,6592,59452,15/01/2019,15:14:06,15,1,29.9,1.0,8.8,8.7,2,1,1.00,CYCLE,N
IND,208,6592,59452,15/01/2019,15:14:06,15,1,29.3,1.0,0.4,0.2,2,1,1.00,CYCLE,N
IND,208,6592,59452,15/01/2019,15:14:09,15,1,27.5,1.0,3.1,3.0,2,1,1.00,CYCLE,N
IND,208,6592,59452,15/01/2019,15:14:11,15,1,26.2,1.1,2.4,2.2,2,1,1.00,CYCLE,N
IND,208,6592,59452,15/01/2019,15:15:29,15,1,21.5,1.1,77.7,77.5,2,1,1.00,CYCLE,N
IND,208,6592,59452,15/01/2019,15:15:54,15,1,25.5,1.0,25.1,24.9,2,1,1.00,CYCLE,N
IND,208,6592,59452,15/01/2019,15:16:16,15,1,28.8,1.0,21.4,21.2,2,1,1.00,CYCLE,N
IND,208,6592,59452,15/01/2019,15:16:16,15,1,24.9,1.0,0.9,0.8,2,1,1.00,CYCLE,N
IND,208,6592,59452,15/01/2019,15:16:19,15,1,24.2,1.0,2.7,2.5,2,1,1.00,CYCLE,N
IND,208,6592,59452,15/01/2019,15:16:20,15,1,23.8,1.1,0.5,0.4,2,1,1.00,CYCLE,N
IND,208,6592,59452,15/01/2019,15:16:29,15,1,21.1,1.1,8.9,8.8,2,1,1.00,CYCLE,N
IND,208,6592,59452,15/01/2019,15:16:32,15,1,23.1,1.1,3.5,3.3,2,1,1.00,CYCLE,N
IND,208,6592,59452,15/01/2019,15:16:42,15,1,18.6,1.1,9.8,9.6,2,1,1.00,CYCLE,N
IND,208,6592,59453,15/01/2019,15:16:44,15,0,26.0,1.0,216.4,216.2,2,1,1.00,CYCLE,S
IND,208,6592,59453,15/01/2019,15:16:53,15,0,23.5,1.0,8.9,8.7,2,1,1.00,CYCLE,S
IND,208,6592,59452,15/01/2019,15:17:33,15,1,27.0,1.0,51.2,51.0,2,1,1.00,CYCLE,N
IND,208,6592,59453,15/01/2019,15:17:52,15,0,21.1,1.0,59.1,58.9,2,1,1.00,CYCLE,S
IND,208,6592,59452,15/01/2019,15:17:55,15,1,29.6,1.1,22.4,22.2,2,1,1.00,CYCLE,N
IND,208,6592,59452,15/01/2019,15:17:57,15,1,27.4,1.1,1.5,1.3,2,1,1.00,CYCLE,N
IND,208,6592,59452,15/01/2019,15:18:08,15,1,24.6,1.1,11.5,11.4,2,1,1.00,CYCLE,N
IND,208,6592,59452,15/01/2019,15:18:10,15,1,15.6,1.1,1.7,1.6,2,1,1.00,CYCLE,N
IND,208,6592,59452,15/01/2019,15:18:14,15,1,23.4,1.1,3.7,3.4,2,1,1.00,CYCLE,N
IND,208,6592,59452,15/01/2019,15:18:14,15,1,16.1,1.1,0.5,0.4,2,1,1.00,CYCLE,N
IND,208,6592,59453,15/01/2019,15:18:55,15,0,30.9,1.1,63.4,63.2,2,1,1.00,CYCLE,S
IND,208,6592,59452,15/01/2019,15:19:49,15,1,33.3,1.1,94.2,93.9,2,1,1.00,CYCLE,N
IND,208,6592,59453,15/01/2019,15:19:53,15,0,26.9,1.1,58.0,57.9,2,1,1.00,CYCLE,S
IND,208,6592,59452,15/01/2019,15:19:56,15,1,35.5,1.0,7.5,7.3,2,1,1.00,CYCLE,N
IND,208,6592,59452,15/01/2019,15:19:57,15,1,32.0,1.0,0.6,0.5,2,1,1.00,CYCLE,N
IND,208,6592,59452,15/01/2019,15:20:43,15,1,31.3,1.0,46.9,46.8,2,1,1.00,CYCLE,N
IND,208,6592,59452,15/01/2019,15:22:09,15,1,25.7,1.0,85.6,85.5,2,1,1.00,CYCLE,N
IND,208,6592,59452,15/01/2019,15:22:10,15,1,26.0,1.0,0.9,0.8,2,1,1.00,CYCLE,N
IND,208,6592,59452,15/01/2019,15:22:11,15,1,25.3,1.0,1.2,1.0,2,1,1.00,CYCLE,N
IND,208,6592,59452,15/01/2019,15:22:12,15,1,26.3,1.0,0.8,0.6,2,1,1.00,CYCLE,N
IND,208,6592,59452,15/01/2019,15:22:13,15,1,27.6,1.1,1.4,1.3,2,1,1.00,CYCLE,N
IND,208,6592,59452,15/01/2019,15:22:14,15,1,27.4,1.1,1.0,0.9,2,1,1.00,CYCLE,N
IND,208,6592,59452,15/01/2019,15:22:15,15,1,26.6,1.0,0.9,0.7,2,1,1.00,CYCLE,N
IND,208,6592,59452,15/01/2019,15:22:18,15,1,24.1,1.1,2.8,2.7,2,1,1.00,CYCLE,N
IND,208,6592,59452,15/01/2019,15:22:23,15,1,25.0,1.1,4.7,4.5,2,1,1.00,CYCLE,N
IND,208,6592,59453,15/01/2019,15:22:34,15,0,20.4,1.1,160.8,160.7,2,1,1.00,CYCLE,S
IND,208,6592,59452,15/01/2019,15:22:45,15,1,20.8,1.1,22.4,22.3,2,1,1.00,CYCLE,N
IND,208,6592,59452,15/01/2019,15:22:47,15,1,16.8,1.0,2.0,1.9,2,1,1.00,CYCLE,N
IND,208,6592,59453,15/01/2019,15:23:55,15,0,29.2,1.1,80.8,80.6,2,1,1.00,CYCLE,S
IND,208,6592,59452,15/01/2019,15:24:07,15,1,28.6,1.1,79.8,79.6,2,1,1.00,CYCLE,N
IND,208,6592,59452,15/01/2019,15:24:08,15,1,28.4,1.0,1.1,0.9,2,1,1.00,CYCLE,N
IND,208,6592,59452,15/01/2019,15:24:09,15,1,29.5,1.0,0.5,0.4,2,1,1.00,CYCLE,N
IND,208,6592,59452,15/01/2019,15:24:12,15,1,28.3,1.1,3.1,3.0,2,1,1.00,CYCLE,N
IND,208,6592,59452,15/01/2019,15:24:12,15,1,28.6,1.0,0.6,0.5,2,1,1.00,CYCLE,N
IND,208,6592,59452,15/01/2019,15:24:15,15,1,29.1,1.0,2.4,2.3,2,1,1.00,CYCLE,N
IND,208,6592,59452,15/01/2019,15:24:16,15,1,30.7,1.0,1.0,0.9,2,1,1.00,CYCLE,N
IND,208,6592,59452,15/01/2019,15:24:17,15,1,26.6,1.0,1.2,1.1,2,1,1.00,CYCLE,N
IND,208,6592,59452,15/01/2019,15:24:20,15,1,26.1,1.0,2.8,2.6,2,1,1.00,CYCLE,N
IND,208,6592,59452,15/01/2019,15:24:27,15,1,23.9,1.1,6.7,6.6,2,1,1.00,CYCLE,N
IND,208,6592,59453,15/01/2019,15:25:09,15,0,26.9,1.1,74.1,73.9,2,1,1.00,CYCLE,S
IND,208,6592,59452,15/01/2019,15:25:10,15,1,19.8,1.0,43.9,43.7,2,1,1.00,CYCLE,N
IND,208,6592,59453,15/01/2019,15:25:22,15,0,21.3,1.1,13.5,13.4,2,1,1.00,CYCLE,S
IND,208,6592,59452,15/01/2019,15:26:17,15,1,30.6,1.0,66.8,66.6,2,1,1.00,CYCLE,N
IND,208,6592,59452,15/01/2019,15:26:22,15,1,44.0,1.0,5.1,4.9,2,1,0.22,CYCLE,N
IND,208,6592,59452,15/01/2019,15:26:24,15,1,32.0,1.0,1.7,1.6,2,1,1.00,CYCLE,N
IND,208,6592,59452,15/01/2019,15:26:25,15,1,27.0,1.1,1.3,1.2,2,1,1.00,CYCLE,N
IND,208,6592,59452,15/01/2019,15:26:29,15,1,26.3,1.0,3.5,3.4,2,1,1.00,CYCLE,N
IND,208,6592,59452,15/01/2019,15:26:30,15,1,25.9,1.0,0.9,0.7,2,1,1.00,CYCLE,N
IND,208,6592,59452,15/01/2019,15:26:30,15,1,25.6,1.0,0.7,0.5,2,1,1.00,CYCLE,N
IND,208,6592,59452,15/01/2019,15:26:32,15,1,25.8,1.1,1.4,1.2,2,1,1.00,CYCLE,N
IND,208,6592,59452,15/01/2019,15:26:36,15,1,15.6,1.1,4.5,4.3,2,1,1.00,CYCLE,N
IND,208,6592,59452,15/01/2019,15:26:39,15,1,19.1,1.0,2.3,2.0,2,1,1.00,CYCLE,N
IND,208,6592,59452,15/01/2019,15:26:41,15,1,19.4,1.0,2.2,2.0,2,1,1.00,CYCLE,N
IND,208,6592,59452,15/01/2019,15:27:59,15,1,31.7,1.2,78.0,77.7,2,1,1.00,CYCLE,N
IND,208,6592,59452,15/01/2019,15:28:00,15,1,33.6,1.0,1.6,1.5,2,1,1.00,CYCLE,N
IND,208,6592,59452,15/01/2019,15:28:01,15,1,31.8,1.0,0.8,0.7,2,1,1.00,CYCLE,N
IND,208,6592,59452,15/01/2019,15:28:03,15,1,30.3,1.0,2.3,2.2,2,1,1.00,CYCLE,N
IND,208,6592,59452,15/01/2019,15:28:05,15,1,28.6,1.0,1.4,1.3,2,1,1.00,CYCLE,N
IND,208,6592,59452,15/01/2019,15:28:08,15,1,28.9,1.0,3.1,2.9,2,1,1.00,CYCLE,N
IND,208,6592,59452,15/01/2019,15:28:09,15,1,23.7,1.0,0.7,0.6,2,1,1.00,CYCLE,N
IND,208,6592,59452,15/01/2019,15:28:13,15,1,21.6,1.0,4.2,4.1,2,1,1.00,CYCLE,N
IND,208,6592,59452,15/01/2019,15:28:21,15,1,18.8,1.0,8.3,8.1,2,1,1.00,CYCLE,N
IND,208,6592,59452,15/01/2019,15:30:02,15,1,29.6,1.1,100.6,100.4,2,1,1.00,CYCLE,N
IND,208,6592,59452,15/01/2019,15:30:04,15,1,31.2,1.0,2.3,2.2,2,1,1.00,CYCLE,N
IND,208,6592,59452,15/01/2019,15:30:04,15,1,29.9,1.0,0.3,0.1,2,1,1.00,CYCLE,N
IND,208,6592,59452,15/01/2019,15:30:06,15,1,30.1,1.1,1.4,1.3,2,1,1.00,CYCLE,N
IND,208,6592,59452,15/01/2019,15:30:07,15,1,30.9,1.0,1.1,1.0,2,1,1.00,CYCLE,N
IND,208,6592,59452,15/01/2019,15:30:12,15,1,24.4,1.1,5.0,4.9,2,1,1.00,CYCLE,N
IND,208,6592,59452,15/01/2019,15:30:15,15,1,24.1,1.1,3.4,3.2,2,1,1.00,CYCLE,N
IND,208,6592,59452,15/01/2019,15:30:16,15,1,30.4,1.0,0.4,0.2,2,1,1.00,CYCLE,N
IND,208,6592,59452,15/01/2019,15:30:20,15,1,24.0,1.1,4.0,3.9,2,1,1.00,CYCLE,N
IND,208,6592,59452,15/01/2019,15:30:21,15,1,24.9,1.0,1.8,1.6,2,1,1.00,CYCLE,N
IND,208,6592,59452,15/01/2019,15:30:44,15,1,21.7,1.1,22.7,22.6,2,1,1.00,CYCLE,N
IND,208,6592,59452,15/01/2019,15:32:02,15,1,29.5,1.1,78.3,78.1,2,1,1.00,CYCLE,N
IND,208,6592,59452,15/01/2019,15:32:03,15,1,32.4,1.0,0.6,0.5,2,1,1.00,CYCLE,N
IND,208,6592,59452,15/01/2019,15:32:03,15,1,28.7,1.0,0.4,0.3,2,1,1.00,CYCLE,N
IND,208,6592,59452,15/01/2019,15:32:07,15,1,33.1,1.1,3.2,3.0,2,1,1.00,CYCLE,N
IND,208,6592,59452,15/01/2019,15:32:10,15,1,27.9,1.0,3.2,3.1,2,1,1.00,CYCLE,N
IND,208,6592,59452,15/01/2019,15:32:12,15,1,27.8,1.1,2.3,2.1,2,1,1.00,CYCLE,N
IND,208,6592,59452,15/01/2019,15:32:14,15,1,27.0,1.0,2.3,2.1,2,1,1.00,CYCLE,N
IND,208,6592,59452,15/01/2019,15:32:15,15,1,27.3,1.1,1.1,0.9,2,1,1.00,CYCLE,N
IND,208,6592,59453,15/01/2019,15:32:17,15,0,21.1,1.0,415.3,415.1,2,1,1.00,CYCLE,S
IND,208,6592,59452,15/01/2019,15:32:22,15,1,25.6,1.0,7.1,7.0,2,1,1.00,CYCLE,N
IND,208,6592,59452,15/01/2019,15:32:25,15,1,28.3,1.1,2.7,2.5,2,1,1.00,CYCLE,N
IND,208,6592,59452,15/01/2019,15:32:27,15,1,23.3,1.1,2.0,1.9,2,1,1.00,CYCLE,N
IND,208,6592,59452,15/01/2019,15:34:08,15,1,32.0,1.1,101.3,101.1,2,1,1.00,CYCLE,N
IND,208,6592,59452,15/01/2019,15:34:09,15,1,29.4,1.0,0.7,0.6,2,1,1.00,CYCLE,N
IND,208,6592,59452,15/01/2019,15:34:10,15,1,33.5,1.1,1.0,0.9,2,1,1.00,CYCLE,N
IND,208,6592,59452,15/01/2019,15:34:11,15,1,32.1,1.0,1.0,0.9,2,1,1.00,CYCLE,N
IND,208,6592,59452,15/01/2019,15:34:14,15,1,30.3,1.0,2.4,2.3,2,1,1.00,CYCLE,N
IND,208,6592,59452,15/01/2019,15:34:16,15,1,26.6,1.0,2.7,2.6,2,1,1.00,CYCLE,N
IND,208,6592,59452,15/01/2019,15:34:17,15,1,26.5,1.0,0.9,0.8,2,1,1.00,CYCLE,N
IND,208,6592,59452,15/01/2019,15:34:18,15,1,28.6,1.0,1.1,0.9,2,1,1.00,CYCLE,N
IND,208,6592,59452,15/01/2019,15:34:20,15,1,23.1,1.0,1.5,1.4,2,1,1.00,CYCLE,N
IND,208,6592,59452,15/01/2019,15:34:22,15,1,23.9,1.1,1.8,1.7,2,1,1.00,CYCLE,N
IND,208,6592,59452,15/01/2019,15:34:22,15,1,25.0,1.1,0.8,0.6,2,1,1.00,CYCLE,N
IND,208,6592,59452,15/01/2019,15:34:26,15,1,21.3,1.0,3.7,3.5,2,1,1.00,CYCLE,N
IND,208,6592,59453,15/01/2019,15:34:31,15,0,23.8,1.1,133.1,132.9,2,1,1.00,CYCLE,S
IND,208,6592,59452,15/01/2019,15:34:37,15,1,23.3,1.0,11.4,11.2,2,1,1.00,CYCLE,N
IND,208,6592,59453,15/01/2019,15:35:23,15,0,19.9,1.1,52.9,52.7,2,1,1.00,CYCLE,S
IND,208,6592,59452,15/01/2019,15:36:00,15,1,26.5,1.0,82.1,82.0,2,1,1.00,CYCLE,N
IND,208,6592,59452,15/01/2019,15:36:14,15,1,33.3,1.0,14.8,14.6,2,1,1.00,CYCLE,N
IND,208,6592,59452,15/01/2019,15:36:15,15,1,35.2,1.1,0.3,0.2,2,1,1.00,CYCLE,N
IND,208,6592,59452,15/01/2019,15:36:15,15,1,33.7,1.0,0.7,0.5,2,1,1.00,CYCLE,N
IND,208,6592,59452,15/01/2019,15:36:17,15,1,32.2,1.0,1.2,1.1,2,1,1.00,CYCLE,N
IND,208,6592,59452,15/01/2019,15:36:20,15,1,28.4,1.1,3.7,3.6,2,1,1.00,CYCLE,N
IND,208,6592,59452,15/01/2019,15:36:23,15,1,26.5,1.0,2.9,2.7,2,1,1.00,CYCLE,N
IND,208,6592,59452,15/01/2019,15:36:27,15,1,22.2,1.0,1.2,1.1,2,1,1.00,CYCLE,N
IND,208,6592,59452,15/01/2019,15:37:36,15,1,32.9,1.0,68.6,68.4,2,1,1.00,CYCLE,N
IND,208,6592,59452,15/01/2019,15:38:24,15,1,26.9,1.1,48.0,47.9,2,1,1.00,CYCLE,N
IND,208,6592,59452,15/01/2019,15:38:25,15,1,27.6,1.0,0.5,0.4,2,1,1.00,CYCLE,N
IND,208,6592,59453,15/01/2019,15:38:25,15,0,28.0,1.0,182.1,181.9,2,1,1.00,CYCLE,S
IND,208,6592,59452,15/01/2019,15:38:26,15,1,26.2,1.1,1.7,1.6,2,1,1.00,CYCLE,N
IND,208,6592,59452,15/01/2019,15:38:27,15,1,25.5,1.0,1.1,0.9,2,1,1.00,CYCLE,N
IND,208,6592,59452,15/01/2019,15:38:29,15,1,25.4,1.0,1.5,1.3,2,1,1.00,CYCLE,N
IND,208,6592,59452,15/01/2019,15:40:03,15,1,34.4,1.0,93.8,93.6,2,1,1.00,CYCLE,N
IND,208,6592,59452,15/01/2019,15:40:04,15,1,32.8,1.1,1.1,1.0,2,1,1.00,CYCLE,N
IND,208,6592,59452,15/01/2019,15:40:04,15,1,32.9,1.0,0.7,0.5,2,1,1.00,CYCLE,N
IND,208,6592,59452,15/01/2019,15:40:05,15,1,26.3,1.1,0.3,0.2,2,1,1.00,CYCLE,N
IND,208,6592,59452,15/01/2019,15:40:07,15,1,28.4,1.1,2.2,2.0,2,1,1.00,CYCLE,N
IND,208,6592,59452,15/01/2019,15:40:08,15,1,26.8,0.9,1.1,1.0,2,1,1.00,CYCLE,N
IND,208,6592,59452,15/01/2019,15:40:08,15,1,27.4,1.0,0.5,0.4,2,1,1.00,CYCLE,N
IND,208,6592,59452,15/01/2019,15:40:09,15,1,28.3,1.0,0.7,0.6,2,1,1.00,CYCLE,N
IND,208,6592,59452,15/01/2019,15:40:10,15,1,27.6,1.1,1.0,0.9,2,1,1.00,CYCLE,N
IND,208,6592,59452,15/01/2019,15:40:12,15,1,27.6,1.0,2.0,1.9,2,1,1.00,CYCLE,N
IND,208,6592,59452,15/01/2019,15:40:13,15,1,25.2,1.0,1.0,0.8,2,1,1.00,CYCLE,N
IND,208,6592,59452,15/01/2019,15:40:21,15,1,29.9,1.0,8.1,7.9,2,1,1.00,CYCLE,N
IND,208,6592,59453,15/01/2019,15:40:23,15,0,24.7,1.1,117.6,117.5,2,1,1.00,CYCLE,S
IND,208,6592,59452,15/01/2019,15:40:24,15,1,21.5,1.1,3.0,2.9,2,1,1.00,CYCLE,N
IND,208,6592,59453,15/01/2019,15:40:27,15,0,24.9,1.0,3.7,3.6,2,1,1.00,CYCLE,S
IND,208,6592,59452,15/01/2019,15:40:38,15,1,24.5,1.1,13.5,13.3,2,1,1.00,CYCLE,N
IND,208,6592,59453,15/01/2019,15:41:46,15,0,27.1,1.0,78.8,78.6,2,1,1.00,CYCLE,S
IND,208,6592,59452,15/01/2019,15:42:03,15,1,36.3,1.0,85.1,84.9,2,1,1.00,CYCLE,N
IND,208,6592,59452,15/01/2019,15:42:07,15,1,28.2,1.0,4.5,4.4,2,1,1.00,CYCLE,N
IND,208,6592,59452,15/01/2019,15:42:08,15,1,31.0,1.0,0.6,0.5,2,1,1.00,CYCLE,N
IND,208,6592,59452,15/01/2019,15:42:09,15,1,26.7,1.1,1.2,1.1,2,1,1.00,CYCLE,N
IND,208,6592,59452,15/01/2019,15:42:10,15,1,27.1,1.1,0.4,0.3,2,1,1.00,CYCLE,N
IND,208,6592,59452,15/01/2019,15:42:11,15,1,26.8,1.1,1.5,1.3,2,1,1.00,CYCLE,N
IND,208,6592,59452,15/01/2019,15:42:13,15,1,27.2,1.1,2.1,1.9,2,1,1.00,CYCLE,N
IND,208,6592,59452,15/01/2019,15:42:16,15,1,25.6,1.1,2.7,2.5,2,1,1.00,CYCLE,N
IND,208,6592,59453,15/01/2019,15:42:20,15,0,31.8,1.0,34.5,34.3,2,1,1.00,CYCLE,S
IND,208,6592,59452,15/01/2019,15:42:32,15,1,22.3,1.1,16.1,16.0,2,1,1.00,CYCLE,N
IND,208,6592,59453,15/01/2019,15:42:55,15,0,18.9,1.1,35.3,35.2,2,1,1.00,CYCLE,S
IND,208,6592,59452,15/01/2019,15:44:17,15,1,31.2,1.0,105.1,104.9,2,1,1.00,CYCLE,N
IND,208,6592,59452,15/01/2019,15:44:17,15,1,31.9,1.0,0.4,0.3,2,1,1.00,CYCLE,N
IND,208,6592,59452,15/01/2019,15:44:18,15,1,31.6,1.0,1.0,0.9,2,1,1.00,CYCLE,N
IND,208,6592,59452,15/01/2019,15:44:20,15,1,31.4,1.0,1.3,1.2,2,1,1.00,CYCLE,N
IND,208,6592,59452,15/01/2019,15:44:23,15,1,28.0,1.0,3.1,3.0,2,1,1.00,CYCLE,N
IND,208,6592,59452,15/01/2019,15:44:25,15,1,28.1,1.0,1.8,1.7,2,1,1.00,CYCLE,N
IND,208,6592,59452,15/01/2019,15:44:26,15,1,26.3,1.0,1.6,1.5,2,1,1.00,CYCLE,N
IND,208,6592,59452,15/01/2019,15:44:27,15,1,26.1,1.0,1.1,1.0,2,1,1.00,CYCLE,N
IND,208,6592,59452,15/01/2019,15:44:29,15,1,22.4,1.0,1.6,1.4,2,1,1.00,CYCLE,N
IND,208,6592,59452,15/01/2019,15:44:29,15,1,22.4,1.0,0.0,0.0,2,1,1.00,CYCLE,N
IND,208,6592,59452,15/01/2019,15:44:31,15,1,24.2,1.0,1.8,1.6,2,1,1.00,CYCLE,N
IND,208,6592,59452,15/01/2019,15:44:34,15,1,22.7,1.1,2.8,2.7,2,1,1.00,CYCLE,N
IND,208,6592,59453,15/01/2019,15:44:35,15,0,25.0,1.0,99.6,99.4,2,1,1.00,CYCLE,S
IND,208,6592,59452,15/01/2019,15:45:09,15,1,19.2,1.1,35.4,35.2,2,1,1.00,CYCLE,N
IND,208,6592,59452,15/01/2019,15:45:57,15,1,36.4,1.0,48.4,48.1,2,1,1.00,CYCLE,N
IND,208,6592,59452,15/01/2019,15:45:58,15,1,39.1,1.0,0.5,0.4,2,1,1.00,CYCLE,N
IND,208,6592,59452,15/01/2019,15:45:59,15,1,35.7,1.0,1.1,1.0,2,1,1.00,CYCLE,N
IND,208,6592,59452,15/01/2019,15:46:00,15,1,32.2,1.0,1.2,1.1,2,1,1.00,CYCLE,N
IND,208,6592,59452,15/01/2019,15:46:03,15,1,29.1,1.0,2.7,2.6,2,1,1.00,CYCLE,N
IND,208,6592,59452,15/01/2019,15:46:05,15,1,27.8,1.1,1.9,1.8,2,1,1.00,CYCLE,N
IND,208,6592,59452,15/01/2019,15:46:08,15,1,33.9,1.0,2.9,2.7,2,1,1.00,CYCLE,N
IND,208,6592,59452,15/01/2019,15:46:11,15,1,24.9,1.1,3.2,3.1,2,1,1.00,CYCLE,N
IND,208,6592,59452,15/01/2019,15:46:14,15,1,26.1,1.1,2.9,2.8,2,1,1.00,CYCLE,N
IND,208,6592,59452,15/01/2019,15:46:15,15,1,25.4,1.1,1.0,0.8,2,1,1.00,CYCLE,N
IND,208,6592,59452,15/01/2019,15:46:17,15,1,29.4,1.1,2.0,1.8,2,1,1.00,CYCLE,N
IND,208,6592,59452,15/01/2019,15:46:26,15,1,23.8,1.0,9.1,9.0,2,1,1.00,CYCLE,N
IND,208,6592,59452,15/01/2019,15:46:28,15,1,25.4,1.0,1.7,1.5,2,1,1.00,CYCLE,N
IND,208,6592,59452,15/01/2019,15:46:31,15,1,24.3,1.1,3.3,3.1,2,1,1.00,CYCLE,N
IND,208,6592,59453,15/01/2019,15:47:56,15,0,21.1,1.0,201.4,201.3,2,1,1.00,CYCLE,S
IND,208,6592,59452,15/01/2019,15:48:03,15,1,32.6,1.0,92.1,92.0,2,1,1.00,CYCLE,N
IND,208,6592,59452,15/01/2019,15:48:05,15,1,29.2,1.1,1.8,1.7,2,1,1.00,CYCLE,N
IND,208,6592,59452,15/01/2019,15:48:06,15,1,28.9,1.1,1.6,1.5,2,1,1.00,CYCLE,N
IND,208,6592,59452,15/01/2019,15:48:13,15,1,25.6,1.1,6.3,6.1,2,1,1.00,CYCLE,N
IND,208,6592,59452,15/01/2019,15:48:19,15,1,24.4,1.1,6.4,6.2,2,1,1.00,CYCLE,N
IND,208,6592,59452,15/01/2019,15:48:25,15,1,23.0,1.1,6.4,6.2,2,1,1.00,CYCLE,N
IND,208,6592,59452,15/01/2019,15:48:26,15,1,26.9,1.0,1.0,0.8,2,1,1.00,CYCLE,N
IND,208,6592,59452,15/01/2019,15:48:28,15,1,23.8,1.1,1.4,1.2,2,1,1.00,CYCLE,N
IND,208,6592,59452,15/01/2019,15:48:28,15,1,24.1,1.2,0.6,0.4,2,1,1.00,CYCLE,N
IND,208,6592,59452,15/01/2019,15:48:42,15,1,19.5,1.0,13.9,13.8,2,1,1.00,CYCLE,N
IND,208,6592,59452,15/01/2019,15:48:51,15,1,25.9,1.0,8.6,8.4,2,1,1.00,CYCLE,N
IND,208,6592,59452,15/01/2019,15:48:58,15,1,24.9,1.1,7.1,6.9,2,1,1.00,CYCLE,N
IND,208,6592,59452,15/01/2019,15:50:14,15,1,30.8,1.1,76.2,76.0,2,1,1.00,CYCLE,N
IND,208,6592,59452,15/01/2019,15:50:16,15,1,28.8,1.1,1.9,1.8,2,1,1.00,CYCLE,N
IND,208,6592,59452,15/01/2019,15:50:16,15,1,27.2,1.0,0.5,0.4,2,1,1.00,CYCLE,N
IND,208,6592,59452,15/01/2019,15:50:18,15,1,28.4,1.0,1.2,1.1,2,1,1.00,CYCLE,N
IND,208,6592,59452,15/01/2019,15:50:19,15,1,26.7,1.1,1.6,1.5,2,1,1.00,CYCLE,N
IND,208,6592,59452,15/01/2019,15:50:22,15,1,28.8,1.0,3.0,2.8,2,1,1.00,CYCLE,N
IND,208,6592,59452,15/01/2019,15:50:23,15,1,27.5,1.1,1.2,1.1,2,1,1.00,CYCLE,N
IND,208,6592,59452,15/01/2019,15:50:24,15,1,26.2,1.0,1.0,0.9,2,1,1.00,CYCLE,N
IND,208,6592,59452,15/01/2019,15:50:28,15,1,24.4,1.0,3.1,3.0,2,1,0.80,CYCLE,N
IND,208,6592,59452,15/01/2019,15:50:42,15,1,25.5,0.8,14.7,14.5,2,1,1.00,CYCLE,N
IND,208,6592,59453,15/01/2019,15:50:44,15,0,22.9,0.8,168.1,167.9,2,1,1.00,CYCLE,S
IND,208,6592,59453,15/01/2019,15:51:58,15,0,22.4,1.0,73.1,73.0,2,1,1.00,CYCLE,S
IND,208,6592,59452,15/01/2019,15:52:29,15,1,28.7,1.0,107.2,107.1,2,1,1.00,CYCLE,N
IND,208,6592,59452,15/01/2019,15:52:30,15,1,30.0,1.1,0.7,0.5,2,1,1.00,CYCLE,N
IND,208,6592,59452,15/01/2019,15:52:31,15,1,30.1,1.0,0.7,0.6,2,1,1.00,CYCLE,N
IND,208,6592,59452,15/01/2019,15:52:32,15,1,30.4,1.0,0.9,0.8,2,1,1.00,CYCLE,N
IND,208,6592,59452,15/01/2019,15:52:32,15,1,29.5,1.0,0.4,0.2,2,1,1.00,CYCLE,N
IND,208,6592,59452,15/01/2019,15:52:33,15,1,30.1,1.1,0.6,0.5,2,1,1.00,CYCLE,N
IND,208,6592,59452,15/01/2019,15:52:33,15,1,31.4,1.1,0.6,0.5,2,1,1.00,CYCLE,N
IND,208,6592,59452,15/01/2019,15:52:36,15,1,27.4,1.0,2.2,2.1,2,1,1.00,CYCLE,N
IND,208,6592,59452,15/01/2019,15:52:36,15,1,26.3,1.1,0.8,0.7,2,1,1.00,CYCLE,N
IND,208,6592,59452,15/01/2019,15:52:37,15,1,25.6,1.1,0.4,0.3,2,1,1.00,CYCLE,N
IND,208,6592,59452,15/01/2019,15:52:40,15,1,23.8,1.1,3.7,3.6,2,1,1.00,CYCLE,N
IND,208,6592,59452,15/01/2019,15:52:41,15,1,23.2,1.1,0.8,0.6,2,1,1.00,CYCLE,N
IND,208,6592,59452,15/01/2019,15:52:45,15,1,25.8,1.2,3.6,3.4,2,1,1.00,CYCLE,N
IND,208,6592,59452,15/01/2019,15:52:47,15,1,21.5,1.0,2.0,1.9,2,1,1.00,CYCLE,N
IND,208,6592,59452,15/01/2019,15:52:49,15,1,21.1,1.1,2.5,2.4,2,1,1.00,CYCLE,N
IND,208,6592,59453,15/01/2019,15:54:08,15,0,26.3,1.1,130.8,130.6,2,1,1.00,CYCLE,S
IND,208,6592,59453,15/01/2019,15:54:14,15,0,26.5,1.1,6.1,6.0,2,1,1.00,CYCLE,S
IND,208,6592,59452,15/01/2019,15:54:17,15,1,31.8,1.0,87.4,87.2,2,1,1.00,CYCLE,N
IND,208,6592,59452,15/01/2019,15:54:20,15,1,29.1,1.0,2.9,2.8,2,1,1.00,CYCLE,N
IND,208,6592,59452,15/01/2019,15:54:22,15,1,27.2,1.0,1.9,1.8,2,1,1.00,CYCLE,N
IND,208,6592,59452,15/01/2019,15:54:22,15,1,27.2,1.1,0.3,0.2,2,1,1.00,CYCLE,N
IND,208,6592,59452,15/01/2019,15:54:23,15,1,27.6,1.0,0.6,0.4,2,1,1.00,CYCLE,N
IND,208,6592,59452,15/01/2019,15:54:23,15,1,27.5,1.1,0.3,0.2,2,1,1.00,CYCLE,N
IND,208,6592,59452,15/01/2019,15:54:23,15,1,27.4,1.0,0.5,0.4,2,1,1.00,CYCLE,N
IND,208,6592,59452,15/01/2019,15:54:26,15,1,28.7,1.0,2.6,2.5,2,1,1.00,CYCLE,N
IND,208,6592,59452,15/01/2019,15:55:55,15,1,35.6,1.0,89.3,89.1,2,1,1.00,CYCLE,N
IND,208,6592,59452,15/01/2019,15:55:56,15,1,36.8,1.0,0.3,0.2,2,1,1.00,CYCLE,N
IND,208,6592,59452,15/01/2019,15:56:00,15,1,29.0,1.1,4.5,4.4,2,1,1.00,CYCLE,N
IND,208,6592,59452,15/01/2019,15:56:09,15,1,28.4,1.1,0.6,0.5,2,1,1.00,CYCLE,N
IND,208,6592,59452,15/01/2019,15:56:10,15,1,32.9,1.1,0.4,0.3,2,1,1.00,CYCLE,N
IND,208,6592,59452,15/01/2019,15:56:11,15,1,24.5,1.0,1.7,1.6,2,1,1.00,CYCLE,N
IND,208,6592,59452,15/01/2019,15:56:14,15,1,25.2,1.1,2.3,2.2,2,1,1.00,CYCLE,N
IND,208,6592,59452,15/01/2019,15:56:14,15,1,26.2,1.0,0.6,0.4,2,1,1.00,CYCLE,N
IND,208,6592,59452,15/01/2019,15:56:16,15,1,29.1,1.0,2.2,2.1,2,1,1.00,CYCLE,N
IND,208,6592,59452,15/01/2019,15:56:17,15,1,25.6,1.1,0.7,0.6,2,1,1.00,CYCLE,N
IND,208,6592,59452,15/01/2019,15:56:18,15,1,24.4,1.0,0.5,0.4,2,1,1.00,CYCLE,N
IND,208,6592,59452,15/01/2019,15:56:19,15,1,25.0,1.1,1.2,1.1,2,1,1.00,CYCLE,N
IND,208,6592,59452,15/01/2019,15:56:23,15,1,25.9,1.0,2.9,2.7,2,1,1.00,CYCLE,N
IND,208,6592,59452,15/01/2019,15:56:24,15,1,26.8,1.1,1.1,1.0,2,1,1.00,CYCLE,N
IND,208,6592,59452,15/01/2019,15:56:24,15,1,23.8,1.1,0.3,0.1,2,1,1.00,CYCLE,N
IND,208,6592,59453,15/01/2019,15:57:19,15,0,21.8,1.0,184.3,184.2,2,1,1.00,CYCLE,S
IND,208,6592,59452,15/01/2019,15:58:09,15,1,32.0,1.0,105.4,105.2,2,1,1.00,CYCLE,N
IND,208,6592,59452,15/01/2019,15:58:10,15,1,33.0,1.0,0.7,0.6,2,1,1.00,CYCLE,N
IND,208,6592,59452,15/01/2019,15:58:13,15,1,32.0,1.0,2.9,2.8,2,1,1.00,CYCLE,N
IND,208,6592,59452,15/01/2019,15:58:15,15,1,26.7,1.0,1.7,1.6,2,1,1.00,CYCLE,N
IND,208,6592,59452,15/01/2019,15:58:16,15,1,27.9,1.0,1.8,1.6,2,1,1.00,CYCLE,N
IND,208,6592,59452,15/01/2019,15:58:17,15,1,27.2,1.1,0.8,0.7,2,1,1.00,CYCLE,N
IND,208,6592,59452,15/01/2019,15:58:19,15,1,25.4,1.0,1.7,1.5,2,1,1.00,CYCLE,N
IND,208,6592,59452,15/01/2019,15:58:21,15,1,25.1,1.1,2.3,2.0,2,1,1.00,CYCLE,N
IND,208,6592,59452,15/01/2019,15:58:22,15,1,24.8,1.1,0.8,0.7,2,1,1.00,CYCLE,N
IND,208,6592,59453,15/01/2019,15:58:43,15,0,25.9,1.1,84.3,84.2,2,1,1.00,CYCLE,S
IND,208,6592,59452,15/01/2019,16:00:15,15,1,27.1,1.1,113.3,113.1,2,1,1.00,CYCLE,N
IND,208,6592,59452,15/01/2019,16:00:16,15,1,27.5,1.0,0.5,0.3,2,1,1.00,CYCLE,N
IND,208,6592,59452,15/01/2019,16:00:16,15,1,26.9,1.0,0.6,0.4,2,1,1.00,CYCLE,N
IND,208,6592,59452,15/01/2019,16:00:17,15,1,25.6,1.1,0.8,0.7,2,1,1.00,CYCLE,N
IND,208,6592,59452,15/01/2019,16:00:18,15,1,26.5,1.0,0.7,0.6,2,1,1.00,CYCLE,N
IND,208,6592,59452,15/01/2019,16:00:22,15,1,23.9,1.0,4.5,4.3,2,1,1.00,CYCLE,N
IND,208,6592,59452,15/01/2019,16:00:23,15,1,24.1,1.1,0.5,0.4,2,1,1.00,CYCLE,N
IND,208,6592,59452,15/01/2019,16:00:23,15,1,24.8,1.0,0.3,0.2,2,1,1.00,CYCLE,N
IND,208,6592,59452,15/01/2019,16:00:24,15,1,25.1,1.1,0.8,0.7,2,1,1.00,CYCLE,N
IND,208,6592,59452,15/01/2019,16:00:25,15,1,26.3,1.0,1.2,1.0,2,1,1.00,CYCLE,N
IND,208,6592,59452,15/01/2019,16:00:25,15,1,26.3,1.0,0.0,0.0,2,1,1.00,CYCLE,N
IND,208,6592,59452,15/01/2019,16:00:26,15,1,25.5,1.1,0.7,0.5,2,1,1.00,CYCLE,N
IND,208,6592,59452,15/01/2019,16:00:28,15,1,23.1,1.1,2.0,1.9,2,1,1.00,CYCLE,N
IND,208,6592,59452,15/01/2019,16:00:31,15,1,20.6,1.0,2.9,2.8,2,1,1.00,CYCLE,N
IND,208,6592,59452,15/01/2019,16:02:03,15,1,32.8,1.0,91.6,91.4,2,1,1.00,CYCLE,N
IND,208,6592,59452,15/01/2019,16:02:04,15,1,27.6,1.1,1.5,1.4,2,1,1.00,CYCLE,N
IND,208,6592,59452,15/01/2019,16:02:04,15,1,35.3,1.0,0.3,0.2,2,1,1.00,CYCLE,N
IND,208,6592,59452,15/01/2019,16:02:08,15,1,25.5,1.1,3.3,3.2,2,1,1.00,CYCLE,N
IND,208,6592,59452,15/01/2019,16:02:08,15,1,27.5,1.0,0.3,0.1,2,1,1.00,CYCLE,N
IND,208,6592,59452,15/01/2019,16:02:09,15,1,25.5,1.0,1.5,1.4,2,1,1.00,CYCLE,N
IND,208,6592,59452,15/01/2019,16:02:10,15,1,25.9,1.1,0.6,0.4,2,1,1.00,CYCLE,N
IND,208,6592,59452,15/01/2019,16:02:11,15,1,25.9,1.0,1.4,1.2,2,1,1.00,CYCLE,N
IND,208,6592,59452,15/01/2019,16:02:11,15,1,25.9,1.0,0.0,0.0,2,1,1.00,CYCLE,N
IND,208,6592,59452,15/01/2019,16:02:19,15,1,23.7,1.1,8.0,7.8,2,1,1.00,CYCLE,N
IND,208,6592,59452,15/01/2019,16:02:30,15,1,22.6,1.0,10.7,10.6,2,1,1.00,CYCLE,N
IND,208,6592,59452,15/01/2019,16:02:32,15,1,22.1,1.1,2.0,1.8,2,1,1.00,CYCLE,N
IND,208,6592,59452,15/01/2019,16:02:33,15,1,21.1,1.0,0.9,0.8,2,1,1.00,CYCLE,N
IND,208,6592,59452,15/01/2019,16:02:38,15,1,19.7,1.1,5.2,5.0,2,1,1.00,CYCLE,N
IND,208,6592,59453,15/01/2019,16:02:49,15,0,30.2,1.1,246.3,246.2,2,1,1.00,CYCLE,S
IND,208,6592,59453,15/01/2019,16:02:51,15,0,28.8,1.1,1.2,1.0,2,1,1.00,CYCLE,S
IND,208,6592,59453,15/01/2019,16:02:55,15,0,31.5,1.0,4.1,4.0,2,1,1.00,CYCLE,S
IND,208,6592,59452,15/01/2019,16:03:47,15,1,34.2,1.0,68.8,68.6,2,1,1.00,CYCLE,N
IND,208,6592,59452,15/01/2019,16:03:50,15,1,33.2,1.0,2.6,2.5,2,1,1.00,CYCLE,N
IND,208,6592,59452,15/01/2019,16:03:58,15,1,29.6,1.1,8.6,8.5,2,1,1.00,CYCLE,N
IND,208,6592,59452,15/01/2019,16:04:00,15,1,29.1,1.0,2.1,2.0,2,1,1.00,CYCLE,N
IND,208,6592,59452,15/01/2019,16:04:01,15,1,29.8,1.1,1.0,0.8,2,1,1.00,CYCLE,N
IND,208,6592,59452,15/01/2019,16:04:02,15,1,29.7,1.1,1.2,1.0,2,1,1.00,CYCLE,N
IND,208,6592,59452,15/01/2019,16:04:06,15,1,28.0,1.0,3.6,3.4,2,1,1.00,CYCLE,N
IND,208,6592,59452,15/01/2019,16:04:11,15,1,23.7,1.1,5.1,5.0,2,1,1.00,CYCLE,N
IND,208,6592,59452,15/01/2019,16:04:13,15,1,25.3,1.0,2.2,2.1,2,1,1.00,CYCLE,N
IND,208,6592,59452,15/01/2019,16:04:14,15,1,24.6,1.1,1.1,1.0,2,1,1.00,CYCLE,N
IND,208,6592,59452,15/01/2019,16:04:16,15,1,23.3,1.0,1.3,1.2,2,1,1.00,CYCLE,N
IND,208,6592,59452,15/01/2019,16:04:22,15,1,20.8,1.1,6.6,6.5,2,1,1.00,CYCLE,N
IND,208,6592,59452,15/01/2019,16:04:24,15,1,20.6,1.1,1.9,1.7,2,1,1.00,CYCLE,N
IND,208,6592,59452,15/01/2019,16:06:02,15,1,33.6,1.0,97.5,97.3,2,1,1.00,CYCLE,N
IND,208,6592,59452,15/01/2019,16:06:02,15,1,34.7,1.1,0.6,0.5,2,1,1.00,CYCLE,N
IND,208,6592,59452,15/01/2019,16:06:06,15,1,28.6,1.1,3.7,3.6,2,1,1.00,CYCLE,N
IND,208,6592,59453,15/01/2019,16:06:07,15,0,25.7,1.0,191.9,191.8,2,1,1.00,CYCLE,S
IND,208,6592,59452,15/01/2019,16:06:07,15,1,29.2,1.0,0.8,0.6,2,1,1.00,CYCLE,N
IND,208,6592,59452,15/01/2019,16:06:07,15,1,28.8,1.0,0.3,0.2,2,1,1.00,CYCLE,N
IND,208,6592,59452,15/01/2019,16:06:10,15,1,26.3,1.0,3.0,2.9,2,1,1.00,CYCLE,N
IND,208,6592,59452,15/01/2019,16:06:11,15,1,26.2,1.0,1.1,1.0,2,1,1.00,CYCLE,N
IND,208,6592,59452,15/01/2019,16:06:12,15,1,25.2,1.1,0.6,0.4,2,1,1.00,CYCLE,N
IND,208,6592,59452,15/01/2019,16:06:13,15,1,26.6,1.1,0.9,0.7,2,1,1.00,CYCLE,N
IND,208,6592,59452,15/01/2019,16:06:15,15,1,24.3,1.0,2.6,2.4,2,1,1.00,CYCLE,N
IND,208,6592,59452,15/01/2019,16:06:16,15,1,24.2,1.1,0.8,0.6,2,1,1.00,CYCLE,N
IND,208,6592,59452,15/01/2019,16:06:20,15,1,23.4,1.0,3.5,3.3,2,1,1.00,CYCLE,N
IND,208,6592,59452,15/01/2019,16:06:31,15,1,23.1,1.1,11.2,11.0,2,1,1.00,CYCLE,N
IND,208,6592,59452,15/01/2019,16:06:39,15,1,16.6,1.0,7.8,7.6,2,1,1.00,CYCLE,N
IND,208,6592,59453,15/01/2019,16:06:49,15,0,28.2,1.1,42.3,42.2,2,1,1.00,CYCLE,S
IND,208,6592,59453,15/01/2019,16:06:54,15,0,17.6,0.9,5.3,5.1,2,1,1.00,CYCLE,S
IND,208,6592,59452,15/01/2019,16:07:57,15,1,33.8,1.0,78.0,77.7,2,1,1.00,CYCLE,N
IND,208,6592,59452,15/01/2019,16:07:58,15,1,32.8,1.0,1.2,1.1,2,1,1.00,CYCLE,N
IND,208,6592,59452,15/01/2019,16:07:58,15,1,33.0,1.1,0.7,0.6,2,1,1.00,CYCLE,N
IND,208,6592,59452,15/01/2019,16:08:00,15,1,32.7,1.0,1.4,1.3,2,1,1.00,CYCLE,N
IND,208,6592,59452,15/01/2019,16:08:04,15,1,31.3,1.0,3.8,3.7,2,1,1.00,CYCLE,N
IND,208,6592,59452,15/01/2019,16:08:05,15,1,26.7,1.1,1.0,0.9,2,1,1.00,CYCLE,N
IND,208,6592,59452,15/01/2019,16:08:06,15,1,27.3,1.1,0.9,0.7,2,1,1.00,CYCLE,N
IND,208,6592,59452,15/01/2019,16:08:08,15,1,26.1,1.1,2.9,2.7,2,1,1.00,CYCLE,N
IND,208,6592,59452,15/01/2019,16:08:10,15,1,26.3,1.0,1.4,1.3,2,1,1.00,CYCLE,N
IND,208,6592,59452,15/01/2019,16:09:47,15,1,31.8,1.0,96.8,96.7,2,1,1.00,CYCLE,N
IND,208,6592,59452,15/01/2019,16:09:48,15,1,30.3,1.0,1.4,1.3,2,1,1.00,CYCLE,N
IND,208,6592,59452,15/01/2019,16:09:50,15,1,30.9,1.1,1.7,1.6,2,1,1.00,CYCLE,N
IND,208,6592,59452,15/01/2019,16:09:50,15,1,30.8,1.0,0.7,0.5,2,1,1.00,CYCLE,N
IND,208,6592,59452,15/01/2019,16:09:51,15,1,31.0,1.0,0.5,0.4,2,1,1.00,CYCLE,N
IND,208,6592,59452,15/01/2019,16:09:55,15,1,26.9,1.0,4.2,4.1,2,1,1.00,CYCLE,N
IND,208,6592,59452,15/01/2019,16:09:56,15,1,33.9,1.1,0.7,0.6,2,1,1.00,CYCLE,N
IND,208,6592,59452,15/01/2019,16:09:59,15,1,19.1,1.1,3.5,3.4,2,1,1.00,CYCLE,N
IND,208,6592,59452,15/01/2019,16:10:00,15,1,23.5,1.0,0.8,0.6,2,1,1.00,CYCLE,N
IND,208,6592,59452,15/01/2019,16:10:06,15,1,28.3,1.0,5.8,5.6,2,1,1.00,CYCLE,N
IND,208,6592,59452,15/01/2019,16:10:08,15,1,23.4,1.1,2.2,2.1,2,1,1.00,CYCLE,N
IND,208,6592,59452,15/01/2019,16:10:10,15,1,24.9,1.1,1.7,1.5,2,1,1.00,CYCLE,N
IND,208,6592,59453,15/01/2019,16:10:16,15,0,29.7,1.0,201.3,201.1,2,1,1.00,CYCLE,S
IND,208,6592,59452,15/01/2019,16:10:18,15,1,22.2,1.0,8.5,8.3,2,1,1.00,CYCLE,N
IND,208,6592,59452,15/01/2019,16:10:19,15,1,21.2,1.1,0.8,0.7,2,1,1.00,CYCLE,N
IND,208,6592,59452,15/01/2019,16:12:09,15,1,34.0,1.1,110.1,109.9,2,1,1.00,CYCLE,N
IND,208,6592,59452,15/01/2019,16:12:11,15,1,31.8,1.0,1.4,1.3,2,1,1.00,CYCLE,N
IND,208,6592,59452,15/01/2019,16:12:12,15,1,30.9,1.0,0.9,0.8,2,1,1.00,CYCLE,N
IND,208,6592,59452,15/01/2019,16:12:14,15,1,31.9,1.0,2.9,2.6,2,1,1.00,CYCLE,N
IND,208,6592,59452,15/01/2019,16:12:18,15,1,25.3,1.0,3.2,3.1,2,1,1.00,CYCLE,N
IND,208,6592,59452,15/01/2019,16:12:18,15,1,25.3,1.0,0.0,0.0,2,1,1.00,CYCLE,N
IND,208,6592,59453,15/01/2019,16:12:19,15,0,23.1,1.1,123.2,123.1,2,1,1.00,CYCLE,S
IND,208,6592,59452,15/01/2019,16:12:23,15,1,23.1,1.1,3.7,3.5,2,1,1.00,CYCLE,N
IND,208,6592,59452,15/01/2019,16:12:26,15,1,23.0,1.0,2.8,2.7,2,1,1.00,CYCLE,N
IND,208,6592,59452,15/01/2019,16:12:55,15,1,16.7,1.0,29.4,29.2,2,1,1.00,CYCLE,N
IND,208,6592,59453,15/01/2019,16:13:19,15,0,29.5,1.0,60.3,60.1,2,1,1.00,CYCLE,S
IND,208,6592,59452,15/01/2019,16:14:04,15,1,28.9,1.2,69.5,69.3,2,1,1.00,CYCLE,N
IND,208,6592,59452,15/01/2019,16:14:16,15,1,30.8,1.0,11.9,11.8,2,1,1.00,CYCLE,N
IND,208,6592,59452,15/01/2019,16:14:17,15,1,30.9,1.1,1.0,0.9,2,1,1.00,CYCLE,N
IND,208,6592,59452,15/01/2019,16:14:18,15,1,32.3,1.0,0.4,0.3,2,1,1.00,CYCLE,N
IND,208,6592,59452,15/01/2019,16:14:18,15,1,25.1,1.0,0.3,0.2,2,1,1.00,CYCLE,N
IND,208,6592,59452,15/01/2019,16:14:19,15,1,32.9,1.0,1.3,0.8,2,1,1.00,CYCLE,N
IND,208,6592,59452,15/01/2019,16:14:20,15,1,32.7,1.0,0.3,0.2,2,1,1.00,CYCLE,N
IND,208,6592,59452,15/01/2019,16:14:20,15,1,29.0,1.0,0.4,0.3,2,1,1.00,CYCLE,N
IND,208,6592,59452,15/01/2019,16:14:20,15,1,29.2,1.0,0.3,0.2,2,1,1.00,CYCLE,N
IND,208,6592,59452,15/01/2019,16:14:21,15,1,30.1,1.1,0.6,0.5,2,1,1.00,CYCLE,N
IND,208,6592,59452,15/01/2019,16:14:23,15,1,27.7,1.0,2.1,2.0,2,1,1.00,CYCLE,N
IND,208,6592,59452,15/01/2019,16:14:24,15,1,27.9,1.0,0.5,0.4,2,1,1.00,CYCLE,N
IND,208,6592,59452,15/01/2019,16:14:25,15,1,25.6,1.0,1.8,1.7,2,1,1.00,CYCLE,N
IND,208,6592,59452,15/01/2019,16:14:27,15,1,25.1,1.1,1.4,1.3,2,1,1.00,CYCLE,N
IND,208,6592,59452,15/01/2019,16:14:27,15,1,27.5,1.1,0.4,0.2,2,1,1.00,CYCLE,N
IND,208,6592,59452,15/01/2019,16:14:29,15,1,24.6,1.1,1.9,1.8,2,1,1.00,CYCLE,N
IND,208,6592,59452,15/01/2019,16:14:30,15,1,25.7,1.0,1.2,1.0,2,1,1.00,CYCLE,N
IND,208,6592,59452,15/01/2019,16:14:33,15,1,28.3,1.2,2.3,2.2,2,1,1.00,CYCLE,N
IND,208,6592,59452,15/01/2019,16:14:33,15,1,18.4,1.0,0.5,0.4,2,1,1.00,CYCLE,N
IND,208,6592,59452,15/01/2019,16:14:35,15,1,22.9,1.1,2.0,1.8,2,1,1.00,CYCLE,N
IND,208,6592,59452,15/01/2019,16:14:36,15,1,28.9,1.0,1.1,0.9,2,1,1.00,CYCLE,N
IND,208,6592,59453,15/01/2019,16:15:22,15,0,22.4,1.1,123.4,123.3,2,1,1.00,CYCLE,S
IND,208,6592,59452,15/01/2019,16:16:05,15,1,33.4,1.0,88.6,88.5,2,1,1.00,CYCLE,N
IND,208,6592,59452,15/01/2019,16:16:06,15,1,31.7,1.0,1.5,1.4,2,1,1.00,CYCLE,N
IND,208,6592,59452,15/01/2019,16:16:07,15,1,31.7,1.0,0.3,0.2,2,1,1.00,CYCLE,N
IND,208,6592,59452,15/01/2019,16:16:07,15,1,30.9,1.0,0.4,0.3,2,1,1.00,CYCLE,N
IND,208,6592,59452,15/01/2019,16:16:09,15,1,28.8,1.0,1.7,1.6,2,1,1.00,CYCLE,N
IND,208,6592,59452,15/01/2019,16:16:10,15,1,30.1,1.0,1.3,1.2,2,1,1.00,CYCLE,N
IND,208,6592,59452,15/01/2019,16:16:11,15,1,28.5,1.1,0.7,0.6,2,1,1.00,CYCLE,N
IND,208,6592,59452,15/01/2019,16:16:11,15,1,29.6,1.1,0.7,0.6,2,1,1.00,CYCLE,N
IND,208,6592,59452,15/01/2019,16:16:13,15,1,28.5,1.1,1.1,1.0,2,1,1.00,CYCLE,N
IND,208,6592,59452,15/01/2019,16:16:14,15,1,26.2,1.0,0.9,0.8,2,1,1.00,CYCLE,N
IND,208,6592,59452,15/01/2019,16:16:14,15,1,27.1,1.0,0.6,0.5,2,1,1.00,CYCLE,N
IND,208,6592,59452,15/01/2019,16:16:16,15,1,31.9,1.0,1.8,1.6,2,1,1.00,CYCLE,N
IND,208,6592,59452,15/01/2019,16:16:17,15,1,25.9,1.1,1.0,0.9,2,1,1.00,CYCLE,N
IND,208,6592,59452,15/01/2019,16:16:20,15,1,24.9,1.0,3.3,3.1,2,1,1.00,CYCLE,N
IND,208,6592,59452,15/01/2019,16:16:20,15,1,28.2,1.0,0.3,0.1,2,1,1.00,CYCLE,N
IND,208,6592,59452,15/01/2019,16:16:21,15,1,24.8,1.0,0.3,0.2,2,1,1.00,CYCLE,N
IND,208,6592,59452,15/01/2019,16:16:22,15,1,25.7,1.0,0.8,0.7,2,1,1.00,CYCLE,N
IND,208,6592,59452,15/01/2019,16:16:23,15,1,27.3,1.0,1.8,1.6,2,1,1.00,CYCLE,N
IND,208,6592,59452,15/01/2019,16:16:24,15,1,26.3,1.0,0.3,0.1,2,1,1.00,CYCLE,N
IND,208,6592,59453,15/01/2019,16:16:28,15,0,23.8,1.1,66.0,65.8,2,1,1.00,CYCLE,S
IND,208,6592,59452,15/01/2019,16:16:31,15,1,24.8,1.1,7.7,7.6,2,1,1.00,CYCLE,N
IND,208,6592,59452,15/01/2019,16:16:37,15,1,22.2,1.1,6.1,6.0,2,1,1.00,CYCLE,N
IND,208,6592,59452,15/01/2019,16:18:08,15,1,30.7,1.0,90.3,90.1,2,1,1.00,CYCLE,N
IND,208,6592,59452,15/01/2019,16:18:09,15,1,30.0,1.1,0.9,0.8,2,1,1.00,CYCLE,N
IND,208,6592,59452,15/01/2019,16:18:09,15,1,28.5,1.1,0.4,0.3,2,1,1.00,CYCLE,N
IND,208,6592,59452,15/01/2019,16:18:10,15,1,29.7,1.1,0.7,0.6,2,1,1.00,CYCLE,N
IND,208,6592,59452,15/01/2019,16:18:10,15,1,30.9,1.1,0.7,0.6,2,1,1.00,CYCLE,N
IND,208,6592,59452,15/01/2019,16:18:12,15,1,29.1,1.0,1.1,1.0,2,1,1.00,CYCLE,N
IND,208,6592,59452,15/01/2019,16:18:12,15,1,29.0,1.0,0.6,0.4,2,1,1.00,CYCLE,N
IND,208,6592,59452,15/01/2019,16:18:13,15,1,28.7,1.1,1.2,1.0,2,1,1.00,CYCLE,N
IND,208,6592,59452,15/01/2019,16:18:14,15,1,27.7,1.1,0.6,0.5,2,1,1.00,CYCLE,N
IND,208,6592,59452,15/01/2019,16:18:14,15,1,28.6,1.1,0.3,0.2,2,1,1.00,CYCLE,N
IND,208,6592,59452,15/01/2019,16:18:21,15,1,25.7,1.1,1.0,0.8,2,1,1.00,CYCLE,N
IND,208,6592,59452,15/01/2019,16:18:23,15,1,24.4,1.1,2.6,2.5,2,1,1.00,CYCLE,N
IND,208,6592,59452,15/01/2019,16:18:25,15,1,26.3,1.1,1.4,1.2,2,1,1.00,CYCLE,N
IND,208,6592,59452,15/01/2019,16:18:32,15,1,22.1,1.0,7.0,6.9,2,1,1.00,CYCLE,N
IND,208,6592,59452,15/01/2019,16:18:42,15,1,21.6,1.1,10.5,10.4,2,1,1.00,CYCLE,N
IND,208,6592,59453,15/01/2019,16:18:51,15,0,27.8,1.0,142.9,142.7,2,1,1.00,CYCLE,S
IND,208,6592,59453,15/01/2019,16:18:52,15,0,27.6,1.0,0.3,0.2,2,1,1.00,CYCLE,S
IND,208,6592,59453,15/01/2019,16:18:56,15,0,19.2,1.1,4.0,3.9,2,1,1.00,CYCLE,S
IND,208,6592,59453,15/01/2019,16:19:04,15,0,23.6,1.1,8.7,8.5,2,1,1.00,CYCLE,S
IND,208,6592,59453,15/01/2019,16:20:17,15,0,27.3,1.0,72.7,72.6,2,1,1.00,CYCLE,S
IND,208,6592,59453,15/01/2019,16:20:22,15,0,26.9,1.0,4.7,4.5,2,1,1.00,CYCLE,S
IND,208,6592,59452,15/01/2019,16:20:40,15,1,39.5,1.0,118.2,118.0,2,1,1.00,CYCLE,N
IND,208,6592,59452,15/01/2019,16:20:41,15,1,36.7,1.0,1.0,0.9,2,1,0.86,CYCLE,N
IND,208,6592,59452,15/01/2019,16:20:43,15,1,29.7,1.0,1.2,1.0,2,1,0.80,CYCLE,N
IND,208,6592,59452,15/01/2019,16:20:45,15,1,31.6,1.0,2.8,2.7,2,1,1.00,CYCLE,N
IND,208,6592,59452,15/01/2019,16:20:46,15,1,35.0,1.0,0.5,0.3,2,1,1.00,CYCLE,N
IND,208,6592,59452,15/01/2019,16:20:49,15,1,26.7,1.0,3.3,3.2,2,1,1.00,CYCLE,N
IND,208,6592,59452,15/01/2019,16:20:51,15,1,29.6,1.1,1.6,1.4,2,1,1.00,CYCLE,N
IND,208,6592,59452,15/01/2019,16:20:52,15,1,27.6,1.1,1.0,0.9,2,1,1.00,CYCLE,N
IND,208,6592,59452,15/01/2019,16:20:52,15,1,28.3,1.0,0.6,0.4,2,1,1.00,CYCLE,N
IND,208,6592,59452,15/01/2019,16:20:53,15,1,32.4,1.0,0.4,0.3,2,1,1.00,CYCLE,N
IND,208,6592,59452,15/01/2019,16:20:53,15,1,26.7,1.0,0.2,0.1,2,1,1.00,CYCLE,N
IND,208,6592,59452,15/01/2019,16:20:54,15,1,26.6,1.1,0.7,0.6,2,1,1.00,CYCLE,N
IND,208,6592,59452,15/01/2019,16:20:55,15,1,26.9,1.0,1.4,1.3,2,1,1.00,CYCLE,N
IND,208,6592,59452,15/01/2019,16:20:56,15,1,37.5,1.0,1.1,0.9,2,1,0.50,CYCLE,N
IND,208,6592,59453,15/01/2019,16:20:56,15,0,37.5,1.0,0.0,0.0,2,1,0.50,CYCLE,S
IND,208,6592,59452,15/01/2019,16:20:58,15,1,24.2,1.0,2.2,2.1,2,1,1.00,CYCLE,N
IND,208,6592,59452,15/01/2019,16:20:59,15,1,35.0,1.0,0.4,0.2,2,1,1.00,CYCLE,N
IND,208,6592,59452,15/01/2019,16:20:59,15,1,25.9,1.1,0.6,0.5,2,1,1.00,CYCLE,N
IND,208,6592,59452,15/01/2019,16:21:00,15,1,23.5,1.0,0.5,0.3,2,1,0.67,CYCLE,N
IND,208,6592,59452,15/01/2019,16:21:01,15,1,24.1,1.0,0.8,0.6,2,1,0.75,CYCLE,N
IND,208,6592,59452,15/01/2019,16:21:01,15,1,24.1,1.0,0.0,0.0,2,1,0.75,CYCLE,N
IND,208,6592,59452,15/01/2019,16:21:05,15,1,24.4,1.1,4.0,3.1,2,1,1.00,CYCLE,N
IND,208,6592,59452,15/01/2019,16:21:58,15,1,32.3,1.1,52.9,52.8,2,1,1.00,CYCLE,N
IND,208,6592,59452,15/01/2019,16:22:01,15,1,29.1,1.1,3.3,3.2,2,1,1.00,CYCLE,N
IND,208,6592,59452,15/01/2019,16:22:03,15,1,27.7,1.0,1.1,0.8,2,1,1.00,CYCLE,N
IND,208,6592,59452,15/01/2019,16:22:03,15,1,28.6,1.0,0.4,0.3,2,1,1.00,CYCLE,N
IND,208,6592,59452,15/01/2019,16:22:04,15,1,28.6,1.0,0.7,0.6,2,1,1.00,CYCLE,N
IND,208,6592,59452,15/01/2019,16:22:05,15,1,27.2,1.0,1.2,1.1,2,1,1.00,CYCLE,N
IND,208,6592,59452,15/01/2019,16:22:08,15,1,31.2,1.0,2.5,2.3,2,1,1.00,CYCLE,N
IND,208,6592,59452,15/01/2019,16:22:08,15,1,32.3,1.0,0.3,0.2,2,1,1.00,CYCLE,N
IND,208,6592,59452,15/01/2019,16:22:09,15,1,20.6,1.1,1.4,1.3,2,1,1.00,CYCLE,N
IND,208,6592,59452,15/01/2019,16:22:10,15,1,31.4,1.0,0.4,0.2,2,1,1.00,CYCLE,N
IND,208,6592,59452,15/01/2019,16:22:11,15,1,21.6,1.1,1.7,1.6,2,1,1.00,CYCLE,N
IND,208,6592,59452,15/01/2019,16:22:12,15,1,22.4,1.1,0.7,0.5,2,1,1.00,CYCLE,N
IND,208,6592,59452,15/01/2019,16:22:13,15,1,31.3,1.1,0.6,0.4,2,1,1.00,CYCLE,N
IND,208,6592,59452,15/01/2019,16:22:13,15,1,27.1,1.1,0.2,0.1,2,1,1.00,CYCLE,N
IND,208,6592,59452,15/01/2019,16:22:13,15,1,27.4,1.0,0.5,0.4,2,1,1.00,CYCLE,N
IND,208,6592,59452,15/01/2019,16:22:14,15,1,27.4,1.0,0.8,0.7,2,1,1.00,CYCLE,N
IND,208,6592,59452,15/01/2019,16:22:15,15,1,28.1,1.0,0.5,0.4,2,1,1.00,CYCLE,N
IND,208,6592,59452,15/01/2019,16:22:16,15,1,19.5,1.0,0.8,0.6,2,1,0.62,CYCLE,N
IND,208,6592,59452,15/01/2019,16:22:16,15,1,19.5,1.0,0.0,0.0,2,1,0.62,CYCLE,N
IND,208,6592,59452,15/01/2019,16:22:17,15,1,27.3,1.0,1.6,1.0,2,1,1.00,CYCLE,N
IND,208,6592,59452,15/01/2019,16:22:18,15,1,27.2,1.1,0.6,0.5,2,1,1.00,CYCLE,N
IND,208,6592,59452,15/01/2019,16:22:18,15,1,28.4,1.1,0.6,0.5,2,1,1.00,CYCLE,N
IND,208,6592,59452,15/01/2019,16:22:19,15,1,24.4,1.1,0.7,0.6,2,1,1.00,CYCLE,N
IND,208,6592,59452,15/01/2019,16:22:21,15,1,22.5,1.0,1.3,1.2,2,1,1.00,CYCLE,N
IND,208,6592,59452,15/01/2019,16:22:22,15,1,29.8,1.1,0.8,0.7,2,1,1.00,CYCLE,N
IND,208,6592,59452,15/01/2019,16:22:23,15,1,29.8,1.0,0.9,0.7,2,1,1.00,CYCLE,N
IND,208,6592,59452,15/01/2019,16:22:23,15,1,31.3,1.0,0.3,0.2,2,1,0.50,CYCLE,N
IND,208,6592,59453,15/01/2019,16:22:23,15,0,31.3,1.0,0.0,0.0,2,1,0.50,CYCLE,S
IND,208,6592,59452,15/01/2019,16:22:24,15,1,24.9,1.1,1.1,0.9,2,1,1.00,CYCLE,N
IND,208,6592,59452,15/01/2019,16:22:27,15,1,23.9,1.0,2.4,2.2,2,1,1.00,CYCLE,N
IND,208,6592,59452,15/01/2019,16:22:27,15,1,24.2,1.0,0.5,0.3,2,1,1.00,CYCLE,N
IND,208,6592,59452,15/01/2019,16:22:28,15,1,24.6,1.1,0.7,0.5,2,1,1.00,CYCLE,N
IND,208,6592,59452,15/01/2019,16:22:29,15,1,28.9,1.1,1.6,1.4,2,1,1.00,CYCLE,N
IND,208,6592,59452,15/01/2019,16:22:29,15,1,26.5,1.0,0.2,0.1,2,1,1.00,CYCLE,N
IND,208,6592,59452,15/01/2019,16:22:31,15,1,23.3,1.1,1.7,1.5,2,1,1.00,CYCLE,N
IND,208,6592,59452,15/01/2019,16:22:31,15,1,26.8,1.0,0.2,0.1,2,1,1.00,CYCLE,N
IND,208,6592,59452,15/01/2019,16:22:41,15,1,23.0,1.0,9.2,9.1,2,1,1.00,CYCLE,N
IND,208,6592,59452,15/01/2019,16:22:42,15,1,19.8,1.1,1.5,1.4,2,1,1.00,CYCLE,N
IND,208,6592,59453,15/01/2019,16:23:20,15,0,26.4,1.0,177.8,177.7,2,1,1.00,CYCLE,S
IND,208,6592,59452,15/01/2019,16:24:02,15,1,28.0,1.2,79.5,79.3,2,1,1.00,CYCLE,N
IND,208,6592,59452,15/01/2019,16:24:06,15,1,30.6,1.1,3.9,3.8,2,1,1.00,CYCLE,N
IND,208,6592,59452,15/01/2019,16:24:07,15,1,31.8,1.0,1.2,1.1,2,1,1.00,CYCLE,N
IND,208,6592,59452,15/01/2019,16:24:07,15,1,37.1,1.1,0.5,0.4,2,1,1.00,CYCLE,N
IND,208,6592,59452,15/01/2019,16:24:08,15,1,33.7,1.1,0.3,0.2,2,1,1.00,CYCLE,N
IND,208,6592,59452,15/01/2019,16:24:08,15,1,29.8,1.0,0.6,0.5,2,1,1.00,CYCLE,N
IND,208,6592,59452,15/01/2019,16:24:08,15,1,29.8,1.0,0.0,0.0,2,1,1.00,CYCLE,N
IND,208,6592,59452,15/01/2019,16:24:08,15,1,29.8,1.0,0.0,0.0,2,1,1.00,CYCLE,N
IND,208,6592,59452,15/01/2019,16:24:11,15,1,35.4,1.0,2.2,1.5,2,1,0.67,CYCLE,N
IND,208,6592,59452,15/01/2019,16:24:11,15,1,27.3,1.1,0.8,0.7,2,1,1.00,CYCLE,N
IND,208,6592,59452,15/01/2019,16:24:12,15,1,27.6,1.1,1.1,0.9,2,1,1.00,CYCLE,N
IND,208,6592,59452,15/01/2019,16:24:13,15,1,36.3,1.0,0.2,0.1,2,1,1.00,CYCLE,N
IND,208,6592,59452,15/01/2019,16:24:13,15,1,28.5,1.1,0.7,0.4,2,1,1.00,CYCLE,N
IND,208,6592,59452,15/01/2019,16:24:14,15,1,30.0,1.1,1.1,1.0,2,1,1.00,CYCLE,N
IND,208,6592,59452,15/01/2019,16:24:16,15,1,30.2,1.0,1.5,1.3,2,1,1.00,CYCLE,N
IND,208,6592,59452,15/01/2019,16:24:17,15,1,30.3,1.0,0.7,0.6,2,1,1.00,CYCLE,N
IND,208,6592,59452,15/01/2019,16:24:19,15,1,29.4,1.0,1.8,1.7,2,1,1.00,CYCLE,N
IND,208,6592,59452,15/01/2019,16:24:20,15,1,30.1,1.0,1.1,1.0,2,1,1.00,CYCLE,N
IND,208,6592,59452,15/01/2019,16:24:20,15,1,26.1,1.0,0.3,0.2,2,1,1.00,CYCLE,N
IND,208,6592,59452,15/01/2019,16:24:20,15,1,27.3,1.0,0.2,0.1,2,1,1.00,CYCLE,N
IND,208,6592,59452,15/01/2019,16:24:21,15,1,27.9,1.1,0.6,0.4,2,1,1.00,CYCLE,N
IND,208,6592,59452,15/01/2019,16:24:22,15,1,25.6,1.0,1.3,1.1,2,1,1.00,CYCLE,N
IND,208,6592,59452,15/01/2019,16:24:22,15,1,25.6,1.0,0.0,0.0,2,1,1.00,CYCLE,N
IND,208,6592,59452,15/01/2019,16:24:23,15,1,26.0,1.1,0.8,0.4,2,1,1.00,CYCLE,N
IND,208,6592,59452,15/01/2019,16:24:24,15,1,26.3,1.1,1.2,1.1,2,1,1.00,CYCLE,N
IND,208,6592,59452,15/01/2019,16:24:26,15,1,23.0,1.0,2.3,2.2,2,1,1.00,CYCLE,N
IND,208,6592,59452,15/01/2019,16:24:27,15,1,23.1,1.0,0.9,0.8,2,1,1.00,CYCLE,N
IND,208,6592,59452,15/01/2019,16:24:28,15,1,23.3,1.0,1.1,1.0,2,1,1.00,CYCLE,N
IND,208,6592,59452,15/01/2019,16:24:31,15,1,23.5,1.0,2.3,2.1,2,1,1.00,CYCLE,N
IND,208,6592,59452,15/01/2019,16:24:44,15,1,19.6,1.0,13.2,13.1,2,1,1.00,CYCLE,N
IND,208,6592,59453,15/01/2019,16:24:47,15,0,21.6,1.0,86.9,86.7,2,1,1.00,CYCLE,S
IND,208,6592,59452,15/01/2019,16:24:47,15,1,19.7,1.1,3.3,3.1,2,1,1.00,CYCLE,N
IND,208,6592,59452,15/01/2019,16:25:44,15,1,21.1,1.1,56.5,56.3,2,1,1.00,CYCLE,N
IND,208,6592,59452,15/01/2019,16:25:57,15,1,34.0,1.1,13.1,12.9,2,1,1.00,CYCLE,N
IND,208,6592,59452,15/01/2019,16:26:00,15,1,30.5,1.0,2.7,2.6,2,1,1.00,CYCLE,N
IND,208,6592,59452,15/01/2019,16:26:03,15,1,29.1,1.0,3.4,3.3,2,1,1.00,CYCLE,N
IND,208,6592,59452,15/01/2019,16:26:03,15,1,24.3,1.1,0.2,0.1,2,1,1.00,CYCLE,N
IND,208,6592,59452,15/01/2019,16:26:04,15,1,34.2,1.0,0.8,0.7,2,1,1.00,CYCLE,N
IND,208,6592,59452,15/01/2019,16:26:04,15,1,29.2,1.0,0.2,0.1,2,1,1.00,CYCLE,N
IND,208,6592,59452,15/01/2019,16:26:05,15,1,28.1,1.1,0.8,0.5,2,1,1.00,CYCLE,N
IND,208,6592,59452,15/01/2019,16:26:06,15,1,33.5,1.0,1.0,0.9,2,1,0.50,CYCLE,N
IND,208,6592,59453,15/01/2019,16:26:06,15,0,33.5,1.0,0.0,0.0,2,1,0.50,CYCLE,S
IND,208,6592,59452,15/01/2019,16:26:07,15,1,28.7,1.0,1.0,0.8,2,1,1.00,CYCLE,N
IND,208,6592,59452,15/01/2019,16:26:08,15,1,29.4,1.1,0.4,0.3,2,1,1.00,CYCLE,N
IND,208,6592,59452,15/01/2019,16:26:08,15,1,35.7,1.0,0.4,0.3,2,1,1.00,CYCLE,N
IND,208,6592,59452,15/01/2019,16:26:10,15,1,28.1,1.0,2.4,2.3,2,1,1.00,CYCLE,N
IND,208,6592,59452,15/01/2019,16:26:11,15,1,27.5,1.1,0.8,0.6,2,1,1.00,CYCLE,N
IND,208,6592,59452,15/01/2019,16:26:12,15,1,27.7,1.0,0.5,0.3,2,1,1.00,CYCLE,N
IND,208,6592,59452,15/01/2019,16:26:14,15,1,26.2,1.1,1.9,1.8,2,1,1.00,CYCLE,N
IND,208,6592,59452,15/01/2019,16:26:15,15,1,28.5,1.0,1.7,1.5,2,1,1.00,CYCLE,N
IND,208,6592,59452,15/01/2019,16:26:16,15,1,27.7,1.0,0.6,0.5,2,1,1.00,CYCLE,N
IND,208,6592,59452,15/01/2019,16:26:22,15,1,23.4,1.0,6.5,6.4,2,1,1.00,CYCLE,N
IND,208,6592,59452,15/01/2019,16:26:23,15,1,23.6,1.0,0.7,0.5,2,1,1.00,CYCLE,N
IND,208,6592,59452,15/01/2019,16:26:24,15,1,24.5,1.1,1.4,1.3,2,1,1.00,CYCLE,N
IND,208,6592,59452,15/01/2019,16:26:27,15,1,28.3,1.0,2.3,2.1,2,1,1.00,CYCLE,N
IND,208,6592,59452,15/01/2019,16:26:27,15,1,22.7,1.0,0.2,0.1,2,1,1.00,CYCLE,N
IND,208,6592,59452,15/01/2019,16:26:28,15,1,21.1,1.0,0.7,0.5,2,1,0.67,CYCLE,N
IND,208,6592,59452,15/01/2019,16:26:28,15,1,21.1,1.0,0.0,0.0,2,1,0.67,CYCLE,N
IND,208,6592,59452,15/01/2019,16:26:28,15,1,21.1,1.0,0.0,0.0,2,1,0.67,CYCLE,N
IND,208,6592,59452,15/01/2019,16:26:30,15,1,25.8,1.0,2.4,1.6,2,1,1.00,CYCLE,N
IND,208,6592,59452,15/01/2019,16:26:30,15,1,26.0,1.0,0.5,0.4,2,1,1.00,CYCLE,N
IND,208,6592,59452,15/01/2019,16:26:33,15,1,24.9,1.1,2.5,2.3,2,1,1.00,CYCLE,N
IND,208,6592,59452,15/01/2019,16:26:36,15,1,22.6,1.1,3.2,3.1,2,1,1.00,CYCLE,N
IND,208,6592,59453,15/01/2019,16:27:25,15,0,24.6,1.0,158.4,158.2,2,1,1.00,CYCLE,S
IND,208,6592,59453,15/01/2019,16:27:56,15,0,28.8,1.0,30.8,30.7,2,1,1.00,CYCLE,S
IND,208,6592,59452,15/01/2019,16:27:59,15,1,33.4,1.1,83.3,83.2,2,1,1.00,CYCLE,N
IND,208,6592,59452,15/01/2019,16:28:04,15,1,28.0,1.0,3.0,2.7,2,1,1.00,CYCLE,N
IND,208,6592,59452,15/01/2019,16:28:04,15,1,26.9,1.1,0.4,0.3,2,1,1.00,CYCLE,N
IND,208,6592,59452,15/01/2019,16:28:05,15,1,30.2,1.0,0.5,0.4,2,1,1.00,CYCLE,N
IND,208,6592,59452,15/01/2019,16:28:07,15,1,30.0,1.0,2.5,2.4,2,1,1.00,CYCLE,N
IND,208,6592,59452,15/01/2019,16:28:08,15,1,28.7,1.0,0.4,0.2,2,1,1.00,CYCLE,N
IND,208,6592,59452,15/01/2019,16:28:09,15,1,28.4,1.0,1.2,1.1,2,1,1.00,CYCLE,N
IND,208,6592,59452,15/01/2019,16:28:11,15,1,29.1,1.1,1.9,1.7,2,1,1.00,CYCLE,N
IND,208,6592,59452,15/01/2019,16:28:14,15,1,27.4,1.1,2.6,2.5,2,1,1.00,CYCLE,N
IND,208,6592,59452,15/01/2019,16:28:14,15,1,26.1,1.0,0.5,0.4,2,1,1.00,CYCLE,N
IND,208,6592,59452,15/01/2019,16:28:15,15,1,25.8,1.1,0.7,0.6,2,1,1.00,CYCLE,N
IND,208,6592,59452,15/01/2019,16:28:17,15,1,24.3,1.0,2.5,2.3,2,1,0.57,CYCLE,N
IND,208,6592,59453,15/01/2019,16:28:18,15,0,19.8,1.0,22.3,22.1,2,1,0.50,CYCLE,S
IND,208,6592,59452,15/01/2019,16:28:18,15,1,19.8,1.0,0.0,0.0,2,1,0.50,CYCLE,N
IND,208,6592,59452,15/01/2019,16:28:21,15,1,27.6,1.1,3.8,3.7,2,1,1.00,CYCLE,N
IND,208,6592,59452,15/01/2019,16:28:21,15,1,22.8,1.1,0.3,0.2,2,1,1.00,CYCLE,N
IND,208,6592,59452,15/01/2019,16:28:29,15,1,22.8,1.1,7.2,7.0,2,1,1.00,CYCLE,N
IND,208,6592,59452,15/01/2019,16:28:31,15,1,22.8,1.0,2.6,2.5,2,1,1.00,CYCLE,N
IND,208,6592,59452,15/01/2019,16:28:40,15,1,19.5,1.2,8.4,8.3,2,1,1.00,CYCLE,N
IND,208,6592,59452,15/01/2019,16:28:52,15,1,18.5,1.1,12.4,12.2,2,1,1.00,CYCLE,N
IND,208,6592,59452,15/01/2019,16:30:10,15,1,36.8,1.0,78.2,78.0,2,1,1.00,CYCLE,N
IND,208,6592,59452,15/01/2019,16:30:11,15,1,37.7,1.0,1.2,1.1,2,1,1.00,CYCLE,N
IND,208,6592,59452,15/01/2019,16:30:12,15,1,28.0,1.0,0.8,0.8,2,1,1.00,CYCLE,N
IND,208,6592,59452,15/01/2019,16:30:13,15,1,29.4,1.1,0.3,0.2,2,1,1.00,CYCLE,N
IND,208,6592,59452,15/01/2019,16:30:13,15,1,36.4,1.0,0.7,0.6,2,1,1.00,CYCLE,N
IND,208,6592,59452,15/01/2019,16:30:15,15,1,31.2,1.0,1.3,1.2,2,1,1.00,CYCLE,N
IND,208,6592,59452,15/01/2019,16:30:17,15,1,27.0,1.1,2.1,2.0,2,1,1.00,CYCLE,N
IND,208,6592,59452,15/01/2019,16:30:18,15,1,30.6,1.0,1.3,1.1,2,1,1.00,CYCLE,N
IND,208,6592,59452,15/01/2019,16:30:20,15,1,30.6,1.1,1.8,1.7,2,1,1.00,CYCLE,N
IND,208,6592,59452,15/01/2019,16:30:20,15,1,28.5,1.0,0.3,0.1,2,1,1.00,CYCLE,N
IND,208,6592,59452,15/01/2019,16:30:20,15,1,28.5,1.0,0.0,0.0,2,1,1.00,CYCLE,N
IND,208,6592,59452,15/01/2019,16:30:21,15,1,30.5,1.1,0.9,0.7,2,1,1.00,CYCLE,N
IND,208,6592,59452,15/01/2019,16:30:22,15,1,27.5,1.1,1.0,0.9,2,1,1.00,CYCLE,N
IND,208,6592,59452,15/01/2019,16:30:23,15,1,35.8,1.1,0.7,0.5,2,1,1.00,CYCLE,N
IND,208,6592,59452,15/01/2019,16:30:23,15,1,24.6,1.0,0.2,0.1,2,1,1.00,CYCLE,N
IND,208,6592,59452,15/01/2019,16:30:23,15,1,28.4,1.0,0.4,0.2,2,1,1.00,CYCLE,N
IND,208,6592,59452,15/01/2019,16:30:24,15,1,26.5,1.0,0.6,0.5,2,1,1.00,CYCLE,N
IND,208,6592,59452,15/01/2019,16:30:25,15,1,30.8,1.1,1.3,1.1,2,1,1.00,CYCLE,N
IND,208,6592,59452,15/01/2019,16:30:27,15,1,25.4,1.1,1.7,1.6,2,1,1.00,CYCLE,N
IND,208,6592,59452,15/01/2019,16:30:28,15,1,23.5,1.0,1.7,1.6,2,1,1.00,CYCLE,N
IND,208,6592,59452,15/01/2019,16:30:29,15,1,23.3,1.0,0.8,0.7,2,1,1.00,CYCLE,N
IND,208,6592,59452,15/01/2019,16:30:30,15,1,22.5,1.1,0.7,0.5,2,1,1.00,CYCLE,N
IND,208,6592,59452,15/01/2019,16:30:31,15,1,25.7,1.0,1.1,0.9,2,1,1.00,CYCLE,N
IND,208,6592,59452,15/01/2019,16:30:33,15,1,21.8,1.1,1.6,1.5,2,1,1.00,CYCLE,N
IND,208,6592,59452,15/01/2019,16:30:38,15,1,25.0,1.1,4.9,4.8,2,1,1.00,CYCLE,N
IND,208,6592,59452,15/01/2019,16:30:40,15,1,19.0,1.0,2.5,2.3,2,1,1.00,CYCLE,N
IND,208,6592,59452,15/01/2019,16:30:51,15,1,15.6,1.1,11.0,10.8,2,1,1.00,CYCLE,N
IND,208,6592,59452,15/01/2019,16:32:09,15,1,31.9,1.0,77.6,77.3,2,1,1.00,CYCLE,N
IND,208,6592,59452,15/01/2019,16:32:09,15,1,34.7,1.0,0.2,0.1,2,1,0.86,CYCLE,N
IND,208,6592,59452,15/01/2019,16:32:10,15,1,30.2,1.0,1.1,0.9,2,1,1.00,CYCLE,N
IND,208,6592,59452,15/01/2019,16:32:11,15,1,29.1,1.0,1.5,1.3,2,1,1.00,CYCLE,N
IND,208,6592,59453,15/01/2019,16:32:14,15,0,8.8,1.0,1.2,1.0,2,1,0.14,CYCLE,S
IND,208,6592,59453,15/01/2019,16:32:14,15,0,8.8,1.0,0.0,0.0,2,1,0.14,CYCLE,S
IND,208,6592,59453,15/01/2019,16:32:14,15,0,8.8,1.0,0.0,0.0,2,1,0.14,CYCLE,S
IND,208,6592,59452,15/01/2019,16:32:16,15,1,24.8,1.1,4.6,4.4,2,1,1.00,CYCLE,N
IND,208,6592,59452,15/01/2019,16:32:17,15,1,27.3,1.0,1.1,0.9,2,1,1.00,CYCLE,N
IND,208,6592,59452,15/01/2019,16:32:18,15,1,27.2,1.0,0.7,0.6,2,1,1.00,CYCLE,N
IND,208,6592,59452,15/01/2019,16:32:19,15,1,39.2,1.1,1.1,0.9,2,1,1.00,CYCLE,N
IND,208,6592,59452,15/01/2019,16:32:21,15,1,26.2,1.0,1.8,1.7,2,1,1.00,CYCLE,N
IND,208,6592,59452,15/01/2019,16:32:23,15,1,24.2,1.1,2.0,1.9,2,1,1.00,CYCLE,N
IND,208,6592,59452,15/01/2019,16:32:42,15,1,22.7,1.0,19.7,19.6,2,1,1.00,CYCLE,N
IND,208,6592,59452,15/01/2019,16:34:09,15,1,33.4,1.0,86.9,86.8,2,1,1.00,CYCLE,N
IND,208,6592,59452,15/01/2019,16:34:11,15,1,33.3,1.0,1.3,1.2,2,1,1.00,CYCLE,N
IND,208,6592,59452,15/01/2019,16:34:11,15,1,33.7,1.1,0.5,0.4,2,1,1.00,CYCLE,N
IND,208,6592,59452,15/01/2019,16:34:12,15,1,33.6,1.0,0.5,0.4,2,1,1.00,CYCLE,N
IND,208,6592,59452,15/01/2019,16:34:13,15,1,34.0,1.1,1.7,1.6,2,1,1.00,CYCLE,N
IND,208,6592,59452,15/01/2019,16:34:14,15,1,31.3,1.0,0.7,0.6,2,1,1.00,CYCLE,N
IND,208,6592,59452,15/01/2019,16:34:15,15,1,30.8,1.1,1.0,0.9,2,1,1.00,CYCLE,N
IND,208,6592,59452,15/01/2019,16:34:15,15,1,30.6,1.0,0.3,0.1,2,1,1.00,CYCLE,N
IND,208,6592,59452,15/01/2019,16:34:16,15,1,22.0,1.0,0.4,0.3,2,1,0.36,CYCLE,N
IND,208,6592,59452,15/01/2019,16:34:17,15,1,28.7,1.0,1.8,1.0,2,1,1.00,CYCLE,N
IND,208,6592,59452,15/01/2019,16:34:18,15,1,28.1,1.0,0.9,0.8,2,1,1.00,CYCLE,N
IND,208,6592,59452,15/01/2019,16:34:19,15,1,28.1,1.0,0.7,0.6,2,1,1.00,CYCLE,N
IND,208,6592,59452,15/01/2019,16:34:20,15,1,29.3,1.0,0.4,0.3,2,1,1.00,CYCLE,N
IND,208,6592,59452,15/01/2019,16:34:20,15,1,35.7,1.1,0.4,0.3,2,1,1.00,CYCLE,N
IND,208,6592,59452,15/01/2019,16:34:20,15,1,28.6,1.0,0.3,0.2,2,1,1.00,CYCLE,N
IND,208,6592,59452,15/01/2019,16:34:21,15,1,27.3,1.0,1.1,1.0,2,1,1.00,CYCLE,N
IND,208,6592,59452,15/01/2019,16:34:22,15,1,26.7,1.1,1.0,0.9,2,1,1.00,CYCLE,N
IND,208,6592,59453,15/01/2019,16:34:23,15,0,26.4,1.0,129.2,128.1,2,1,1.00,CYCLE,S
IND,208,6592,59452,15/01/2019,16:34:23,15,1,26.8,1.1,1.1,1.0,2,1,1.00,CYCLE,N
IND,208,6592,59452,15/01/2019,16:34:26,15,1,25.2,1.1,2.6,2.4,2,1,1.00,CYCLE,N
IND,208,6592,59452,15/01/2019,16:34:28,15,1,26.5,1.1,2.1,1.9,2,1,1.00,CYCLE,N
IND,208,6592,59452,15/01/2019,16:34:29,15,1,22.7,1.1,0.6,0.5,2,1,1.00,CYCLE,N
IND,208,6592,59452,15/01/2019,16:34:31,15,1,23.7,1.1,2.2,2.1,2,1,1.00,CYCLE,N
IND,208,6592,59452,15/01/2019,16:34:32,15,1,23.7,1.1,0.8,0.7,2,1,1.00,CYCLE,N
IND,208,6592,59453,15/01/2019,16:34:46,15,0,28.4,1.0,23.3,23.2,2,1,1.00,CYCLE,S
IND,208,6592,59453,15/01/2019,16:35:02,15,0,18.4,1.1,15.2,15.0,2,1,1.00,CYCLE,S
IND,208,6592,59452,15/01/2019,16:36:10,15,1,31.1,1.0,97.9,97.7,2,1,1.00,CYCLE,N
IND,208,6592,59452,15/01/2019,16:36:10,15,1,30.5,1.0,0.3,0.2,2,1,1.00,CYCLE,N
IND,208,6592,59452,15/01/2019,16:36:12,15,1,29.6,1.1,1.9,1.8,2,1,1.00,CYCLE,N
IND,208,6592,59452,15/01/2019,16:36:13,15,1,30.0,1.0,0.6,0.5,2,1,1.00,CYCLE,N
IND,208,6592,59452,15/01/2019,16:36:13,15,1,28.8,1.1,0.4,0.3,2,1,1.00,CYCLE,N
IND,208,6592,59452,15/01/2019,16:36:14,15,1,31.2,1.1,0.8,0.6,2,1,1.00,CYCLE,N
IND,208,6592,59452,15/01/2019,16:36:18,15,1,29.5,1.0,4.0,3.8,2,1,1.00,CYCLE,N
IND,208,6592,59452,15/01/2019,16:36:19,15,1,28.2,1.1,1.0,0.9,2,1,1.00,CYCLE,N
IND,208,6592,59452,15/01/2019,16:36:19,15,1,32.8,1.0,0.5,0.4,2,1,1.00,CYCLE,N
IND,208,6592,59452,15/01/2019,16:36:20,15,1,27.4,1.0,0.7,0.6,2,1,1.00,CYCLE,N
IND,208,6592,59452,15/01/2019,16:36:21,15,1,27.8,1.1,1.2,1.0,2,1,1.00,CYCLE,N
IND,208,6592,59452,15/01/2019,16:36:22,15,1,28.5,1.0,1.4,1.3,2,1,1.00,CYCLE,N
IND,208,6592,59452,15/01/2019,16:36:23,15,1,28.6,1.0,0.5,0.4,2,1,1.00,CYCLE,N
IND,208,6592,59452,15/01/2019,16:36:24,15,1,24.5,1.1,0.7,0.6,2,1,1.00,CYCLE,N
IND,208,6592,59453,15/01/2019,16:36:25,15,0,29.9,1.0,83.0,82.8,2,1,1.00,CYCLE,S
IND,208,6592,59452,15/01/2019,16:36:25,15,1,26.3,1.0,1.2,1.0,2,1,1.00,CYCLE,N
IND,208,6592,59452,15/01/2019,16:36:26,15,1,25.7,1.0,0.7,0.5,2,1,1.00,CYCLE,N
IND,208,6592,59452,15/01/2019,16:36:26,15,1,24.4,1.0,0.9,0.7,2,1,1.00,CYCLE,N
IND,208,6592,59452,15/01/2019,16:36:29,15,1,22.9,1.1,2.0,1.9,2,1,1.00,CYCLE,N
IND,208,6592,59452,15/01/2019,16:36:30,15,1,21.8,1.1,1.4,1.2,2,1,1.00,CYCLE,N
IND,208,6592,59452,15/01/2019,16:36:32,15,1,21.4,1.1,2.0,1.8,2,1,1.00,CYCLE,N
IND,208,6592,59453,15/01/2019,16:36:39,15,0,23.7,1.0,5.6,5.4,2,1,1.00,CYCLE,S
IND,208,6592,59452,15/01/2019,16:36:42,15,1,26.7,1.1,10.2,10.0,2,1,1.00,CYCLE,N
IND,208,6592,59453,15/01/2019,16:37:03,15,0,21.0,1.0,24.7,24.6,2,1,1.00,CYCLE,S
IND,208,6592,59452,15/01/2019,16:38:07,15,1,40.8,1.0,84.9,84.8,2,1,1.00,CYCLE,N
IND,208,6592,59452,15/01/2019,16:38:09,15,1,41.7,1.0,2.3,2.2,2,1,1.00,CYCLE,N
IND,208,6592,59452,15/01/2019,16:38:09,15,1,36.4,1.0,0.1,0.1,2,1,1.00,CYCLE,N
IND,208,6592,59452,15/01/2019,16:38:10,15,1,44.1,1.0,0.2,0.1,2,1,1.00,CYCLE,N
IND,208,6592,59452,15/01/2019,16:38:10,15,1,32.6,1.1,0.3,0.2,2,1,1.00,CYCLE,N
IND,208,6592,59452,15/01/2019,16:38:10,15,1,34.4,1.1,0.4,0.2,2,1,1.00,CYCLE,N
IND,208,6592,59452,15/01/2019,16:38:13,15,1,32.6,1.1,2.5,2.4,2,1,1.00,CYCLE,N
IND,208,6592,59452,15/01/2019,16:38:14,15,1,32.9,1.0,0.9,0.8,2,1,1.00,CYCLE,N
IND,208,6592,59452,15/01/2019,16:38:14,15,1,32.0,1.0,0.5,0.4,2,1,1.00,CYCLE,N
IND,208,6592,59452,15/01/2019,16:38:15,15,1,32.1,1.0,0.6,0.5,2,1,1.00,CYCLE,N
IND,208,6592,59452,15/01/2019,16:38:19,15,1,27.0,1.0,3.9,3.8,2,1,1.00,CYCLE,N
IND,208,6592,59452,15/01/2019,16:38:19,15,1,37.7,1.0,0.6,0.5,2,1,0.33,CYCLE,N
IND,208,6592,59452,15/01/2019,16:38:19,15,1,37.7,1.0,0.0,0.0,2,1,0.33,CYCLE,N
IND,208,6592,59452,15/01/2019,16:38:21,15,1,28.8,1.1,1.6,1.2,2,1,1.00,CYCLE,N
IND,208,6592,59452,15/01/2019,16:38:24,15,1,25.7,1.1,2.9,2.7,2,1,1.00,CYCLE,N
IND,208,6592,59452,15/01/2019,16:38:25,15,1,25.2,1.1,0.9,0.7,2,1,1.00,CYCLE,N
IND,208,6592,59452,15/01/2019,16:38:25,15,1,25.7,1.0,0.7,0.5,2,1,1.00,CYCLE,N
IND,208,6592,59452,15/01/2019,16:38:26,15,1,25.5,1.1,0.7,0.6,2,1,1.00,CYCLE,N
IND,208,6592,59452,15/01/2019,16:38:27,15,1,26.1,1.0,0.7,0.5,2,1,1.00,CYCLE,N
IND,208,6592,59452,15/01/2019,16:38:28,15,1,24.7,1.0,1.0,0.8,2,1,1.00,CYCLE,N
IND,208,6592,59452,15/01/2019,16:38:28,15,1,24.7,1.0,0.6,0.4,2,1,1.00,CYCLE,N
IND,208,6592,59452,15/01/2019,16:38:32,15,1,22.6,1.0,2.6,2.0,2,1,1.00,CYCLE,N
IND,208,6592,59452,15/01/2019,16:38:32,15,1,22.3,1.1,0.6,0.4,2,1,1.00,CYCLE,N
IND,208,6592,59452,15/01/2019,16:38:33,15,1,21.8,1.1,0.9,0.7,2,1,1.00,CYCLE,N
IND,208,6592,59452,15/01/2019,16:38:34,15,1,23.5,1.1,1.1,0.9,2,1,1.00,CYCLE,N
IND,208,6592,59452,15/01/2019,16:38:35,15,1,23.4,1.1,0.8,0.6,2,1,1.00,CYCLE,N
IND,208,6592,59452,15/01/2019,16:38:36,15,1,23.1,1.0,1.0,0.9,2,1,1.00,CYCLE,N
IND,208,6592,59452,15/01/2019,16:38:40,15,1,20.7,1.1,4.2,4.0,2,1,1.00,CYCLE,N
IND,208,6592,59452,15/01/2019,16:38:42,15,1,19.2,1.0,1.7,1.5,2,1,1.00,CYCLE,N
IND,208,6592,59452,15/01/2019,16:40:06,15,1,33.1,1.0,84.2,83.9,2,1,1.00,CYCLE,N
IND,208,6592,59452,15/01/2019,16:40:08,15,1,39.2,1.0,1.9,1.8,2,1,1.00,CYCLE,N
IND,208,6592,59452,15/01/2019,16:40:09,15,1,33.5,1.1,0.9,0.9,2,1,1.00,CYCLE,N
IND,208,6592,59452,15/01/2019,16:40:11,15,1,32.5,1.0,1.9,1.8,2,1,1.00,CYCLE,N
IND,208,6592,59452,15/01/2019,16:40:11,15,1,27.3,1.0,0.5,0.4,2,1,1.00,CYCLE,N
IND,208,6592,59452,15/01/2019,16:40:11,15,1,27.3,1.0,0.0,0.0,2,1,1.00,CYCLE,N
IND,208,6592,59452,15/01/2019,16:40:14,15,1,29.5,1.1,3.1,2.9,2,1,1.00,CYCLE,N
IND,208,6592,59452,15/01/2019,16:40:15,15,1,25.0,1.1,0.9,0.8,2,1,1.00,CYCLE,N
IND,208,6592,59452,15/01/2019,16:40:16,15,1,26.4,1.1,0.4,0.3,2,1,1.00,CYCLE,N
IND,208,6592,59452,15/01/2019,16:40:17,15,1,26.4,1.0,1.2,1.0,2,1,1.00,CYCLE,N
IND,208,6592,59452,15/01/2019,16:40:18,15,1,28.3,1.0,1.3,1.2,2,1,1.00,CYCLE,N
IND,208,6592,59452,15/01/2019,16:40:19,15,1,23.2,1.1,1.0,0.9,2,1,1.00,CYCLE,N
IND,208,6592,59452,15/01/2019,16:40:21,15,1,22.4,1.1,2.0,1.9,2,1,1.00,CYCLE,N
IND,208,6592,59452,15/01/2019,16:40:22,15,1,22.1,1.0,1.2,1.0,2,1,1.00,CYCLE,N
IND,208,6592,59452,15/01/2019,16:40:23,15,1,23.1,1.0,0.9,0.7,2,1,1.00,CYCLE,N
IND,208,6592,59452,15/01/2019,16:40:24,15,1,24.2,1.0,0.8,0.6,2,1,1.00,CYCLE,N
IND,208,6592,59452,15/01/2019,16:40:25,15,1,22.6,1.1,0.5,0.3,2,1,1.00,CYCLE,N
IND,208,6592,59452,15/01/2019,16:40:25,15,1,23.1,1.0,0.7,0.5,2,1,1.00,CYCLE,N
IND,208,6592,59452,15/01/2019,16:40:26,15,1,24.6,1.0,0.6,0.4,2,1,1.00,CYCLE,N
IND,208,6592,59452,15/01/2019,16:40:27,15,1,22.9,0.9,0.9,0.8,2,1,1.00,CYCLE,N
IND,208,6592,59452,15/01/2019,16:40:28,15,1,25.1,1.1,0.7,0.5,2,1,1.00,CYCLE,N
IND,208,6592,59452,15/01/2019,16:40:31,15,1,23.0,1.1,3.0,2.8,2,1,1.00,CYCLE,N
IND,208,6592,59452,15/01/2019,16:40:38,15,1,22.0,1.1,7.1,6.9,2,1,1.00,CYCLE,N
IND,208,6592,59453,15/01/2019,16:40:49,15,0,26.6,1.1,225.4,225.2,2,1,1.00,CYCLE,S
IND,208,6592,59452,15/01/2019,16:40:52,15,1,19.5,1.1,14.2,14.1,2,1,1.00,CYCLE,N
IND,208,6592,59453,15/01/2019,16:40:56,15,0,21.0,1.0,7.6,7.4,2,1,1.00,CYCLE,S
IND,208,6592,59453,15/01/2019,16:41:08,15,0,29.3,1.0,11.5,11.3,2,1,1.00,CYCLE,S
IND,208,6592,59452,15/01/2019,16:42:04,15,1,32.4,1.1,72.3,72.1,2,1,1.00,CYCLE,N
IND,208,6592,59452,15/01/2019,16:42:06,15,1,42.5,1.0,1.9,1.8,2,1,1.00,CYCLE,N
IND,208,6592,59452,15/01/2019,16:42:08,15,1,36.3,1.1,1.7,1.6,2,1,1.00,CYCLE,N
IND,208,6592,59452,15/01/2019,16:42:09,15,1,33.1,1.0,1.2,1.1,2,1,1.00,CYCLE,N
IND,208,6592,59452,15/01/2019,16:42:10,15,1,34.0,1.0,1.4,1.3,2,1,1.00,CYCLE,N
IND,208,6592,59452,15/01/2019,16:42:11,15,1,30.5,1.1,0.3,0.2,2,1,1.00,CYCLE,N
IND,208,6592,59452,15/01/2019,16:42:11,15,1,32.6,1.0,0.3,0.2,2,1,1.00,CYCLE,N
IND,208,6592,59452,15/01/2019,16:42:12,15,1,30.9,1.1,0.7,0.6,2,1,1.00,CYCLE,N
IND,208,6592,59452,15/01/2019,16:42:13,15,1,30.8,1.0,1.3,1.2,2,1,1.00,CYCLE,N
IND,208,6592,59452,15/01/2019,16:42:14,15,1,32.4,1.0,1.0,0.9,2,1,1.00,CYCLE,N
IND,208,6592,59452,15/01/2019,16:42:15,15,1,32.4,1.1,0.8,0.6,2,1,1.00,CYCLE,N
IND,208,6592,59452,15/01/2019,16:42:16,15,1,29.0,1.0,1.8,1.7,2,1,1.00,CYCLE,N
IND,208,6592,59452,15/01/2019,16:42:17,15,1,27.2,1.0,0.7,0.6,2,1,1.00,CYCLE,N
IND,208,6592,59452,15/01/2019,16:42:17,15,1,27.7,1.0,0.2,0.1,2,1,1.00,CYCLE,N
IND,208,6592,59452,15/01/2019,16:42:19,15,1,26.6,1.1,1.2,1.1,2,1,1.00,CYCLE,N
IND,208,6592,59452,15/01/2019,16:42:19,15,1,27.0,1.0,0.6,0.4,2,1,1.00,CYCLE,N
IND,208,6592,59452,15/01/2019,16:42:20,15,1,26.3,1.0,0.4,0.2,2,1,1.00,CYCLE,N
IND,208,6592,59452,15/01/2019,16:42:22,15,1,25.4,1.1,2.5,2.4,2,1,1.00,CYCLE,N
IND,208,6592,59452,15/01/2019,16:42:24,15,1,24.9,1.1,2.0,1.8,2,1,1.00,CYCLE,N
IND,208,6592,59452,15/01/2019,16:42:25,15,1,24.2,1.1,1.1,1.0,2,1,1.00,CYCLE,N
IND,208,6592,59452,15/01/2019,16:42:26,15,1,23.1,1.0,0.8,0.7,2,1,1.00,CYCLE,N
IND,208,6592,59452,15/01/2019,16:42:27,15,1,22.7,1.1,0.9,0.7,2,1,1.00,CYCLE,N
IND,208,6592,59452,15/01/2019,16:42:28,15,1,22.4,1.0,0.9,0.7,2,1,1.00,CYCLE,N
IND,208,6592,59452,15/01/2019,16:42:29,15,1,22.6,1.0,1.1,1.0,2,1,1.00,CYCLE,N
IND,208,6592,59452,15/01/2019,16:42:30,15,1,22.8,1.0,1.1,0.9,2,1,1.00,CYCLE,N
IND,208,6592,59452,15/01/2019,16:42:33,15,1,22.1,1.0,3.4,3.3,2,1,1.00,CYCLE,N
IND,208,6592,59453,15/01/2019,16:43:00,15,0,25.9,1.0,112.2,112.1,2,1,1.00,CYCLE,S
IND,208,6592,59453,15/01/2019,16:43:10,15,0,19.5,1.0,10.2,10.1,2,1,1.00,CYCLE,S
IND,208,6592,59452,15/01/2019,16:43:53,15,1,33.8,1.0,79.4,79.3,2,1,1.00,CYCLE,N
IND,208,6592,59452,15/01/2019,16:43:55,15,1,32.7,1.0,2.5,2.3,2,1,1.00,CYCLE,N
IND,208,6592,59452,15/01/2019,16:43:56,15,1,32.6,1.1,0.3,0.2,2,1,1.00,CYCLE,N
IND,208,6592,59452,15/01/2019,16:43:56,15,1,32.0,1.0,0.4,0.2,2,1,1.00,CYCLE,N
IND,208,6592,59452,15/01/2019,16:43:56,15,1,33.3,1.0,0.3,0.2,2,1,1.00,CYCLE,N
IND,208,6592,59452,15/01/2019,16:43:59,15,1,31.3,1.1,2.9,2.7,2,1,1.00,CYCLE,N
IND,208,6592,59452,15/01/2019,16:44:00,15,1,28.3,1.1,0.8,0.7,2,1,1.00,CYCLE,N
IND,208,6592,59452,15/01/2019,16:44:01,15,1,27.7,1.0,1.1,1.0,2,1,1.00,CYCLE,N
IND,208,6592,59452,15/01/2019,16:44:02,15,1,35.7,1.1,1.0,0.9,2,1,1.00,CYCLE,N
IND,208,6592,59452,15/01/2019,16:44:03,15,1,28.7,1.0,0.6,0.5,2,1,1.00,CYCLE,N
IND,208,6592,59452,15/01/2019,16:44:04,15,1,30.2,1.0,1.1,1.0,2,1,1.00,CYCLE,N
IND,208,6592,59452,15/01/2019,16:44:05,15,1,26.5,1.1,1.2,1.1,2,1,1.00,CYCLE,N
IND,208,6592,59452,15/01/2019,16:44:05,15,1,25.5,1.1,0.2,0.1,2,1,1.00,CYCLE,N
IND,208,6592,59452,15/01/2019,16:44:07,15,1,34.4,1.1,1.5,1.3,2,1,1.00,CYCLE,N
IND,208,6592,59452,15/01/2019,16:44:07,15,1,27.5,1.0,0.2,0.1,2,1,1.00,CYCLE,N
IND,208,6592,59452,15/01/2019,16:44:07,15,1,28.3,1.0,0.4,0.2,2,1,1.00,CYCLE,N
IND,208,6592,59452,15/01/2019,16:44:08,15,1,28.6,1.0,0.8,0.7,2,1,1.00,CYCLE,N
IND,208,6592,59452,15/01/2019,16:44:10,15,1,24.5,1.1,1.6,1.5,2,1,1.00,CYCLE,N
IND,208,6592,59452,15/01/2019,16:44:11,15,1,26.4,1.0,1.0,0.8,2,1,0.57,CYCLE,N
IND,208,6592,59452,15/01/2019,16:44:11,15,1,26.4,1.0,0.0,0.0,2,1,0.57,CYCLE,N
IND,208,6592,59452,15/01/2019,16:44:12,15,1,27.4,1.0,1.1,0.9,2,1,1.00,CYCLE,N
IND,208,6592,59452,15/01/2019,16:44:16,15,1,22.1,1.1,3.8,3.7,2,1,1.00,CYCLE,N
IND,208,6592,59452,15/01/2019,16:44:17,15,1,20.5,1.1,1.1,1.0,2,1,1.00,CYCLE,N
IND,208,6592,59452,15/01/2019,16:44:18,15,1,19.8,1.0,0.7,0.5,2,1,1.00,CYCLE,N
IND,208,6592,59453,15/01/2019,16:44:58,15,0,23.5,1.1,107.7,107.5,2,1,1.00,CYCLE,S
IND,208,6592,59453,15/01/2019,16:45:23,15,0,26.4,1.0,25.5,25.3,2,1,1.00,CYCLE,S
IND,208,6592,59452,15/01/2019,16:45:46,15,1,30.3,1.0,88.2,88.0,2,1,1.00,CYCLE,N
IND,208,6592,59452,15/01/2019,16:46:09,15,1,33.4,1.0,23.5,23.4,2,1,1.00,CYCLE,N
IND,208,6592,59452,15/01/2019,16:46:13,15,1,29.0,1.1,3.5,3.4,2,1,1.00,CYCLE,N
IND,208,6592,59452,15/01/2019,16:46:13,15,1,28.4,1.0,0.8,0.6,2,1,1.00,CYCLE,N
IND,208,6592,59452,15/01/2019,16:46:14,15,1,28.2,1.0,0.6,0.4,2,1,1.00,CYCLE,N
IND,208,6592,59452,15/01/2019,16:46:15,15,1,28.1,1.0,0.6,0.5,2,1,1.00,CYCLE,N
IND,208,6592,59452,15/01/2019,16:46:16,15,1,27.2,1.0,1.8,1.7,2,1,1.00,CYCLE,N
IND,208,6592,59452,15/01/2019,16:46:17,15,1,27.3,1.1,0.5,0.4,2,1,1.00,CYCLE,N
IND,208,6592,59452,15/01/2019,16:46:17,15,1,29.7,1.0,0.3,0.2,2,1,1.00,CYCLE,N
IND,208,6592,59452,15/01/2019,16:46:19,15,1,25.9,1.0,1.5,1.4,2,1,1.00,CYCLE,N
IND,208,6592,59452,15/01/2019,16:46:20,15,1,25.8,1.0,1.4,1.2,2,1,1.00,CYCLE,N
IND,208,6592,59452,15/01/2019,16:46:20,15,1,27.5,1.0,0.2,0.1,2,1,1.00,CYCLE,N
IND,208,6592,59452,15/01/2019,16:46:21,15,1,25.9,1.0,0.8,0.6,2,1,1.00,CYCLE,N
IND,208,6592,59452,15/01/2019,16:46:23,15,1,27.0,1.0,1.5,1.3,2,1,1.00,CYCLE,N
IND,208,6592,59452,15/01/2019,16:46:25,15,1,27.9,1.0,2.6,2.5,2,1,1.00,CYCLE,N
IND,208,6592,59452,15/01/2019,16:46:26,15,1,23.6,1.1,0.3,0.2,2,1,1.00,CYCLE,N
IND,208,6592,59452,15/01/2019,16:46:26,15,1,24.2,1.1,0.6,0.4,2,1,1.00,CYCLE,N
IND,208,6592,59452,15/01/2019,16:46:27,15,1,28.4,1.1,0.8,0.6,2,1,1.00,CYCLE,N
IND,208,6592,59452,15/01/2019,16:46:29,15,1,24.2,1.1,1.7,1.5,2,1,1.00,CYCLE,N
IND,208,6592,59452,15/01/2019,16:46:30,15,1,24.9,1.1,0.9,0.8,2,1,1.00,CYCLE,N
IND,208,6592,59452,15/01/2019,16:46:30,15,1,23.9,1.0,0.8,0.7,2,1,1.00,CYCLE,N
IND,208,6592,59452,15/01/2019,16:46:32,15,1,23.5,1.1,1.8,1.6,2,1,1.00,CYCLE,N
IND,208,6592,59452,15/01/2019,16:46:33,15,1,25.3,1.0,1.2,1.1,2,1,1.00,CYCLE,N
IND,208,6592,59452,15/01/2019,16:46:34,15,1,22.5,1.1,0.4,0.3,2,1,1.00,CYCLE,N
IND,208,6592,59452,15/01/2019,16:46:34,15,1,23.1,1.1,0.7,0.5,2,1,1.00,CYCLE,N
IND,208,6592,59452,15/01/2019,16:46:36,15,1,22.3,1.0,1.4,1.3,2,1,1.00,CYCLE,N
IND,208,6592,59452,15/01/2019,16:46:39,15,1,19.2,1.1,3.3,3.2,2,1,1.00,CYCLE,N
IND,208,6592,59452,15/01/2019,16:46:43,15,1,20.3,1.1,4.2,4.0,2,1,1.00,CYCLE,N
IND,208,6592,59453,15/01/2019,16:47:27,15,0,21.4,1.0,124.0,123.9,2,1,1.00,CYCLE,S
IND,208,6592,59452,15/01/2019,16:48:04,15,1,28.7,1.1,80.9,80.6,2,1,1.00,CYCLE,N
IND,208,6592,59452,15/01/2019,16:48:12,15,1,33.2,1.0,7.7,7.6,2,1,1.00,CYCLE,N
IND,208,6592,59452,15/01/2019,16:48:12,15,1,32.4,1.0,0.3,0.2,2,1,1.00,CYCLE,N
IND,208,6592,59452,15/01/2019,16:48:14,15,1,32.6,1.0,1.4,1.2,2,1,1.00,CYCLE,N
IND,208,6592,59452,15/01/2019,16:48:14,15,1,28.5,1.1,0.6,0.5,2,1,1.00,CYCLE,N
IND,208,6592,59452,15/01/2019,16:48:16,15,1,27.4,1.0,2.1,2.0,2,1,1.00,CYCLE,N
IND,208,6592,59452,15/01/2019,16:48:17,15,1,27.1,1.0,1.1,1.0,2,1,1.00,CYCLE,N
IND,208,6592,59452,15/01/2019,16:48:18,15,1,26.8,1.0,0.3,0.2,2,1,1.00,CYCLE,N
IND,208,6592,59452,15/01/2019,16:48:19,15,1,37.3,1.0,0.9,0.8,2,1,1.00,CYCLE,N
IND,208,6592,59452,15/01/2019,16:48:20,15,1,27.4,1.1,1.7,1.6,2,1,1.00,CYCLE,N
IND,208,6592,59452,15/01/2019,16:48:22,15,1,26.9,1.0,1.3,1.1,2,1,1.00,CYCLE,N
IND,208,6592,59452,15/01/2019,16:48:22,15,1,27.4,1.0,0.7,0.6,2,1,1.00,CYCLE,N
IND,208,6592,59452,15/01/2019,16:48:24,15,1,26.6,1.0,1.4,1.2,2,1,1.00,CYCLE,N
IND,208,6592,59452,15/01/2019,16:48:25,15,1,27.2,1.0,1.1,0.9,2,1,1.00,CYCLE,N
IND,208,6592,59452,15/01/2019,16:48:25,15,1,24.9,1.0,0.7,0.6,2,1,1.00,CYCLE,N
IND,208,6592,59452,15/01/2019,16:48:26,15,1,25.7,1.1,0.6,0.4,2,1,1.00,CYCLE,N
IND,208,6592,59452,15/01/2019,16:48:26,15,1,31.7,1.0,0.4,0.2,2,1,0.50,CYCLE,N
IND,208,6592,59453,15/01/2019,16:48:26,15,0,31.7,1.0,0.0,0.0,2,1,0.50,CYCLE,S
IND,208,6592,59452,15/01/2019,16:48:27,15,1,26.3,1.1,0.6,0.5,2,1,1.00,CYCLE,N
IND,208,6592,59452,15/01/2019,16:48:28,15,1,31.7,1.0,0.6,0.4,2,1,1.00,CYCLE,N
IND,208,6592,59452,15/01/2019,16:48:28,15,1,30.7,1.0,0.3,0.2,2,1,1.00,CYCLE,N
IND,208,6592,59452,15/01/2019,16:48:28,15,1,27.9,1.0,0.6,0.5,2,1,1.00,CYCLE,N
IND,208,6592,59452,15/01/2019,16:48:29,15,1,29.2,1.0,0.3,0.2,2,1,1.00,CYCLE,N
IND,208,6592,59452,15/01/2019,16:48:31,15,1,26.3,1.1,2.4,2.2,2,1,1.00,CYCLE,N
IND,208,6592,59452,15/01/2019,16:48:32,15,1,27.2,1.1,0.4,0.2,2,1,1.00,CYCLE,N
IND,208,6592,59452,15/01/2019,16:48:34,15,1,24.1,1.0,2.2,2.0,2,1,1.00,CYCLE,N
IND,208,6592,59452,15/01/2019,16:48:34,15,1,24.1,1.0,0.0,0.0,2,1,1.00,CYCLE,N
IND,208,6592,59452,15/01/2019,16:48:36,15,1,25.5,1.1,1.8,1.6,2,1,1.00,CYCLE,N
IND,208,6592,59452,15/01/2019,16:48:49,15,1,20.1,1.1,13.2,13.1,2,1,1.00,CYCLE,N
IND,208,6592,59452,15/01/2019,16:49:03,15,1,20.0,1.1,14.2,14.0,2,1,1.00,CYCLE,N
IND,208,6592,59452,15/01/2019,16:49:04,15,1,20.1,1.1,1.4,1.2,2,1,1.00,CYCLE,N
IND,208,6592,59452,15/01/2019,16:50:03,15,1,32.6,1.0,58.9,58.7,2,1,1.00,CYCLE,N
IND,208,6592,59452,15/01/2019,16:50:07,15,1,29.8,1.1,3.6,3.5,2,1,1.00,CYCLE,N
IND,208,6592,59452,15/01/2019,16:50:08,15,1,36.4,1.0,1.3,1.2,2,1,1.00,CYCLE,N
IND,208,6592,59452,15/01/2019,16:50:09,15,1,32.2,1.0,1.3,1.2,2,1,1.00,CYCLE,N
IND,208,6592,59452,15/01/2019,16:50:11,15,1,37.7,1.0,1.4,1.2,2,1,1.00,CYCLE,N
IND,208,6592,59452,15/01/2019,16:50:11,15,1,32.0,1.1,0.7,0.6,2,1,1.00,CYCLE,N
IND,208,6592,59452,15/01/2019,16:50:12,15,1,29.9,1.1,1.1,0.9,2,1,1.00,CYCLE,N
IND,208,6592,59452,15/01/2019,16:50:16,15,1,31.6,1.0,1.3,1.1,2,1,1.00,CYCLE,N
IND,208,6592,59452,15/01/2019,16:50:17,15,1,26.4,1.0,0.5,0.4,2,1,1.00,CYCLE,N
IND,208,6592,59452,15/01/2019,16:50:17,15,1,29.3,1.0,0.3,0.2,2,1,1.00,CYCLE,N
IND,208,6592,59452,15/01/2019,16:50:18,15,1,28.0,1.0,1.2,1.1,2,1,1.00,CYCLE,N
IND,208,6592,59452,15/01/2019,16:50:21,15,1,25.7,1.0,2.3,2.2,2,1,1.00,CYCLE,N
IND,208,6592,59452,15/01/2019,16:50:21,15,1,26.7,1.0,0.7,0.6,2,1,1.00,CYCLE,N
IND,208,6592,59452,15/01/2019,16:50:22,15,1,25.8,1.0,0.9,0.8,2,1,1.00,CYCLE,N
IND,208,6592,59452,15/01/2019,16:50:25,15,1,23.8,1.0,2.3,2.2,2,1,1.00,CYCLE,N
IND,208,6592,59452,15/01/2019,16:50:25,15,1,23.8,1.1,0.6,0.5,2,1,1.00,CYCLE,N
IND,208,6592,59452,15/01/2019,16:50:26,15,1,23.3,1.1,0.9,0.7,2,1,1.00,CYCLE,N
IND,208,6592,59452,15/01/2019,16:50:42,15,1,21.2,1.0,16.0,15.8,2,1,1.00,CYCLE,N
IND,208,6592,59452,15/01/2019,16:50:44,15,1,24.9,1.1,2.3,2.1,2,1,1.00,CYCLE,N
IND,208,6592,59453,15/01/2019,16:50:52,15,0,33.6,1.0,204.4,204.2,2,1,1.00,CYCLE,S
IND,208,6592,59453,15/01/2019,16:51:04,15,0,26.3,1.0,12.5,12.4,2,1,1.00,CYCLE,S
IND,208,6592,59452,15/01/2019,16:52:03,15,1,28.9,1.1,78.3,78.1,2,1,1.00,CYCLE,N
IND,208,6592,59452,15/01/2019,16:52:05,15,1,30.7,1.0,2.4,2.3,2,1,1.00,CYCLE,N
IND,208,6592,59452,15/01/2019,16:52:07,15,1,28.1,1.0,2.2,2.1,2,1,1.00,CYCLE,N
IND,208,6592,59453,15/01/2019,16:52:08,15,0,30.7,1.0,63.6,63.5,2,1,1.00,CYCLE,S
IND,208,6592,59453,15/01/2019,16:52:09,15,0,33.0,1.0,1.2,1.1,2,1,1.00,CYCLE,S
IND,208,6592,59452,15/01/2019,16:52:10,15,1,34.6,1.0,2.2,2.0,2,1,1.00,CYCLE,N
IND,208,6592,59452,15/01/2019,16:52:11,15,1,26.6,1.1,1.5,1.4,2,1,1.00,CYCLE,N
IND,208,6592,59452,15/01/2019,16:52:11,15,1,27.5,1.0,0.3,0.2,2,1,1.00,CYCLE,N
IND,208,6592,59452,15/01/2019,16:52:12,15,1,46.5,1.0,1.0,0.8,2,1,0.22,CYCLE,N
IND,208,6592,59452,15/01/2019,16:52:13,15,1,27.7,1.1,0.9,0.6,2,1,1.00,CYCLE,N
IND,208,6592,59452,15/01/2019,16:52:14,15,1,27.8,1.0,0.4,0.3,2,1,1.00,CYCLE,N
IND,208,6592,59452,15/01/2019,16:52:15,15,1,31.2,1.1,1.3,1.2,2,1,1.00,CYCLE,N
IND,208,6592,59452,15/01/2019,16:52:15,15,1,27.7,1.1,0.4,0.3,2,1,1.00,CYCLE,N
IND,208,6592,59452,15/01/2019,16:52:18,15,1,28.5,1.1,2.4,2.2,2,1,1.00,CYCLE,N
IND,208,6592,59452,15/01/2019,16:52:18,15,1,29.2,1.1,0.7,0.6,2,1,1.00,CYCLE,N
IND,208,6592,59452,15/01/2019,16:52:20,15,1,31.0,1.1,1.4,1.3,2,1,1.00,CYCLE,N
IND,208,6592,59452,15/01/2019,16:52:21,15,1,29.9,1.0,1.1,0.9,2,1,1.00,CYCLE,N
IND,208,6592,59452,15/01/2019,16:52:21,15,1,27.6,1.1,0.2,0.1,2,1,1.00,CYCLE,N
IND,208,6592,59452,15/01/2019,16:52:25,15,1,27.2,1.0,4.0,3.8,2,1,1.00,CYCLE,N
IND,208,6592,59452,15/01/2019,16:52:26,15,1,24.8,1.0,0.6,0.5,2,1,1.00,CYCLE,N
IND,208,6592,59452,15/01/2019,16:52:28,15,1,28.3,1.0,2.2,1.9,2,1,1.00,CYCLE,N
IND,208,6592,59452,15/01/2019,16:52:29,15,1,23.1,1.0,1.0,0.8,2,1,1.00,CYCLE,N
IND,208,6592,59452,15/01/2019,16:52:30,15,1,22.7,1.1,0.7,0.5,2,1,1.00,CYCLE,N
IND,208,6592,59452,15/01/2019,16:52:31,15,1,25.4,1.1,1.7,1.6,2,1,1.00,CYCLE,N
IND,208,6592,59452,15/01/2019,16:52:34,15,1,24.2,1.0,3.1,2.9,2,1,1.00,CYCLE,N
IND,208,6592,59452,15/01/2019,16:52:36,15,1,25.4,1.0,2.0,1.9,2,1,1.00,CYCLE,N
IND,208,6592,59452,15/01/2019,16:52:43,15,1,28.7,1.0,6.3,6.1,2,1,1.00,CYCLE,N
IND,208,6592,59452,15/01/2019,16:52:55,15,1,19.9,1.1,12.6,12.5,2,1,1.00,CYCLE,N
IND,208,6592,59452,15/01/2019,16:54:07,15,1,32.4,1.0,72.2,71.9,2,1,1.00,CYCLE,N
IND,208,6592,59452,15/01/2019,16:54:08,15,1,31.8,1.1,1.0,0.9,2,1,1.00,CYCLE,N
IND,208,6592,59452,15/01/2019,16:54:09,15,1,31.4,1.0,0.3,0.2,2,1,1.00,CYCLE,N
IND,208,6592,59452,15/01/2019,16:54:10,15,1,29.3,1.0,1.6,1.5,2,1,1.00,CYCLE,N
IND,208,6592,59452,15/01/2019,16:54:11,15,1,29.8,1.0,0.4,0.3,2,1,1.00,CYCLE,N
IND,208,6592,59452,15/01/2019,16:54:11,15,1,31.8,1.0,0.5,0.4,2,1,1.00,CYCLE,N
IND,208,6592,59452,15/01/2019,16:54:11,15,1,31.8,1.0,0.0,0.0,2,1,1.00,CYCLE,N
IND,208,6592,59452,15/01/2019,16:54:12,15,1,29.0,1.1,0.6,0.5,2,1,1.00,CYCLE,N
IND,208,6592,59452,15/01/2019,16:54:13,15,1,27.1,1.0,0.8,0.6,2,1,1.00,CYCLE,N
IND,208,6592,59452,15/01/2019,16:54:13,15,1,29.2,1.0,0.4,0.2,2,1,1.00,CYCLE,N
IND,208,6592,59452,15/01/2019,16:54:14,15,1,29.6,1.0,1.2,1.1,2,1,1.00,CYCLE,N
IND,208,6592,59452,15/01/2019,16:54:15,15,1,27.5,1.1,1.1,1.0,2,1,1.00,CYCLE,N
IND,208,6592,59452,15/01/2019,16:54:17,15,1,27.4,1.1,1.6,1.5,2,1,1.00,CYCLE,N
IND,208,6592,59452,15/01/2019,16:54:19,15,1,24.8,1.0,2.4,2.3,2,1,1.00,CYCLE,N
IND,208,6592,59452,15/01/2019,16:54:22,15,1,27.1,1.0,2.5,2.4,2,1,1.00,CYCLE,N
IND,208,6592,59452,15/01/2019,16:54:22,15,1,27.8,1.0,0.4,0.2,2,1,1.00,CYCLE,N
IND,208,6592,59452,15/01/2019,16:54:23,15,1,35.1,1.1,0.2,0.1,2,1,1.00,CYCLE,N
IND,208,6592,59452,15/01/2019,16:54:24,15,1,28.0,1.1,0.9,0.8,2,1,1.00,CYCLE,N
IND,208,6592,59452,15/01/2019,16:54:25,15,1,23.5,1.1,2.0,1.9,2,1,1.00,CYCLE,N
IND,208,6592,59452,15/01/2019,16:54:26,15,1,30.4,1.1,0.5,0.4,2,1,1.00,CYCLE,N
IND,208,6592,59452,15/01/2019,16:54:26,15,1,27.4,1.1,0.5,0.3,2,1,1.00,CYCLE,N
IND,208,6592,59452,15/01/2019,16:54:29,15,1,24.1,1.0,2.9,2.8,2,1,1.00,CYCLE,N
IND,208,6592,59452,15/01/2019,16:54:30,15,1,24.3,1.1,0.9,0.8,2,1,1.00,CYCLE,N
IND,208,6592,59452,15/01/2019,16:54:31,15,1,24.3,1.0,0.7,0.5,2,1,1.00,CYCLE,N
IND,208,6592,59452,15/01/2019,16:54:33,15,1,23.9,1.0,2.2,2.0,2,1,1.00,CYCLE,N
IND,208,6592,59452,15/01/2019,16:54:41,15,1,21.0,1.1,7.5,7.3,2,1,1.00,CYCLE,N
IND,208,6592,59453,15/01/2019,16:54:55,15,0,22.5,1.1,165.6,165.5,2,1,1.00,CYCLE,S
IND,208,6592,59452,15/01/2019,16:56:05,15,1,34.5,1.0,84.5,84.2,2,1,1.00,CYCLE,N
IND,208,6592,59452,15/01/2019,16:56:06,15,1,39.8,1.0,0.6,0.5,2,1,1.00,CYCLE,N
IND,208,6592,59452,15/01/2019,16:56:06,15,1,33.5,1.0,0.5,0.4,2,1,1.00,CYCLE,N
IND,208,6592,59452,15/01/2019,16:56:08,15,1,32.0,1.1,1.9,1.8,2,1,1.00,CYCLE,N
IND,208,6592,59452,15/01/2019,16:56:09,15,1,31.0,1.0,0.7,0.5,2,1,1.00,CYCLE,N
IND,208,6592,59452,15/01/2019,16:56:09,15,1,25.5,1.1,0.7,0.6,2,1,1.00,CYCLE,N
IND,208,6592,59452,15/01/2019,16:56:10,15,1,31.0,1.1,0.2,0.1,2,1,1.00,CYCLE,N
IND,208,6592,59452,15/01/2019,16:56:10,15,1,30.4,1.1,0.8,0.7,2,1,1.00,CYCLE,N
IND,208,6592,59452,15/01/2019,16:56:11,15,1,27.3,1.1,1.0,0.9,2,1,1.00,CYCLE,N
IND,208,6592,59452,15/01/2019,16:56:13,15,1,26.4,1.0,1.8,1.7,2,1,1.00,CYCLE,N
IND,208,6592,59452,15/01/2019,16:56:14,15,1,25.5,1.0,0.5,0.4,2,1,1.00,CYCLE,N
IND,208,6592,59452,15/01/2019,16:56:15,15,1,25.7,1.0,1.0,0.9,2,1,1.00,CYCLE,N
IND,208,6592,59452,15/01/2019,16:56:16,15,1,26.2,1.1,0.8,0.6,2,1,1.00,CYCLE,N
IND,208,6592,59452,15/01/2019,16:56:16,15,1,25.4,1.0,0.6,0.5,2,1,1.00,CYCLE,N
IND,208,6592,59452,15/01/2019,16:56:17,15,1,28.8,1.0,0.4,0.2,2,1,1.00,CYCLE,N
IND,208,6592,59452,15/01/2019,16:56:17,15,1,27.0,1.0,0.5,0.4,2,1,1.00,CYCLE,N
IND,208,6592,59452,15/01/2019,16:56:18,15,1,28.5,1.0,0.8,0.7,2,1,1.00,CYCLE,N
IND,208,6592,59452,15/01/2019,16:56:20,15,1,27.6,1.1,2.2,2.1,2,1,1.00,CYCLE,N
IND,208,6592,59452,15/01/2019,16:56:20,15,1,31.3,1.0,0.2,0.1,2,1,1.00,CYCLE,N
IND,208,6592,59452,15/01/2019,16:56:22,15,1,28.4,1.0,1.8,1.6,2,1,1.00,CYCLE,N
IND,208,6592,59453,15/01/2019,16:56:23,15,0,32.3,1.0,88.2,88.0,2,1,1.00,CYCLE,S
IND,208,6592,59452,15/01/2019,16:56:23,15,1,26.1,1.0,1.2,1.0,2,1,1.00,CYCLE,N
IND,208,6592,59452,15/01/2019,16:56:25,15,1,25.2,1.0,1.9,1.8,2,1,1.00,CYCLE,N
IND,208,6592,59452,15/01/2019,16:56:26,15,1,24.9,1.1,0.6,0.4,2,1,1.00,CYCLE,N
IND,208,6592,59452,15/01/2019,16:56:27,15,1,24.9,1.0,1.3,1.1,2,1,1.00,CYCLE,N
IND,208,6592,59452,15/01/2019,16:56:27,15,1,24.7,1.0,0.5,0.3,2,1,1.00,CYCLE,N
IND,208,6592,59452,15/01/2019,16:56:28,15,1,25.2,1.1,0.5,0.4,2,1,1.00,CYCLE,N
IND,208,6592,59452,15/01/2019,16:56:29,15,1,27.5,1.1,1.2,1.0,2,1,1.00,CYCLE,N
IND,208,6592,59452,15/01/2019,16:56:30,15,1,27.4,1.1,1.1,0.9,2,1,1.00,CYCLE,N
IND,208,6592,59452,15/01/2019,16:56:34,15,1,23.9,1.0,4.1,4.0,2,1,1.00,CYCLE,N
IND,208,6592,59452,15/01/2019,16:56:36,15,1,22.1,1.0,1.7,1.6,2,1,1.00,CYCLE,N
IND,208,6592,59452,15/01/2019,16:56:37,15,1,21.6,1.1,0.9,0.8,2,1,1.00,CYCLE,N
IND,208,6592,59453,15/01/2019,16:57:11,15,0,31.4,1.0,48.4,48.3,2,1,1.00,CYCLE,S
IND,208,6592,59452,15/01/2019,16:58:10,15,1,35.9,1.0,93.2,93.0,2,1,1.00,CYCLE,N
IND,208,6592,59452,15/01/2019,16:58:10,15,1,32.2,1.1,0.2,0.1,2,1,1.00,CYCLE,N
IND,208,6592,59452,15/01/2019,16:58:12,15,1,39.1,1.0,1.5,1.4,2,1,1.00,CYCLE,N
IND,208,6592,59452,15/01/2019,16:58:13,15,1,26.4,1.0,1.5,1.4,2,1,0.67,CYCLE,N
IND,208,6592,59452,15/01/2019,16:58:13,15,1,26.4,1.0,0.0,0.0,2,1,0.67,CYCLE,N
IND,208,6592,59452,15/01/2019,16:58:14,15,1,34.2,1.0,1.2,0.9,2,1,1.00,CYCLE,N
IND,208,6592,59452,15/01/2019,16:58:16,15,1,30.4,1.0,1.9,1.8,2,1,1.00,CYCLE,N
IND,208,6592,59452,15/01/2019,16:58:20,15,1,32.0,1.1,3.9,3.7,2,1,1.00,CYCLE,N
IND,208,6592,59452,15/01/2019,16:58:21,15,1,26.6,1.0,0.4,0.3,2,1,1.00,CYCLE,N
IND,208,6592,59452,15/01/2019,16:58:22,15,1,32.4,1.1,1.0,0.8,2,1,1.00,CYCLE,N
IND,208,6592,59452,15/01/2019,16:58:22,15,1,25.7,1.1,0.6,0.5,2,1,1.00,CYCLE,N
IND,208,6592,59452,15/01/2019,16:58:26,15,1,26.6,1.0,3.6,3.4,2,1,1.00,CYCLE,N
IND,208,6592,59452,15/01/2019,16:58:27,15,1,27.1,1.0,1.0,0.9,2,1,1.00,CYCLE,N
IND,208,6592,59452,15/01/2019,16:58:27,15,1,23.3,1.0,0.5,0.4,2,1,1.00,CYCLE,N
IND,208,6592,59452,15/01/2019,16:58:27,15,1,23.3,1.0,0.0,0.0,2,1,1.00,CYCLE,N
IND,208,6592,59452,15/01/2019,16:58:29,15,1,28.7,1.0,1.3,1.1,2,1,1.00,CYCLE,N
IND,208,6592,59452,15/01/2019,16:58:30,15,1,23.7,1.1,1.8,1.7,2,1,1.00,CYCLE,N
IND,208,6592,59452,15/01/2019,16:58:31,15,1,24.9,1.1,0.7,0.6,2,1,1.00,CYCLE,N
IND,208,6592,59452,15/01/2019,16:58:38,15,1,24.6,1.1,6.9,6.7,2,1,1.00,CYCLE,N
IND,208,6592,59452,15/01/2019,16:58:39,15,1,19.8,1.1,0.7,0.6,2,1,1.00,CYCLE,N
IND,208,6592,59452,15/01/2019,16:59:34,15,1,31.0,1.0,55.6,55.3,2,1,1.00,CYCLE,N
IND,208,6592,59452,15/01/2019,17:00:01,15,1,30.9,1.0,27.0,26.9,2,1,1.00,CYCLE,N
IND,208,6592,59452,15/01/2019,17:00:03,15,1,31.3,1.0,1.9,1.8,2,1,1.00,CYCLE,N
IND,208,6592,59452,15/01/2019,17:00:04,15,1,31.0,1.0,0.9,0.8,2,1,1.00,CYCLE,N
IND,208,6592,59452,15/01/2019,17:00:06,15,1,29.1,1.0,1.6,1.5,2,1,1.00,CYCLE,N
IND,208,6592,59452,15/01/2019,17:00:08,15,1,29.3,1.2,2.2,2.1,2,1,1.00,CYCLE,N
IND,208,6592,59452,15/01/2019,17:00:09,15,1,28.6,1.0,0.8,0.7,2,1,1.00,CYCLE,N
IND,208,6592,59452,15/01/2019,17:00:09,15,1,29.3,1.0,0.5,0.3,2,1,1.00,CYCLE,N
IND,208,6592,59452,15/01/2019,17:00:11,15,1,30.1,1.1,1.8,1.7,2,1,1.00,CYCLE,N
IND,208,6592,59452,15/01/2019,17:00:14,15,1,30.5,1.1,2.6,2.5,2,1,1.00,CYCLE,N
IND,208,6592,59452,15/01/2019,17:00:15,15,1,29.3,1.0,1.0,0.9,2,1,1.00,CYCLE,N
IND,208,6592,59452,15/01/2019,17:00:19,15,1,28.2,1.1,3.8,3.7,2,1,1.00,CYCLE,N
IND,208,6592,59452,15/01/2019,17:00:21,15,1,29.8,1.1,2.4,2.3,2,1,1.00,CYCLE,N
IND,208,6592,59452,15/01/2019,17:00:23,15,1,24.0,1.0,1.9,1.8,2,1,1.00,CYCLE,N
IND,208,6592,59453,15/01/2019,17:00:26,15,0,22.9,1.0,194.8,194.7,2,1,1.00,CYCLE,S
IND,208,6592,59452,15/01/2019,17:00:30,15,1,22.2,1.1,6.8,6.6,2,1,1.00,CYCLE,N
IND,208,6592,59453,15/01/2019,17:00:36,15,0,28.3,1.0,9.6,9.5,2,1,1.00,CYCLE,S
IND,208,6592,59452,15/01/2019,17:00:43,15,1,21.0,1.1,12.9,12.7,2,1,1.00,CYCLE,N
IND,208,6592,59452,15/01/2019,17:01:55,15,1,29.1,1.0,72.7,72.5,2,1,1.00,CYCLE,N
IND,208,6592,59452,15/01/2019,17:02:07,15,1,30.0,1.0,11.9,11.7,2,1,0.86,CYCLE,N
IND,208,6592,59452,15/01/2019,17:02:10,15,1,27.7,1.0,2.5,2.3,2,1,1.00,CYCLE,N
IND,208,6592,59452,15/01/2019,17:02:11,15,1,28.2,1.0,1.4,1.3,2,1,1.00,CYCLE,N
IND,208,6592,59452,15/01/2019,17:02:12,15,1,29.2,1.1,0.6,0.5,2,1,1.00,CYCLE,N
IND,208,6592,59452,15/01/2019,17:02:12,15,1,28.6,1.1,0.6,0.5,2,1,1.00,CYCLE,N
IND,208,6592,59452,15/01/2019,17:02:13,15,1,31.2,1.1,0.6,0.4,2,1,1.00,CYCLE,N
IND,208,6592,59452,15/01/2019,17:02:13,15,1,28.0,1.0,0.5,0.4,2,1,1.00,CYCLE,N
IND,208,6592,59452,15/01/2019,17:02:16,15,1,24.4,1.1,2.8,2.7,2,1,1.00,CYCLE,N
IND,208,6592,59452,15/01/2019,17:02:17,15,1,25.3,1.1,0.8,0.7,2,1,1.00,CYCLE,N
IND,208,6592,59452,15/01/2019,17:02:17,15,1,25.4,1.0,0.6,0.5,2,1,1.00,CYCLE,N
IND,208,6592,59453,15/01/2019,17:02:18,15,0,22.5,1.0,102.1,102.0,2,1,1.00,CYCLE,S
IND,208,6592,59452,15/01/2019,17:02:19,15,1,27.1,1.0,1.7,1.6,2,1,1.00,CYCLE,N
IND,208,6592,59453,15/01/2019,17:02:20,15,0,27.4,1.0,2.5,2.3,2,1,1.00,CYCLE,S
IND,208,6592,59452,15/01/2019,17:02:21,15,1,26.4,1.0,1.7,1.5,2,1,1.00,CYCLE,N
IND,208,6592,59452,15/01/2019,17:02:21,15,1,25.8,1.0,0.6,0.4,2,1,1.00,CYCLE,N
IND,208,6592,59452,15/01/2019,17:02:22,15,1,26.1,1.0,0.9,0.8,2,1,1.00,CYCLE,N
IND,208,6592,59452,15/01/2019,17:02:23,15,1,25.5,1.0,0.4,0.3,2,1,1.00,CYCLE,N
IND,208,6592,59452,15/01/2019,17:02:25,15,1,23.6,1.0,2.2,2.0,2,1,1.00,CYCLE,N
IND,208,6592,59452,15/01/2019,17:02:26,15,1,24.9,1.2,0.9,0.8,2,1,1.00,CYCLE,N
IND,208,6592,59452,15/01/2019,17:02:27,15,1,22.0,1.0,0.9,0.8,2,1,1.00,CYCLE,N
IND,208,6592,59452,15/01/2019,17:02:27,15,1,26.0,1.0,0.6,0.4,2,1,1.00,CYCLE,N
IND,208,6592,59452,15/01/2019,17:02:28,15,1,23.0,1.0,0.7,0.6,2,1,1.00,CYCLE,N
IND,208,6592,59452,15/01/2019,17:02:31,15,1,24.5,1.0,2.9,2.8,2,1,1.00,CYCLE,N
IND,208,6592,59452,15/01/2019,17:02:31,15,1,24.5,1.0,0.0,0.0,2,1,1.00,CYCLE,N
IND,208,6592,59452,15/01/2019,17:02:33,15,1,23.5,1.1,1.7,1.5,2,1,1.00,CYCLE,N
IND,208,6592,59452,15/01/2019,17:02:34,15,1,22.0,1.0,1.3,1.1,2,1,1.00,CYCLE,N
IND,208,6592,59452,15/01/2019,17:02:40,15,1,28.5,1.0,6.3,6.1,2,1,1.00,CYCLE,N
IND,208,6592,59453,15/01/2019,17:03:01,15,0,21.9,1.1,40.6,40.5,2,1,1.00,CYCLE,S
IND,208,6592,59452,15/01/2019,17:04:01,15,1,33.2,1.1,80.5,80.3,2,1,1.00,CYCLE,N
IND,208,6592,59452,15/01/2019,17:04:01,15,1,36.3,1.1,0.6,0.5,2,1,1.00,CYCLE,N
IND,208,6592,59452,15/01/2019,17:04:06,15,1,37.0,1.0,4.6,4.5,2,1,1.00,CYCLE,N
IND,208,6592,59452,15/01/2019,17:04:06,15,1,37.9,1.1,0.3,0.2,2,1,1.00,CYCLE,N
IND,208,6592,59452,15/01/2019,17:04:06,15,1,31.5,1.0,0.2,0.1,2,1,1.00,CYCLE,N
IND,208,6592,59452,15/01/2019,17:04:07,15,1,27.9,1.0,0.2,0.1,2,1,1.00,CYCLE,N
IND,208,6592,59452,15/01/2019,17:04:07,15,1,34.1,1.0,0.7,0.6,2,1,1.00,CYCLE,N
IND,208,6592,59452,15/01/2019,17:04:08,15,1,35.4,1.0,0.7,0.6,2,1,1.00,CYCLE,N
IND,208,6592,59452,15/01/2019,17:04:09,15,1,31.2,1.0,0.8,0.7,2,1,1.00,CYCLE,N
IND,208,6592,59452,15/01/2019,17:04:09,15,1,32.9,1.0,0.4,0.3,2,1,1.00,CYCLE,N
IND,208,6592,59452,15/01/2019,17:04:11,15,1,31.8,1.0,1.3,1.2,2,1,1.00,CYCLE,N
IND,208,6592,59452,15/01/2019,17:04:13,15,1,24.2,1.1,2.5,2.4,2,1,1.00,CYCLE,N
IND,208,6592,59452,15/01/2019,17:04:13,15,1,28.9,1.0,0.2,0.1,2,1,1.00,CYCLE,N
IND,208,6592,59452,15/01/2019,17:04:15,15,1,29.2,1.1,1.2,1.0,2,1,1.00,CYCLE,N
IND,208,6592,59452,15/01/2019,17:04:16,15,1,26.5,1.0,1.0,0.9,2,1,1.00,CYCLE,N
IND,208,6592,59452,15/01/2019,17:04:17,15,1,27.5,1.1,1.0,0.9,2,1,1.00,CYCLE,N
IND,208,6592,59452,15/01/2019,17:04:18,15,1,27.3,1.0,1.2,1.1,2,1,1.00,CYCLE,N
IND,208,6592,59452,15/01/2019,17:04:20,15,1,25.7,1.0,2.4,2.3,2,1,0.86,CYCLE,N
IND,208,6592,59452,15/01/2019,17:04:22,15,1,24.5,1.0,1.4,1.2,2,1,1.00,CYCLE,N
IND,208,6592,59452,15/01/2019,17:04:24,15,1,21.3,1.1,1.9,1.8,2,1,1.00,CYCLE,N
IND,208,6592,59452,15/01/2019,17:04:25,15,1,21.4,1.1,0.9,0.8,2,1,1.00,CYCLE,N
IND,208,6592,59452,15/01/2019,17:04:25,15,1,20.6,1.0,0.8,0.6,2,1,1.00,CYCLE,N
IND,208,6592,59452,15/01/2019,17:04:27,15,1,21.5,1.1,1.3,1.2,2,1,1.00,CYCLE,N
IND,208,6592,59452,15/01/2019,17:04:27,15,1,21.7,1.1,0.8,0.6,2,1,1.00,CYCLE,N
IND,208,6592,59453,15/01/2019,17:04:57,15,0,22.8,1.0,116.0,115.9,2,1,1.00,CYCLE,S
IND,208,6592,59452,15/01/2019,17:06:00,15,1,29.8,1.1,92.4,92.2,2,1,1.00,CYCLE,N
IND,208,6592,59452,15/01/2019,17:06:00,15,1,29.0,1.1,0.4,0.3,2,1,1.00,CYCLE,N
IND,208,6592,59452,15/01/2019,17:06:01,15,1,32.1,1.0,0.3,0.2,2,1,1.00,CYCLE,N
IND,208,6592,59452,15/01/2019,17:06:05,15,1,24.4,1.1,4.7,4.6,2,1,1.00,CYCLE,N
IND,208,6592,59452,15/01/2019,17:06:06,15,1,26.3,1.0,0.5,0.3,2,1,1.00,CYCLE,N
IND,208,6592,59452,15/01/2019,17:06:09,15,1,30.0,1.0,3.1,3.0,2,1,0.73,CYCLE,N
IND,208,6592,59452,15/01/2019,17:06:09,15,1,30.0,1.0,0.0,0.0,2,1,0.73,CYCLE,N
IND,208,6592,59453,15/01/2019,17:06:10,15,0,24.1,1.0,72.8,72.6,2,1,0.44,CYCLE,S
IND,208,6592,59453,15/01/2019,17:06:10,15,0,24.1,1.0,0.0,0.0,2,1,0.44,CYCLE,S
IND,208,6592,59452,15/01/2019,17:06:12,15,1,26.3,1.0,3.3,3.2,2,1,1.00,CYCLE,N
IND,208,6592,59453,15/01/2019,17:06:18,15,0,25.7,1.0,8.4,8.0,2,1,1.00,CYCLE,S
IND,208,6592,59452,15/01/2019,17:06:32,15,1,27.3,1.0,19.5,19.4,2,1,1.00,CYCLE,N
IND,208,6592,59452,15/01/2019,17:06:32,15,1,28.0,1.1,0.5,0.3,2,1,1.00,CYCLE,N
IND,208,6592,59452,15/01/2019,17:06:33,15,1,31.9,1.0,1.0,0.9,2,1,1.00,CYCLE,N
IND,208,6592,59452,15/01/2019,17:06:36,15,1,23.4,1.0,2.3,2.2,2,1,1.00,CYCLE,N
IND,208,6592,59452,15/01/2019,17:06:38,15,1,26.0,1.1,2.2,2.0,2,1,1.00,CYCLE,N
IND,208,6592,59452,15/01/2019,17:06:39,15,1,30.5,1.0,0.8,0.6,2,1,0.75,CYCLE,N
IND,208,6592,59452,15/01/2019,17:06:41,15,1,22.4,1.1,2.8,2.6,2,1,1.00,CYCLE,N
IND,208,6592,59452,15/01/2019,17:06:42,15,1,23.8,1.0,0.4,0.3,2,1,1.00,CYCLE,N
IND,208,6592,59452,15/01/2019,17:06:42,15,1,23.8,1.0,0.0,0.0,2,1,1.00,CYCLE,N
IND,208,6592,59452,15/01/2019,17:06:44,15,1,22.1,1.0,2.6,2.3,2,1,1.00,CYCLE,N
IND,208,6592,59452,15/01/2019,17:06:48,15,1,17.5,1.0,4.2,4.0,2,1,1.00,CYCLE,N
IND,208,6592,59452,15/01/2019,17:08:02,15,1,29.8,1.0,73.8,73.5,2,1,1.00,CYCLE,N
IND,208,6592,59452,15/01/2019,17:08:03,15,1,30.7,1.1,0.4,0.3,2,1,1.00,CYCLE,N
IND,208,6592,59452,15/01/2019,17:08:03,15,1,29.7,1.0,0.8,0.7,2,1,1.00,CYCLE,N
IND,208,6592,59452,15/01/2019,17:08:04,15,1,29.0,1.1,0.6,0.5,2,1,1.00,CYCLE,N
IND,208,6592,59452,15/01/2019,17:08:05,15,1,28.5,1.0,0.7,0.5,2,1,1.00,CYCLE,N
IND,208,6592,59452,15/01/2019,17:08:06,15,1,29.1,1.0,1.1,1.0,2,1,1.00,CYCLE,N
IND,208,6592,59452,15/01/2019,17:08:08,15,1,27.7,1.1,2.6,2.5,2,1,1.00,CYCLE,N
IND,208,6592,59452,15/01/2019,17:08:09,15,1,25.8,1.1,1.0,0.9,2,1,1.00,CYCLE,N
IND,208,6592,59452,15/01/2019,17:08:10,15,1,26.7,1.1,0.6,0.5,2,1,1.00,CYCLE,N
IND,208,6592,59452,15/01/2019,17:08:14,15,1,25.0,1.0,3.6,3.5,2,1,1.00,CYCLE,N
IND,208,6592,59452,15/01/2019,17:08:14,15,1,24.4,1.0,0.6,0.5,2,1,1.00,CYCLE,N
IND,208,6592,59452,15/01/2019,17:08:16,15,1,27.7,1.1,1.6,1.4,2,1,1.00,CYCLE,N
IND,208,6592,59452,15/01/2019,17:08:16,15,1,24.3,1.0,0.4,0.3,2,1,1.00,CYCLE,N
IND,208,6592,59452,15/01/2019,17:08:22,15,1,27.8,1.0,5.6,5.5,2,1,1.00,CYCLE,N
IND,208,6592,59452,15/01/2019,17:08:23,15,1,23.1,1.1,0.7,0.5,2,1,1.00,CYCLE,N
IND,208,6592,59452,15/01/2019,17:08:33,15,1,21.0,1.1,10.6,10.4,2,1,1.00,CYCLE,N
IND,208,6592,59453,15/01/2019,17:08:44,15,0,27.2,1.0,145.9,145.7,2,1,1.00,CYCLE,S
IND,208,6592,59452,15/01/2019,17:08:44,15,1,21.7,1.1,11.3,11.1,2,1,1.00,CYCLE,N
IND,208,6592,59452,15/01/2019,17:10:03,15,1,30.0,1.1,78.8,78.6,2,1,1.00,CYCLE,N
IND,208,6592,59452,15/01/2019,17:10:09,15,1,25.8,1.0,6.1,6.0,2,1,1.00,CYCLE,N
IND,208,6592,59452,15/01/2019,17:10:10,15,1,32.5,1.0,0.3,0.1,2,1,1.00,CYCLE,N
IND,208,6592,59452,15/01/2019,17:10:10,15,1,27.7,1.0,0.3,0.2,2,1,1.14,CYCLE,N
IND,208,6592,59452,15/01/2019,17:10:10,15,1,27.7,1.0,0.0,0.0,2,1,1.14,CYCLE,N
IND,208,6592,59452,15/01/2019,17:10:11,15,1,28.8,1.0,0.9,0.7,2,1,1.00,CYCLE,N
IND,208,6592,59452,15/01/2019,17:10:12,15,1,28.9,1.0,1.5,1.3,2,1,1.00,CYCLE,N
IND,208,6592,59452,15/01/2019,17:10:17,15,1,30.5,1.0,5.1,4.9,2,1,0.29,CYCLE,N
IND,208,6592,59452,15/01/2019,17:10:19,15,1,23.4,1.1,1.5,1.0,2,1,1.00,CYCLE,N
IND,208,6592,59452,15/01/2019,17:10:19,15,1,23.8,1.1,0.5,0.4,2,1,1.00,CYCLE,N
IND,208,6592,59452,15/01/2019,17:10:22,15,1,23.3,1.0,2.2,2.1,2,1,1.00,CYCLE,N
IND,208,6592,59452,15/01/2019,17:10:33,15,1,23.6,1.1,11.0,10.8,2,1,1.00,CYCLE,N
IND,208,6592,59452,15/01/2019,17:10:42,15,1,18.4,1.1,9.8,9.6,2,1,1.00,CYCLE,N
IND,208,6592,59452,15/01/2019,17:10:44,15,1,18.1,1.1,1.7,1.5,2,1,1.00,CYCLE,N
IND,208,6592,59452,15/01/2019,17:10:56,15,1,20.5,1.1,11.6,11.3,2,1,1.00,CYCLE,N
IND,208,6592,59452,15/01/2019,17:11:48,15,1,34.7,1.0,52.4,52.2,2,1,1.00,CYCLE,N
IND,208,6592,59452,15/01/2019,17:11:50,15,1,35.3,1.0,2.0,1.9,2,1,1.00,CYCLE,N
IND,208,6592,59452,15/01/2019,17:11:54,15,1,37.5,1.0,3.9,3.8,2,1,1.00,CYCLE,N
IND,208,6592,59452,15/01/2019,17:11:56,15,1,33.2,1.0,2.4,2.4,2,1,1.00,CYCLE,N
IND,208,6592,59452,15/01/2019,17:11:57,15,1,33.5,1.0,0.4,0.3,2,1,1.00,CYCLE,N
IND,208,6592,59452,15/01/2019,17:11:58,15,1,33.2,1.0,1.4,1.3,2,1,1.00,CYCLE,N
IND,208,6592,59452,15/01/2019,17:11:59,15,1,31.0,1.0,0.9,0.8,2,1,1.00,CYCLE,N
IND,208,6592,59452,15/01/2019,17:12:00,15,1,31.1,1.0,0.9,0.8,2,1,1.00,CYCLE,N
IND,208,6592,59452,15/01/2019,17:12:01,15,1,30.5,1.0,1.2,1.0,2,1,1.00,CYCLE,N
IND,208,6592,59452,15/01/2019,17:12:02,15,1,30.5,1.0,0.8,0.7,2,1,1.00,CYCLE,N
IND,208,6592,59452,15/01/2019,17:12:04,15,1,29.8,1.0,2.1,2.0,2,1,1.00,CYCLE,N
IND,208,6592,59452,15/01/2019,17:12:05,15,1,27.0,1.0,0.8,0.7,2,1,1.00,CYCLE,N
IND,208,6592,59452,15/01/2019,17:12:06,15,1,27.6,1.0,0.7,0.6,2,1,1.00,CYCLE,N
IND,208,6592,59452,15/01/2019,17:12:09,15,1,31.3,1.0,3.6,3.5,2,1,1.00,CYCLE,N
IND,208,6592,59452,15/01/2019,17:12:10,15,1,31.3,1.0,0.3,0.2,2,1,1.00,CYCLE,N
IND,208,6592,59452,15/01/2019,17:12:11,15,1,25.3,1.1,1.1,1.0,2,1,1.00,CYCLE,N
IND,208,6592,59452,15/01/2019,17:12:13,15,1,26.4,1.1,2.2,2.0,2,1,1.00,CYCLE,N
IND,208,6592,59452,15/01/2019,17:12:16,15,1,25.8,1.1,3.4,3.2,2,1,1.00,CYCLE,N
IND,208,6592,59452,15/01/2019,17:12:17,15,1,26.5,1.0,0.4,0.3,2,1,1.00,CYCLE,N
IND,208,6592,59452,15/01/2019,17:12:18,15,1,22.1,1.1,1.0,0.9,2,1,1.00,CYCLE,N
IND,208,6592,59452,15/01/2019,17:12:19,15,1,25.5,1.1,0.9,0.7,2,1,1.00,CYCLE,N
IND,208,6592,59452,15/01/2019,17:12:20,15,1,25.6,1.1,1.2,1.1,2,1,1.00,CYCLE,N
IND,208,6592,59452,15/01/2019,17:12:23,15,1,25.1,1.1,3.3,3.1,2,1,1.00,CYCLE,N
IND,208,6592,59452,15/01/2019,17:12:25,15,1,25.0,1.0,1.9,1.7,2,1,1.00,CYCLE,N
IND,208,6592,59452,15/01/2019,17:12:31,15,1,22.9,1.1,6.1,6.0,2,1,1.00,CYCLE,N
IND,208,6592,59452,15/01/2019,17:12:33,15,1,23.9,1.1,2.3,2.1,2,1,1.00,CYCLE,N
IND,208,6592,59452,15/01/2019,17:12:36,15,1,22.0,1.1,2.1,2.0,2,1,1.00,CYCLE,N
IND,208,6592,59452,15/01/2019,17:13:55,15,1,22.4,0.8,79.7,79.5,2,1,0.80,CYCLE,N
IND,208,6592,59452,15/01/2019,17:13:58,15,1,30.8,1.1,2.5,2.4,2,1,1.00,CYCLE,N
IND,208,6592,59452,15/01/2019,17:13:58,15,1,31.6,1.0,0.5,0.4,2,1,1.00,CYCLE,N
IND,208,6592,59452,15/01/2019,17:14:03,15,1,27.6,1.0,1.8,1.7,2,1,1.00,CYCLE,N
IND,208,6592,59452,15/01/2019,17:14:03,15,1,26.6,1.0,0.5,0.3,2,1,1.00,CYCLE,N
IND,208,6592,59452,15/01/2019,17:14:06,15,1,29.6,1.1,2.9,2.8,2,1,1.00,CYCLE,N
IND,208,6592,59452,15/01/2019,17:14:09,15,1,30.3,1.0,2.0,1.9,2,1,1.00,CYCLE,N
IND,208,6592,59452,15/01/2019,17:14:25,15,1,23.0,1.1,15.4,15.3,2,1,1.00,CYCLE,N
IND,208,6592,59452,15/01/2019,17:14:26,15,1,22.4,1.1,1.0,0.8,2,1,1.00,CYCLE,N
IND,208,6592,59452,15/01/2019,17:14:33,15,1,19.9,1.1,7.7,7.6,2,1,1.00,CYCLE,N
IND,208,6592,59452,15/01/2019,17:14:58,15,1,16.6,1.1,24.6,24.4,2,1,1.00,CYCLE,N
IND,208,6592,59453,15/01/2019,17:15:12,15,0,21.6,1.1,387.5,387.4,2,1,1.00,CYCLE,S
IND,208,6592,59452,15/01/2019,17:15:51,15,1,25.3,1.1,53.2,52.9,2,1,1.00,CYCLE,N
IND,208,6592,59452,15/01/2019,17:16:03,15,1,33.6,1.0,12.5,12.3,2,1,1.00,CYCLE,N
IND,208,6592,59452,15/01/2019,17:16:08,15,1,28.1,1.0,4.4,4.3,2,1,1.00,CYCLE,N
IND,208,6592,59452,15/01/2019,17:16:09,15,1,27.0,1.1,1.1,1.0,2,1,1.00,CYCLE,N
IND,208,6592,59452,15/01/2019,17:16:10,15,1,27.2,1.1,0.7,0.6,2,1,1.00,CYCLE,N
IND,208,6592,59452,15/01/2019,17:16:10,15,1,32.1,1.0,0.5,0.4,2,1,1.00,CYCLE,N
IND,208,6592,59452,15/01/2019,17:16:11,15,1,28.4,1.1,1.1,1.0,2,1,1.00,CYCLE,N
IND,208,6592,59452,15/01/2019,17:16:12,15,1,34.1,1.0,0.6,0.5,2,1,1.00,CYCLE,N
IND,208,6592,59452,15/01/2019,17:16:14,15,1,27.5,1.1,1.9,1.8,2,1,1.00,CYCLE,N
IND,208,6592,59452,15/01/2019,17:16:15,15,1,24.2,1.1,1.0,0.8,2,1,1.00,CYCLE,N
IND,208,6592,59452,15/01/2019,17:16:16,15,1,28.0,1.1,0.7,0.5,2,1,1.00,CYCLE,N
IND,208,6592,59452,15/01/2019,17:16:16,15,1,25.5,1.0,0.6,0.5,2,1,1.00,CYCLE,N
IND,208,6592,59452,15/01/2019,17:16:19,15,1,24.3,1.1,2.8,2.7,2,1,1.00,CYCLE,N
IND,208,6592,59452,15/01/2019,17:16:20,15,1,26.8,1.1,0.7,0.5,2,1,1.00,CYCLE,N
IND,208,6592,59452,15/01/2019,17:16:24,15,1,24.0,1.0,4.5,4.3,2,1,1.00,CYCLE,N
IND,208,6592,59452,15/01/2019,17:16:25,15,1,28.3,1.1,1.0,0.9,2,1,1.00,CYCLE,N
IND,208,6592,59452,15/01/2019,17:16:26,15,1,18.3,1.0,1.2,1.1,2,1,0.33,CYCLE,N
IND,208,6592,59452,15/01/2019,17:16:30,15,1,22.3,1.1,3.3,3.1,2,1,1.00,CYCLE,N
IND,208,6592,59453,15/01/2019,17:16:44,15,0,24.5,1.1,92.8,92.7,2,1,1.00,CYCLE,S
IND,208,6592,59453,15/01/2019,17:16:49,15,0,25.7,1.1,4.4,4.2,2,1,1.00,CYCLE,S
IND,208,6592,59452,15/01/2019,17:17:08,15,1,22.0,1.1,38.0,37.8,2,1,1.00,CYCLE,N
IND,208,6592,59452,15/01/2019,17:17:57,15,1,29.5,1.1,49.0,48.8,2,1,1.00,CYCLE,N
IND,208,6592,59452,15/01/2019,17:18:01,15,1,34.1,1.0,4.0,3.9,2,1,1.00,CYCLE,N
IND,208,6592,59452,15/01/2019,17:18:01,15,1,34.6,1.1,0.4,0.3,2,1,1.00,CYCLE,N
IND,208,6592,59452,15/01/2019,17:18:02,15,1,33.3,1.0,0.8,0.7,2,1,1.00,CYCLE,N
IND,208,6592,59452,15/01/2019,17:18:04,15,1,25.0,1.1,2.3,2.2,2,1,1.00,CYCLE,N
IND,208,6592,59452,15/01/2019,17:18:05,15,1,29.4,1.0,1.3,1.2,2,1,1.00,CYCLE,N
IND,208,6592,59452,15/01/2019,17:18:07,15,1,29.7,1.1,1.1,1.0,2,1,1.00,CYCLE,N
IND,208,6592,59452,15/01/2019,17:18:08,15,1,29.8,1.1,0.9,0.8,2,1,1.00,CYCLE,N
IND,208,6592,59453,15/01/2019,17:18:08,15,0,19.9,1.0,79.6,79.5,2,1,1.00,CYCLE,S
IND,208,6592,59452,15/01/2019,17:18:10,15,1,32.0,1.1,2.8,2.6,2,1,1.00,CYCLE,N
IND,208,6592,59452,15/01/2019,17:18:12,15,1,33.0,1.0,1.2,1.1,2,1,1.00,CYCLE,N
IND,208,6592,59452,15/01/2019,17:18:12,15,1,33.0,1.0,0.0,0.0,2,1,1.00,CYCLE,N
IND,208,6592,59452,15/01/2019,17:18:12,15,1,33.0,1.0,0.0,0.0,2,1,1.00,CYCLE,N
IND,208,6592,59452,15/01/2019,17:18:12,15,1,29.6,1.1,0.9,0.4,2,1,1.00,CYCLE,N
IND,208,6592,59452,15/01/2019,17:18:15,15,1,28.0,1.0,2.3,2.2,2,1,1.00,CYCLE,N
IND,208,6592,59452,15/01/2019,17:18:16,15,1,28.2,1.0,1.2,1.0,2,1,1.00,CYCLE,N
IND,208,6592,59452,15/01/2019,17:18:17,15,1,31.7,1.0,1.2,1.1,2,1,1.00,CYCLE,N
IND,208,6592,59452,15/01/2019,17:18:19,15,1,29.2,1.1,1.4,1.3,2,1,1.00,CYCLE,N
IND,208,6592,59452,15/01/2019,17:18:19,15,1,26.3,1.0,0.6,0.4,2,1,1.00,CYCLE,N
IND,208,6592,59452,15/01/2019,17:18:24,15,1,24.1,1.0,4.4,4.3,2,1,1.00,CYCLE,N
IND,208,6592,59452,15/01/2019,17:18:24,15,1,23.7,1.0,0.4,0.2,2,1,1.00,CYCLE,N
IND,208,6592,59452,15/01/2019,17:18:24,15,1,29.0,1.1,0.5,0.3,2,1,1.00,CYCLE,N
IND,208,6592,59452,15/01/2019,17:18:25,15,1,24.6,1.1,0.5,0.4,2,1,1.00,CYCLE,N
IND,208,6592,59452,15/01/2019,17:18:25,15,1,24.6,1.0,0.6,0.4,2,1,1.00,CYCLE,N
IND,208,6592,59452,15/01/2019,17:18:28,15,1,26.9,1.1,2.4,2.3,2,1,1.00,CYCLE,N
IND,208,6592,59452,15/01/2019,17:18:28,15,1,26.9,1.0,0.3,0.2,2,1,1.00,CYCLE,N
IND,208,6592,59452,15/01/2019,17:18:29,15,1,24.7,1.0,0.4,0.3,2,1,1.00,CYCLE,N
IND,208,6592,59452,15/01/2019,17:18:29,15,1,27.8,1.0,0.4,0.2,2,1,1.00,CYCLE,N
IND,208,6592,59452,15/01/2019,17:18:31,15,1,23.7,1.1,1.9,1.8,2,1,1.00,CYCLE,N
IND,208,6592,59452,15/01/2019,17:18:32,15,1,23.3,1.1,0.8,0.7,2,1,1.00,CYCLE,N
IND,208,6592,59452,15/01/2019,17:18:33,15,1,24.1,1.1,1.4,1.2,2,1,1.00,CYCLE,N
IND,208,6592,59452,15/01/2019,17:18:39,15,1,21.2,1.1,5.7,5.6,2,1,1.00,CYCLE,N
IND,208,6592,59452,15/01/2019,17:18:46,15,1,21.3,1.1,7.5,7.3,2,1,1.00,CYCLE,N
IND,208,6592,59452,15/01/2019,17:19:55,15,1,28.7,1.0,0.4,0.3,2,1,1.00,CYCLE,N
IND,208,6592,59452,15/01/2019,17:20:06,15,1,24.9,1.1,11.3,11.2,2,1,1.00,CYCLE,N
IND,208,6592,59452,15/01/2019,17:20:07,15,1,25.9,1.1,0.5,0.4,2,1,1.00,CYCLE,N
IND,208,6592,59452,15/01/2019,17:20:07,15,1,25.3,1.0,0.3,0.2,2,1,1.00,CYCLE,N
IND,208,6592,59453,15/01/2019,17:20:12,15,0,24.1,1.0,123.6,123.4,2,1,1.00,CYCLE,S
IND,208,6592,59452,15/01/2019,17:20:16,15,1,24.2,1.0,8.7,8.5,2,1,1.00,CYCLE,N
IND,208,6592,59452,15/01/2019,17:20:17,15,1,27.3,1.1,1.3,1.1,2,1,1.00,CYCLE,N
IND,208,6592,59452,15/01/2019,17:20:23,15,1,26.4,1.0,5.6,5.4,2,1,1.00,CYCLE,N
IND,208,6592,59452,15/01/2019,17:20:24,15,1,28.9,1.0,1.1,0.9,2,1,1.00,CYCLE,N
IND,208,6592,59452,15/01/2019,17:21:58,15,1,36.0,1.0,94.5,94.4,2,1,1.00,CYCLE,N
IND,208,6592,59452,15/01/2019,17:21:59,15,1,36.4,1.1,1.2,1.1,2,1,1.00,CYCLE,N
IND,208,6592,59452,15/01/2019,17:22:01,15,1,37.1,1.0,1.6,1.5,2,1,1.00,CYCLE,N
IND,208,6592,59452,15/01/2019,17:22:04,15,1,31.2,1.1,3.1,3.0,2,1,1.00,CYCLE,N
IND,208,6592,59452,15/01/2019,17:22:05,15,1,32.0,1.1,0.4,0.2,2,1,1.00,CYCLE,N
IND,208,6592,59452,15/01/2019,17:22:08,15,1,29.1,1.1,3.6,3.5,2,1,1.00,CYCLE,N
IND,208,6592,59452,15/01/2019,17:22:08,15,1,31.7,1.1,0.2,0.1,2,1,1.00,CYCLE,N
IND,208,6592,59452,15/01/2019,17:22:09,15,1,27.5,1.0,0.7,0.6,2,1,1.00,CYCLE,N
IND,208,6592,59452,15/01/2019,17:22:10,15,1,29.5,1.0,1.1,0.9,2,1,1.00,CYCLE,N
IND,208,6592,59452,15/01/2019,17:22:11,15,1,33.9,1.1,0.7,0.6,2,1,1.00,CYCLE,N
IND,208,6592,59452,15/01/2019,17:22:12,15,1,30.8,1.0,0.7,0.6,2,1,1.00,CYCLE,N
IND,208,6592,59452,15/01/2019,17:22:14,15,1,34.1,1.1,2.5,2.3,2,1,1.00,CYCLE,N
IND,208,6592,59452,15/01/2019,17:22:14,15,1,27.6,1.0,0.2,0.1,2,1,1.00,CYCLE,N
IND,208,6592,59452,15/01/2019,17:22:15,15,1,29.7,1.0,1.0,0.8,2,1,1.00,CYCLE,N
IND,208,6592,59452,15/01/2019,17:22:19,15,1,27.3,1.0,3.4,3.3,2,1,1.00,CYCLE,N
IND,208,6592,59452,15/01/2019,17:22:19,15,1,24.5,1.0,0.4,0.3,2,1,1.00,CYCLE,N
IND,208,6592,59452,15/01/2019,17:22:23,15,1,21.5,1.1,4.1,3.9,2,1,1.00,CYCLE,N
IND,208,6592,59452,15/01/2019,17:23:00,15,1,24.7,1.0,36.5,36.3,2,1,1.00,CYCLE,N
IND,208,6592,59452,15/01/2019,17:23:48,15,1,38.4,1.1,48.6,48.4,2,1,1.00,CYCLE,N
IND,208,6592,59452,15/01/2019,17:23:53,15,1,34.4,1.0,4.4,4.3,2,1,1.00,CYCLE,N
IND,208,6592,59452,15/01/2019,17:23:55,15,1,31.1,1.1,2.9,2.8,2,1,1.00,CYCLE,N
IND,208,6592,59452,15/01/2019,17:23:56,15,1,31.3,1.1,0.7,0.5,2,1,1.00,CYCLE,N
IND,208,6592,59452,15/01/2019,17:23:57,15,1,31.4,1.0,0.5,0.4,2,1,1.00,CYCLE,N
IND,208,6592,59452,15/01/2019,17:23:58,15,1,32.6,1.1,1.1,1.0,2,1,1.00,CYCLE,N
IND,208,6592,59452,15/01/2019,17:24:00,15,1,31.5,1.0,2.1,2.0,2,1,1.00,CYCLE,N
IND,208,6592,59452,15/01/2019,17:24:02,15,1,29.2,1.1,2.5,2.4,2,1,1.00,CYCLE,N
IND,208,6592,59452,15/01/2019,17:24:05,15,1,28.6,1.1,2.5,2.4,2,1,1.00,CYCLE,N
IND,208,6592,59452,15/01/2019,17:24:05,15,1,26.7,1.1,0.3,0.1,2,1,1.00,CYCLE,N
IND,208,6592,59452,15/01/2019,17:24:07,15,1,29.4,1.0,1.9,1.8,2,1,1.00,CYCLE,N
IND,208,6592,59452,15/01/2019,17:24:09,15,1,27.8,1.1,2.3,2.2,2,1,1.00,CYCLE,N
IND,208,6592,59453,15/01/2019,17:24:10,15,0,26.8,1.1,237.5,237.4,2,1,1.00,CYCLE,S
IND,208,6592,59452,15/01/2019,17:24:20,15,1,21.3,1.1,10.4,10.3,2,1,1.00,CYCLE,N
IND,208,6592,59452,15/01/2019,17:24:22,15,1,24.4,1.1,2.0,1.8,2,1,1.00,CYCLE,N
IND,208,6592,59452,15/01/2019,17:24:32,15,1,22.3,1.0,9.9,9.8,2,1,1.00,CYCLE,N
IND,208,6592,59453,15/01/2019,17:25:51,15,0,23.4,1.0,101.5,101.3,2,1,1.00,CYCLE,S
IND,208,6592,59452,15/01/2019,17:26:06,15,1,27.2,1.0,94.7,94.5,2,1,1.00,CYCLE,N
IND,208,6592,59452,15/01/2019,17:26:12,15,1,26.1,1.0,5.8,5.7,2,1,1.00,CYCLE,N
IND,208,6592,59452,15/01/2019,17:26:15,15,1,26.4,1.0,3.3,3.1,2,1,1.00,CYCLE,N
IND,208,6592,59452,15/01/2019,17:26:20,15,1,28.2,1.0,4.6,4.4,2,1,1.00,CYCLE,N
IND,208,6592,59453,15/01/2019,17:27:37,15,0,27.1,1.0,105.6,105.4,2,1,1.00,CYCLE,S
IND,208,6592,59452,15/01/2019,17:27:42,15,1,37.0,1.0,82.4,82.3,2,1,0.50,CYCLE,N
IND,208,6592,59453,15/01/2019,17:27:42,15,0,37.0,1.0,0.0,0.0,2,1,0.50,CYCLE,S
IND,208,6592,59452,15/01/2019,17:27:44,15,1,38.5,1.0,1.7,1.4,2,1,1.00,CYCLE,N
IND,208,6592,59452,15/01/2019,17:27:45,15,1,39.2,1.0,1.1,1.0,2,1,1.00,CYCLE,N
IND,208,6592,59452,15/01/2019,17:27:50,15,1,27.0,1.0,4.8,4.8,2,1,1.00,CYCLE,N
IND,208,6592,59452,15/01/2019,17:27:56,15,1,29.0,1.1,6.0,5.8,2,1,1.00,CYCLE,N
IND,208,6592,59452,15/01/2019,17:27:58,15,1,30.7,1.0,1.5,1.4,2,1,1.00,CYCLE,N
IND,208,6592,59452,15/01/2019,17:27:59,15,1,31.3,1.0,1.1,1.0,2,1,1.00,CYCLE,N
IND,208,6592,59452,15/01/2019,17:28:02,15,1,26.6,1.1,3.2,3.1,2,1,1.00,CYCLE,N
IND,208,6592,59452,15/01/2019,17:28:04,15,1,28.3,1.0,2.1,1.9,2,1,1.00,CYCLE,N
IND,208,6592,59452,15/01/2019,17:28:07,15,1,34.7,1.0,3.2,3.1,2,1,1.00,CYCLE,N
IND,208,6592,59452,15/01/2019,17:28:08,15,1,24.2,1.0,0.4,0.3,2,1,1.00,CYCLE,N
IND,208,6592,59452,15/01/2019,17:28:08,15,1,25.1,1.0,0.5,0.3,2,1,1.00,CYCLE,N
IND,208,6592,59452,15/01/2019,17:28:10,15,1,28.7,1.1,2.1,2.0,2,1,1.00,CYCLE,N
IND,208,6592,59452,15/01/2019,17:28:14,15,1,24.9,1.1,3.5,3.3,2,1,1.00,CYCLE,N
IND,208,6592,59452,15/01/2019,17:28:18,15,1,24.3,1.1,4.1,4.0,2,1,1.00,CYCLE,N
IND,208,6592,59452,15/01/2019,17:29:00,15,1,28.4,1.1,42.3,42.2,2,1,1.00,CYCLE,N
IND,208,6592,59452,15/01/2019,17:30:01,15,1,32.2,1.0,61.0,60.9,2,1,1.00,CYCLE,N
IND,208,6592,59452,15/01/2019,17:30:02,15,1,31.0,1.1,0.4,0.3,2,1,1.00,CYCLE,N
IND,208,6592,59452,15/01/2019,17:30:02,15,1,33.6,1.1,0.3,0.2,2,1,1.00,CYCLE,N
IND,208,6592,59452,15/01/2019,17:30:03,15,1,32.0,1.0,0.6,0.5,2,1,1.00,CYCLE,N
IND,208,6592,59452,15/01/2019,17:30:04,15,1,31.5,1.1,1.0,0.9,2,1,1.00,CYCLE,N
IND,208,6592,59452,15/01/2019,17:30:05,15,1,30.0,1.0,1.6,1.5,2,1,1.00,CYCLE,N
IND,208,6592,59452,15/01/2019,17:30:06,15,1,30.0,1.0,0.8,0.7,2,1,1.00,CYCLE,N
IND,208,6592,59452,15/01/2019,17:30:10,15,1,27.7,1.1,3.8,3.7,2,1,1.00,CYCLE,N
IND,208,6592,59452,15/01/2019,17:30:10,15,1,30.0,1.0,0.7,0.6,2,1,0.86,CYCLE,N
IND,208,6592,59452,15/01/2019,17:30:11,15,1,29.7,1.0,0.7,0.4,2,1,1.00,CYCLE,N
IND,208,6592,59452,15/01/2019,17:30:12,15,1,27.9,1.2,1.2,1.1,2,1,1.00,CYCLE,N
IND,208,6592,59452,15/01/2019,17:30:13,15,1,27.0,1.0,0.2,0.1,2,1,1.00,CYCLE,N
IND,208,6592,59452,15/01/2019,17:30:17,15,1,25.9,1.0,4.9,4.8,2,1,1.00,CYCLE,N
IND,208,6592,59452,15/01/2019,17:31:22,15,1,26.2,1.0,64.2,64.0,2,1,1.00,CYCLE,N
IND,208,6592,59452,15/01/2019,17:31:22,15,1,26.7,1.1,0.5,0.4,2,1,1.00,CYCLE,N
IND,208,6592,59452,15/01/2019,17:31:23,15,1,26.2,1.0,1.2,1.1,2,1,1.00,CYCLE,N
IND,208,6592,59452,15/01/2019,17:31:27,15,1,28.0,1.1,4.0,3.9,2,1,1.00,CYCLE,N
IND,208,6592,59453,15/01/2019,17:31:42,15,0,19.6,1.0,245.3,245.2,2,1,1.00,CYCLE,S
IND,208,6592,59452,15/01/2019,17:32:01,15,1,28.9,1.0,33.8,33.7,2,1,1.00,CYCLE,N
IND,208,6592,59452,15/01/2019,17:32:33,15,1,21.3,1.0,32.1,32.0,2,1,1.00,CYCLE,N
IND,208,6592,59452,15/01/2019,17:32:44,15,1,33.6,1.1,10.2,10.0,2,1,1.00,CYCLE,N
IND,208,6592,59452,15/01/2019,17:32:45,15,1,32.2,1.1,1.5,1.4,2,1,1.00,CYCLE,N
IND,208,6592,59452,15/01/2019,17:32:46,15,1,32.9,1.1,0.6,0.5,2,1,1.00,CYCLE,N
IND,208,6592,59452,15/01/2019,17:32:47,15,1,32.4,1.0,1.1,0.9,2,1,1.00,CYCLE,N
IND,208,6592,59452,15/01/2019,17:32:48,15,1,32.1,1.0,0.9,0.8,2,1,1.00,CYCLE,N
IND,208,6592,59452,15/01/2019,17:32:49,15,1,31.2,1.0,1.2,1.1,2,1,1.00,CYCLE,N
IND,208,6592,59452,15/01/2019,17:32:49,15,1,28.6,1.1,0.6,0.4,2,1,1.00,CYCLE,N
IND,208,6592,59452,15/01/2019,17:32:52,15,1,25.9,1.0,2.7,2.5,2,1,1.00,CYCLE,N
IND,208,6592,59452,15/01/2019,17:32:53,15,1,27.4,1.1,0.6,0.5,2,1,1.00,CYCLE,N
IND,208,6592,59452,15/01/2019,17:32:54,15,1,27.3,1.0,1.1,1.0,2,1,1.00,CYCLE,N
IND,208,6592,59452,15/01/2019,17:32:55,15,1,27.7,1.0,1.1,1.0,2,1,1.00,CYCLE,N
IND,208,6592,59452,15/01/2019,17:32:58,15,1,26.0,1.0,2.6,2.5,2,1,1.00,CYCLE,N
IND,208,6592,59452,15/01/2019,17:32:58,15,1,26.0,1.0,0.0,0.0,2,1,1.00,CYCLE,N
IND,208,6592,59452,15/01/2019,17:32:59,15,1,29.0,1.1,1.0,0.8,2,1,1.00,CYCLE,N
IND,208,6592,59452,15/01/2019,17:33:00,15,1,26.9,1.0,1.3,1.2,2,1,1.00,CYCLE,N
IND,208,6592,59452,15/01/2019,17:33:02,15,1,23.8,1.0,2.4,2.3,2,1,1.00,CYCLE,N
IND,208,6592,59452,15/01/2019,17:33:05,15,1,22.8,1.1,2.4,2.2,2,1,1.00,CYCLE,N
IND,208,6592,59452,15/01/2019,17:33:06,15,1,22.2,1.0,1.3,1.1,2,1,1.00,CYCLE,N
IND,208,6592,59452,15/01/2019,17:33:07,15,1,21.8,1.1,1.4,1.2,2,1,1.00,CYCLE,N
IND,208,6592,59452,15/01/2019,17:33:09,15,1,20.4,1.1,1.7,1.6,2,1,1.00,CYCLE,N
IND,208,6592,59452,15/01/2019,17:34:12,15,1,33.3,1.1,63.1,62.9,2,1,1.00,CYCLE,N
IND,208,6592,59452,15/01/2019,17:34:13,15,1,29.4,1.0,0.4,0.3,2,1,1.00,CYCLE,N
IND,208,6592,59452,15/01/2019,17:34:14,15,1,31.8,1.0,1.6,1.5,2,1,1.00,CYCLE,N
IND,208,6592,59452,15/01/2019,17:34:16,15,1,29.6,1.0,1.5,1.4,2,1,1.00,CYCLE,N
IND,208,6592,59452,15/01/2019,17:34:16,15,1,30.1,1.0,0.3,0.2,2,1,1.00,CYCLE,N
IND,208,6592,59452,15/01/2019,17:34:17,15,1,30.7,1.0,1.0,0.9,2,1,1.00,CYCLE,N
IND,208,6592,59452,15/01/2019,17:34:19,15,1,28.1,1.0,1.6,1.5,2,1,1.00,CYCLE,N
IND,208,6592,59452,15/01/2019,17:34:20,15,1,31.5,1.0,1.5,1.4,2,1,1.00,CYCLE,N
IND,208,6592,59452,15/01/2019,17:34:22,15,1,24.1,1.1,1.9,1.8,2,1,1.00,CYCLE,N
IND,208,6592,59452,15/01/2019,17:34:23,15,1,26.5,1.1,1.1,0.9,2,1,1.00,CYCLE,N
IND,208,6592,59452,15/01/2019,17:34:24,15,1,24.0,1.1,0.5,0.3,2,1,1.00,CYCLE,N
IND,208,6592,59452,15/01/2019,17:34:27,15,1,22.7,1.0,3.2,3.1,2,1,1.00,CYCLE,N
IND,208,6592,59453,15/01/2019,17:34:50,15,0,32.2,1.0,187.9,187.7,2,1,1.00,CYCLE,S
IND,208,6592,59453,15/01/2019,17:35:37,15,0,23.3,1.0,47.2,47.1,2,1,1.00,CYCLE,S
IND,208,6592,59452,15/01/2019,17:35:45,15,1,30.8,1.0,78.1,78.0,2,1,1.00,CYCLE,N
IND,208,6592,59452,15/01/2019,17:35:48,15,1,31.6,1.0,3.5,3.4,2,1,1.00,CYCLE,N
IND,208,6592,59452,15/01/2019,17:36:42,15,1,33.2,1.0,53.1,52.9,2,1,1.00,CYCLE,N
IND,208,6592,59452,15/01/2019,17:36:42,15,1,33.1,1.0,0.8,0.6,2,1,1.00,CYCLE,N
IND,208,6592,59452,15/01/2019,17:36:44,15,1,29.9,1.1,1.4,1.3,2,1,1.00,CYCLE,N
IND,208,6592,59452,15/01/2019,17:36:45,15,1,28.6,1.1,1.1,1.0,2,1,1.00,CYCLE,N
IND,208,6592,59452,15/01/2019,17:36:46,15,1,29.0,1.1,1.1,0.9,2,1,1.00,CYCLE,N
IND,208,6592,59452,15/01/2019,17:36:50,15,1,26.2,1.0,3.8,3.7,2,1,1.00,CYCLE,N
IND,208,6592,59452,15/01/2019,17:36:54,15,1,22.0,1.0,4.0,3.9,2,1,1.00,CYCLE,N
IND,208,6592,59452,15/01/2019,17:36:56,15,1,20.5,1.1,2.5,2.3,2,1,1.00,CYCLE,N
IND,208,6592,59452,15/01/2019,17:36:58,15,1,20.6,1.0,1.9,1.7,2,1,1.00,CYCLE,N
IND,208,6592,59452,15/01/2019,17:38:03,15,1,32.9,1.1,64.9,64.7,2,1,1.00,CYCLE,N
IND,208,6592,59452,15/01/2019,17:38:04,15,1,36.1,1.0,0.7,0.6,2,1,1.00,CYCLE,N
IND,208,6592,59452,15/01/2019,17:38:04,15,1,29.9,1.1,0.6,0.5,2,1,1.00,CYCLE,N
IND,208,6592,59452,15/01/2019,17:38:08,15,1,29.9,1.0,3.4,3.3,2,1,1.00,CYCLE,N
IND,208,6592,59452,15/01/2019,17:38:08,15,1,29.7,1.1,0.5,0.4,2,1,1.00,CYCLE,N
IND,208,6592,59452,15/01/2019,17:38:09,15,1,29.5,1.0,0.6,0.5,2,1,1.00,CYCLE,N
IND,208,6592,59452,15/01/2019,17:38:11,15,1,31.4,1.0,1.8,1.7,2,1,1.00,CYCLE,N
IND,208,6592,59452,15/01/2019,17:38:11,15,1,26.9,1.1,0.3,0.2,2,1,1.00,CYCLE,N
IND,208,6592,59452,15/01/2019,17:38:13,15,1,28.1,1.0,2.4,2.3,2,1,1.00,CYCLE,N
IND,208,6592,59452,15/01/2019,17:38:14,15,1,26.6,1.1,1.0,0.9,2,1,1.00,CYCLE,N
IND,208,6592,59452,15/01/2019,17:38:16,15,1,24.3,1.1,1.7,1.6,2,1,1.00,CYCLE,N
IND,208,6592,59452,15/01/2019,17:38:17,15,1,21.7,1.1,1.1,1.0,2,1,1.00,CYCLE,N
IND,208,6592,59452,15/01/2019,17:38:20,15,1,16.8,1.1,2.4,2.2,2,1,1.00,CYCLE,N
IND,208,6592,59452,15/01/2019,17:39:26,15,1,25.6,1.0,66.1,65.8,2,1,1.00,CYCLE,N
IND,208,6592,59452,15/01/2019,17:39:29,15,1,26.0,1.0,3.6,3.5,2,1,1.00,CYCLE,N
IND,208,6592,59452,15/01/2019,17:39:31,15,1,21.8,1.1,1.7,1.6,2,1,1.00,CYCLE,N
IND,208,6592,59453,15/01/2019,17:39:44,15,0,21.6,1.0,246.6,246.5,2,1,1.00,CYCLE,S
IND,208,6592,59452,15/01/2019,17:39:46,15,1,28.1,1.1,14.8,14.6,2,1,1.00,CYCLE,N
IND,208,6592,59452,15/01/2019,17:39:58,15,1,24.8,1.1,12.0,11.8,2,1,1.00,CYCLE,N
IND,208,6592,59452,15/01/2019,17:39:58,15,1,26.9,1.1,0.3,0.1,2,1,1.00,CYCLE,N
IND,208,6592,59452,15/01/2019,17:40:02,15,1,24.3,1.1,4.0,3.9,2,1,1.00,CYCLE,N
IND,208,6592,59452,15/01/2019,17:40:04,15,1,22.7,1.0,1.7,1.6,2,1,1.00,CYCLE,N
IND,208,6592,59453,15/01/2019,17:41:26,15,0,18.1,1.1,102.7,102.6,2,1,1.00,CYCLE,S
IND,208,6592,59453,15/01/2019,17:41:44,15,0,24.2,1.1,17.8,17.5,2,1,1.00,CYCLE,S
IND,208,6592,59452,15/01/2019,17:41:51,15,1,34.4,1.0,106.7,106.6,2,1,1.00,CYCLE,N
IND,208,6592,59452,15/01/2019,17:41:54,15,1,31.3,1.0,3.3,3.2,2,1,1.00,CYCLE,N
IND,208,6592,59453,15/01/2019,17:41:55,15,0,26.0,1.0,10.9,10.7,2,1,1.00,CYCLE,S
IND,208,6592,59452,15/01/2019,17:41:55,15,1,30.3,1.0,1.5,1.4,2,1,1.00,CYCLE,N
IND,208,6592,59452,15/01/2019,17:41:56,15,1,29.9,1.0,0.7,0.6,2,1,1.00,CYCLE,N
IND,208,6592,59452,15/01/2019,17:41:57,15,1,29.0,1.0,0.5,0.4,2,1,1.00,CYCLE,N
IND,208,6592,59452,15/01/2019,17:41:58,15,1,27.9,1.0,1.7,1.5,2,1,1.00,CYCLE,N
IND,208,6592,59452,15/01/2019,17:42:00,15,1,30.4,1.1,1.4,1.3,2,1,1.00,CYCLE,N
IND,208,6592,59452,15/01/2019,17:42:01,15,1,25.0,1.1,1.5,1.4,2,1,1.00,CYCLE,N
IND,208,6592,59452,15/01/2019,17:42:02,15,1,24.4,1.1,1.2,1.0,2,1,1.00,CYCLE,N
IND,208,6592,59453,15/01/2019,17:42:26,15,0,20.0,1.0,30.7,30.5,2,1,1.00,CYCLE,S
IND,208,6592,59453,15/01/2019,17:42:31,15,0,13.3,1.1,5.3,5.1,2,1,1.00,CYCLE,S
IND,208,6592,59452,15/01/2019,17:43:57,15,1,31.7,1.0,114.3,114.2,2,1,1.00,CYCLE,N
IND,208,6592,59452,15/01/2019,17:43:59,15,1,28.4,1.1,2.5,2.4,2,1,1.00,CYCLE,N
IND,208,6592,59452,15/01/2019,17:44:01,15,1,25.4,1.0,2.1,2.0,2,1,1.00,CYCLE,N
IND,208,6592,59452,15/01/2019,17:44:01,15,1,25.4,1.0,0.0,0.0,2,1,1.00,CYCLE,N
IND,208,6592,59452,15/01/2019,17:44:02,15,1,24.9,1.1,0.7,0.5,2,1,1.00,CYCLE,N
IND,208,6592,59452,15/01/2019,17:44:04,15,1,25.4,1.1,1.7,1.6,2,1,1.00,CYCLE,N
IND,208,6592,59452,15/01/2019,17:44:04,15,1,24.6,1.0,0.3,0.2,2,1,1.00,CYCLE,N
IND,208,6592,59452,15/01/2019,17:44:05,15,1,24.5,1.1,0.8,0.6,2,1,1.00,CYCLE,N
IND,208,6592,59452,15/01/2019,17:44:06,15,1,25.0,1.0,0.6,0.5,2,1,1.00,CYCLE,N
IND,208,6592,59452,15/01/2019,17:44:06,15,1,26.2,1.1,0.5,0.4,2,1,1.00,CYCLE,N
IND,208,6592,59452,15/01/2019,17:44:11,15,1,22.4,1.1,5.1,4.9,2,1,1.00,CYCLE,N
IND,208,6592,59452,15/01/2019,17:45:27,15,1,27.5,1.0,75.5,75.3,2,1,1.00,CYCLE,N
IND,208,6592,59452,15/01/2019,17:45:35,15,1,28.1,1.0,8.1,8.0,2,1,1.00,CYCLE,N
IND,208,6592,59452,15/01/2019,17:45:36,15,1,28.6,1.0,1.6,1.5,2,1,1.00,CYCLE,N
IND,208,6592,59452,15/01/2019,17:45:45,15,1,27.0,1.0,8.7,8.6,2,1,1.00,CYCLE,N
IND,208,6592,59452,15/01/2019,17:47:22,15,1,34.2,1.0,96.5,96.3,2,1,1.00,CYCLE,N
IND,208,6592,59452,15/01/2019,17:47:26,15,1,27.4,1.1,4.2,4.1,2,1,1.00,CYCLE,N
IND,208,6592,59452,15/01/2019,17:47:26,15,1,33.1,1.0,0.6,0.5,2,1,1.00,CYCLE,N
IND,208,6592,59452,15/01/2019,17:47:27,15,1,28.9,1.1,0.2,0.1,2,1,1.00,CYCLE,N
IND,208,6592,59452,15/01/2019,17:47:29,15,1,28.5,1.1,2.5,2.4,2,1,1.00,CYCLE,N
IND,208,6592,59452,15/01/2019,17:47:29,15,1,34.2,1.0,0.3,0.1,2,1,1.00,CYCLE,N
IND,208,6592,59452,15/01/2019,17:47:32,15,1,28.6,1.0,2.4,2.3,2,1,1.00,CYCLE,N
IND,208,6592,59452,15/01/2019,17:47:32,15,1,28.6,1.0,0.0,0.0,2,1,1.00,CYCLE,N
IND,208,6592,59452,15/01/2019,17:47:32,15,1,33.2,1.1,0.8,0.6,2,1,1.00,CYCLE,N
IND,208,6592,59452,15/01/2019,17:47:33,15,1,23.9,1.1,0.8,0.7,2,1,1.00,CYCLE,N
IND,208,6592,59452,15/01/2019,17:47:41,15,1,26.0,1.0,8.2,8.0,2,1,1.00,CYCLE,N
IND,208,6592,59452,15/01/2019,17:48:56,15,1,21.0,1.0,75.0,74.8,2,1,1.00,CYCLE,N
IND,208,6592,59452,15/01/2019,17:49:23,15,1,29.9,1.0,26.2,26.0,2,1,1.00,CYCLE,N
IND,208,6592,59452,15/01/2019,17:49:23,15,1,34.7,1.1,0.2,0.1,2,1,1.00,CYCLE,N
IND,208,6592,59452,15/01/2019,17:49:25,15,1,26.7,1.0,1.7,1.6,2,1,1.00,CYCLE,N
IND,208,6592,59452,15/01/2019,17:49:25,15,1,26.9,1.1,0.4,0.3,2,1,1.00,CYCLE,N
IND,208,6592,59452,15/01/2019,17:49:26,15,1,26.3,1.0,0.6,0.4,2,1,1.00,CYCLE,N
IND,208,6592,59452,15/01/2019,17:49:26,15,1,25.8,1.0,0.9,0.8,2,1,1.00,CYCLE,N
IND,208,6592,59452,15/01/2019,17:49:28,15,1,29.7,1.0,1.1,0.9,2,1,1.00,CYCLE,N
IND,208,6592,59452,15/01/2019,17:49:29,15,1,24.6,1.0,1.1,1.0,2,1,1.00,CYCLE,N
IND,208,6592,59452,15/01/2019,17:49:30,15,1,29.9,1.0,1.1,1.0,2,1,1.00,CYCLE,N
IND,208,6592,59452,15/01/2019,17:49:31,15,1,27.0,1.1,0.9,0.8,2,1,1.00,CYCLE,N
IND,208,6592,59452,15/01/2019,17:49:33,15,1,21.8,1.1,2.0,1.9,2,1,1.00,CYCLE,N
IND,208,6592,59452,15/01/2019,17:49:35,15,1,29.1,1.0,2.0,1.8,2,1,1.00,CYCLE,N
IND,208,6592,59452,15/01/2019,17:49:36,15,1,12.8,1.0,1.6,1.4,2,1,0.13,CYCLE,N
IND,208,6592,59452,15/01/2019,17:49:36,15,1,12.8,1.0,0.0,0.0,2,1,0.13,CYCLE,N
IND,208,6592,59452,15/01/2019,17:51:26,15,1,25.0,1.0,110.1,109.0,2,1,1.00,CYCLE,N
IND,208,6592,59452,15/01/2019,17:51:27,15,1,24.7,1.1,0.7,0.5,2,1,1.00,CYCLE,N
IND,208,6592,59452,15/01/2019,17:51:27,15,1,24.5,1.1,0.3,0.2,2,1,1.00,CYCLE,N
IND,208,6592,59452,15/01/2019,17:51:29,15,1,23.8,1.0,1.5,1.3,2,1,1.00,CYCLE,N
IND,208,6592,59452,15/01/2019,17:51:30,15,1,30.8,1.1,0.8,0.6,2,1,1.00,CYCLE,N
IND,208,6592,59452,15/01/2019,17:51:30,15,1,25.9,1.1,0.2,0.1,2,1,1.00,CYCLE,N
IND,208,6592,59452,15/01/2019,17:51:31,15,1,24.3,1.1,1.1,0.9,2,1,1.00,CYCLE,N
IND,208,6592,59452,15/01/2019,17:51:31,15,1,26.6,1.1,0.2,0.1,2,1,1.00,CYCLE,N
IND,208,6592,59452,15/01/2019,17:51:32,15,1,26.2,1.0,1.0,0.8,2,1,1.00,CYCLE,N
IND,208,6592,59452,15/01/2019,17:51:33,15,1,26.3,1.0,0.6,0.4,2,1,1.00,CYCLE,N
IND,208,6592,59452,15/01/2019,17:51:34,15,1,24.8,1.1,1.5,1.3,2,1,1.00,CYCLE,N
IND,208,6592,59452,15/01/2019,17:51:38,15,1,20.3,1.1,3.5,3.4,2,1,1.00,CYCLE,N
IND,208,6592,59452,15/01/2019,17:51:40,15,1,19.7,1.1,2.3,2.1,2,1,1.00,CYCLE,N
IND,208,6592,59452,15/01/2019,17:51:43,15,1,17.0,1.1,2.9,2.7,2,1,1.00,CYCLE,N
IND,208,6592,59452,15/01/2019,17:52:13,15,1,16.0,1.0,29.9,29.6,2,1,1.00,CYCLE,N
IND,208,6592,59452,15/01/2019,17:53:25,15,1,29.3,1.0,71.7,71.5,2,1,1.00,CYCLE,N
IND,208,6592,59452,15/01/2019,17:53:30,15,1,25.6,1.0,1.3,0.8,2,1,1.00,CYCLE,N
IND,208,6592,59452,15/01/2019,17:53:31,15,1,25.4,1.1,1.2,1.0,2,1,1.00,CYCLE,N
IND,208,6592,59452,15/01/2019,17:53:34,15,1,24.3,1.1,2.6,2.4,2,1,1.00,CYCLE,N
IND,208,6592,59452,15/01/2019,17:53:38,15,1,21.0,1.1,4.4,4.3,2,1,1.00,CYCLE,N
IND,208,6592,59452,15/01/2019,17:53:40,15,1,19.1,1.1,2.0,1.8,2,1,1.00,CYCLE,N
IND,208,6592,59452,15/01/2019,17:54:33,15,1,26.0,0.8,52.6,52.4,2,1,1.00,CYCLE,N
IND,208,6592,59452,15/01/2019,17:54:55,15,1,28.9,1.1,21.9,21.8,2,1,1.00,CYCLE,N
IND,208,6592,59452,15/01/2019,17:54:55,15,1,29.1,1.0,0.4,0.3,2,1,1.00,CYCLE,N
IND,208,6592,59452,15/01/2019,17:55:01,15,1,22.4,1.1,5.4,5.2,2,1,1.00,CYCLE,N
IND,208,6592,59452,15/01/2019,17:55:03,15,1,23.1,1.1,1.7,1.6,2,1,1.00,CYCLE,N
IND,208,6592,59453,15/01/2019,17:55:17,15,0,18.9,1.1,765.8,765.5,2,1,1.00,CYCLE,S
IND,208,6592,59452,15/01/2019,17:55:23,15,1,30.6,1.1,20.3,20.1,2,1,1.00,CYCLE,N
IND,208,6592,59452,15/01/2019,17:55:24,15,1,30.9,1.0,1.3,1.1,2,1,1.00,CYCLE,N
IND,208,6592,59453,15/01/2019,17:55:32,15,0,20.8,1.1,15.1,14.9,2,1,1.00,CYCLE,S
IND,208,6592,59452,15/01/2019,17:57:03,15,1,28.6,1.0,98.9,98.8,2,1,1.00,CYCLE,N
IND,208,6592,59452,15/01/2019,17:57:06,15,1,27.2,1.0,3.1,3.0,2,1,1.00,CYCLE,N
IND,208,6592,59452,15/01/2019,17:57:07,15,1,26.6,1.0,0.9,0.7,2,1,1.00,CYCLE,N
IND,208,6592,59452,15/01/2019,17:57:08,15,1,26.8,1.0,0.9,0.7,2,1,1.00,CYCLE,N
IND,208,6592,59452,15/01/2019,17:57:12,15,1,23.8,1.1,4.4,4.2,2,1,1.00,CYCLE,N
IND,208,6592,59452,15/01/2019,17:58:54,15,1,23.9,1.0,101.5,101.3,2,1,1.00,CYCLE,N
IND,208,6592,59452,15/01/2019,17:58:54,15,1,23.9,1.0,0.0,0.0,2,1,1.00,CYCLE,N
IND,208,6592,59452,15/01/2019,17:58:58,15,1,24.9,1.1,4.0,3.8,2,1,1.00,CYCLE,N
IND,208,6592,59452,15/01/2019,17:59:00,15,1,18.6,1.0,2.4,2.3,2,1,1.00,CYCLE,N
IND,208,6592,59453,15/01/2019,17:59:41,15,0,23.4,1.0,248.8,248.6,2,1,1.00,CYCLE,S
IND,208,6592,59453,15/01/2019,17:59:41,15,0,23.4,1.0,0.0,0.0,2,1,1.00,CYCLE,S
IND,208,6592,59452,15/01/2019,18:00:40,15,1,32.4,1.1,84.1,84.2,2,1,1.00,CYCLE,N
IND,208,6592,59452,15/01/2019,18:00:43,15,1,28.4,1.0,3.0,2.9,2,1,1.00,CYCLE,N
IND,208,6592,59452,15/01/2019,18:00:44,15,1,28.0,1.1,0.4,0.3,2,1,1.00,CYCLE,N
IND,208,6592,59452,15/01/2019,18:00:49,15,1,24.5,1.0,5.2,5.1,2,1,1.00,CYCLE,N
IND,208,6592,59453,15/01/2019,18:01:03,15,0,26.1,1.0,82.6,82.4,2,1,1.00,CYCLE,S
IND,208,6592,59452,15/01/2019,18:02:40,15,1,28.3,1.0,111.1,110.9,2,1,1.00,CYCLE,N
IND,208,6592,59452,15/01/2019,18:02:40,15,1,26.4,1.0,0.3,0.1,2,1,1.00,CYCLE,N
IND,208,6592,59452,15/01/2019,18:02:42,15,1,25.9,1.1,2.0,1.8,2,1,1.00,CYCLE,N
IND,208,6592,59452,15/01/2019,18:02:48,15,1,19.8,1.0,5.9,5.8,2,1,1.00,CYCLE,N
IND,208,6592,59452,15/01/2019,18:03:31,15,1,27.9,1.0,42.6,42.4,2,1,1.00,CYCLE,N
IND,208,6592,59452,15/01/2019,18:03:33,15,1,27.6,1.1,2.1,2.0,2,1,1.00,CYCLE,N
IND,208,6592,59452,15/01/2019,18:03:33,15,1,27.3,1.0,0.4,0.3,2,1,1.00,CYCLE,N
IND,208,6592,59452,15/01/2019,18:03:36,15,1,27.2,1.0,2.3,2.2,2,1,1.00,CYCLE,N
IND,208,6592,59452,15/01/2019,18:03:39,15,1,26.2,1.2,3.6,3.4,2,1,1.00,CYCLE,N
IND,208,6592,59452,15/01/2019,18:03:40,15,1,24.1,1.1,1.3,1.1,2,1,1.00,CYCLE,N
IND,208,6592,59452,15/01/2019,18:03:45,15,1,24.9,1.1,4.0,3.9,2,1,1.00,CYCLE,N
IND,208,6592,59452,15/01/2019,18:04:02,15,1,22.7,1.1,17.0,16.9,2,1,1.00,CYCLE,N
IND,208,6592,59452,15/01/2019,18:04:04,15,1,21.3,1.1,2.7,2.6,2,1,1.00,CYCLE,N
IND,208,6592,59453,15/01/2019,18:04:09,15,0,26.3,1.0,186.1,185.9,2,1,1.00,CYCLE,S
IND,208,6592,59453,15/01/2019,18:04:48,15,0,15.9,1.1,38.9,38.8,2,1,1.00,CYCLE,S
IND,208,6592,59452,15/01/2019,18:04:54,15,1,20.1,1.1,49.3,49.1,2,1,1.00,CYCLE,N
IND,208,6592,59453,15/01/2019,18:05:06,15,0,24.6,1.1,18.2,17.9,2,1,1.00,CYCLE,S
IND,208,6592,59453,15/01/2019,18:05:12,15,0,28.0,1.0,5.5,5.3,2,1,1.00,CYCLE,S
IND,208,6592,59452,15/01/2019,18:05:52,15,1,38.5,1.0,58.9,58.6,2,1,1.00,CYCLE,N
IND,208,6592,59452,15/01/2019,18:05:54,15,1,35.1,1.0,1.2,1.1,2,1,1.00,CYCLE,N
IND,208,6592,59452,15/01/2019,18:05:56,15,1,29.1,1.0,2.4,2.3,2,1,1.00,CYCLE,N
IND,208,6592,59452,15/01/2019,18:05:56,15,1,29.1,1.0,0.0,0.0,2,1,1.00,CYCLE,N
IND,208,6592,59452,15/01/2019,18:05:59,15,1,28.6,1.1,3.0,2.8,2,1,1.00,CYCLE,N
IND,208,6592,59452,15/01/2019,18:05:59,15,1,31.1,1.0,0.3,0.2,2,1,1.00,CYCLE,N
IND,208,6592,59452,15/01/2019,18:06:00,15,1,26.9,1.0,0.7,0.6,2,1,1.00,CYCLE,N
IND,208,6592,59452,15/01/2019,18:06:06,15,1,23.4,1.0,6.4,6.2,2,1,1.00,CYCLE,N
IND,208,6592,59453,15/01/2019,18:06:21,15,0,26.3,1.0,69.0,68.9,2,1,1.00,CYCLE,S
IND,208,6592,59452,15/01/2019,18:07:59,15,1,17.0,1.0,112.3,112.2,2,1,1.00,CYCLE,N
IND,208,6592,59453,15/01/2019,18:08:52,15,0,17.2,1.1,151.5,151.3,2,1,1.00,CYCLE,S
IND,208,6592,59453,15/01/2019,18:08:53,15,0,17.1,1.1,0.6,0.3,2,1,1.00,CYCLE,S
IND,208,6592,59452,15/01/2019,18:09:34,15,1,36.9,1.0,94.9,94.6,2,1,1.00,CYCLE,N
IND,208,6592,59452,15/01/2019,18:09:34,15,1,34.2,1.0,0.2,0.1,2,1,1.00,CYCLE,N
IND,208,6592,59452,15/01/2019,18:09:40,15,1,26.5,1.1,6.5,6.4,2,1,1.00,CYCLE,N
IND,208,6592,59452,15/01/2019,18:09:43,15,1,25.6,1.1,3.0,2.9,2,1,1.00,CYCLE,N
IND,208,6592,59452,15/01/2019,18:09:48,15,1,19.9,1.1,4.6,4.5,2,1,1.00,CYCLE,N
IND,208,6592,59453,15/01/2019,18:10:13,15,0,19.3,1.1,80.1,79.9,2,1,1.00,CYCLE,S
IND,208,6592,59453,15/01/2019,18:10:20,15,0,27.3,1.1,7.1,6.9,2,1,1.00,CYCLE,S
IND,208,6592,59452,15/01/2019,18:11:03,15,1,30.4,1.0,75.1,74.8,2,1,1.00,CYCLE,N
IND,208,6592,59452,15/01/2019,18:11:26,15,1,25.5,1.0,23.4,23.3,2,1,1.00,CYCLE,N
IND,208,6592,59452,15/01/2019,18:11:29,15,1,26.0,1.1,2.5,2.4,2,1,1.00,CYCLE,N
IND,208,6592,59452,15/01/2019,18:11:29,15,1,23.3,1.1,0.5,0.4,2,1,1.00,CYCLE,N
IND,208,6592,59452,15/01/2019,18:11:31,15,1,22.9,1.0,1.5,1.3,2,1,1.00,CYCLE,N
IND,208,6592,59452,15/01/2019,18:11:33,15,1,22.7,1.0,1.8,1.6,2,1,1.00,CYCLE,N
IND,208,6592,59453,15/01/2019,18:12:16,15,0,23.0,1.1,115.8,115.7,2,1,1.00,CYCLE,S
IND,208,6592,59452,15/01/2019,18:13:01,15,1,29.7,1.0,88.3,88.1,2,1,1.00,CYCLE,N
IND,208,6592,59452,15/01/2019,18:13:03,15,1,27.9,1.0,2.3,2.1,2,1,1.00,CYCLE,N
IND,208,6592,59452,15/01/2019,18:13:04,15,1,26.7,1.1,1.1,1.0,2,1,1.00,CYCLE,N
IND,208,6592,59452,15/01/2019,18:13:05,15,1,25.9,1.0,0.7,0.6,2,1,1.00,CYCLE,N
IND,208,6592,59452,15/01/2019,18:13:06,15,1,27.9,1.1,0.9,0.7,2,1,1.00,CYCLE,N
IND,208,6592,59452,15/01/2019,18:13:08,15,1,25.9,1.1,2.1,2.0,2,1,1.00,CYCLE,N
IND,208,6592,59453,15/01/2019,18:13:10,15,0,29.5,1.0,53.8,53.6,2,1,1.00,CYCLE,S
IND,208,6592,59452,15/01/2019,18:13:11,15,1,23.6,1.0,2.4,2.2,2,1,1.00,CYCLE,N
IND,208,6592,59452,15/01/2019,18:14:47,15,1,25.7,1.0,96.6,96.5,2,1,1.00,CYCLE,N
IND,208,6592,59452,15/01/2019,18:14:54,15,1,19.6,1.1,6.8,6.6,2,1,1.00,CYCLE,N
IND,208,6592,59453,15/01/2019,18:15:01,15,0,28.7,1.0,111.1,110.9,2,1,1.00,CYCLE,S
IND,208,6592,59452,15/01/2019,18:16:26,15,1,28.0,1.0,92.6,92.4,2,1,1.00,CYCLE,N
IND,208,6592,59453,15/01/2019,18:17:48,15,0,18.7,1.0,166.9,166.8,2,1,1.00,CYCLE,S
IND,208,6592,59453,15/01/2019,18:17:48,15,0,18.7,1.0,0.0,0.0,2,1,1.00,CYCLE,S
IND,208,6592,59452,15/01/2019,18:18:28,15,1,22.9,1.0,121.9,121.8,2,1,1.00,CYCLE,N
IND,208,6592,59452,15/01/2019,18:20:02,15,1,25.3,1.1,93.2,93.0,2,1,1.00,CYCLE,N
IND,208,6592,59452,15/01/2019,18:20:13,15,1,23.6,1.1,11.6,11.4,2,1,1.00,CYCLE,N
IND,208,6592,59452,15/01/2019,18:21:13,15,1,24.4,1.0,59.4,59.2,2,1,1.00,CYCLE,N
IND,208,6592,59452,15/01/2019,18:21:14,15,1,27.7,1.0,1.0,0.9,2,1,1.00,CYCLE,N
IND,208,6592,59453,15/01/2019,18:21:23,15,0,23.6,1.1,215.1,214.7,2,1,1.00,CYCLE,S
IND,208,6592,59452,15/01/2019,18:21:31,15,1,20.0,1.0,17.2,17.1,2,1,1.00,CYCLE,N
IND,208,6592,59452,15/01/2019,18:21:32,15,1,20.9,1.0,1.2,1.0,2,1,1.00,CYCLE,N
IND,208,6592,59452,15/01/2019,18:21:40,15,1,17.7,1.1,7.9,7.7,2,1,1.00,CYCLE,N
IND,208,6592,59453,15/01/2019,18:23:09,15,0,26.1,1.1,106.0,105.8,2,1,1.00,CYCLE,S
IND,208,6592,59452,15/01/2019,18:23:30,15,1,26.9,1.1,109.8,109.6,2,1,1.00,CYCLE,N
IND,208,6592,59452,15/01/2019,18:23:31,15,1,25.9,1.1,1.4,1.3,2,1,1.00,CYCLE,N
IND,208,6592,59452,15/01/2019,18:23:42,15,1,19.8,1.1,11.3,11.2,2,1,1.00,CYCLE,N
IND,208,6592,59452,15/01/2019,18:24:35,15,1,25.9,1.1,52.1,51.9,2,1,1.00,CYCLE,N
IND,208,6592,59452,15/01/2019,18:24:50,15,1,40.7,1.0,15.3,15.1,2,1,1.00,CYCLE,N
IND,208,6592,59452,15/01/2019,18:24:53,15,1,30.1,1.0,3.5,3.4,2,1,1.00,CYCLE,N
IND,208,6592,59452,15/01/2019,18:24:56,15,1,25.5,1.1,2.8,2.7,2,1,1.00,CYCLE,N
IND,208,6592,59452,15/01/2019,18:24:58,15,1,25.6,1.0,2.0,1.8,2,1,1.00,CYCLE,N
IND,208,6592,59452,15/01/2019,18:24:59,15,1,25.8,1.0,0.8,0.7,2,1,1.00,CYCLE,N
IND,208,6592,59452,15/01/2019,18:25:00,15,1,24.2,1.0,1.3,1.1,2,1,1.00,CYCLE,N
IND,208,6592,59453,15/01/2019,18:25:20,15,0,23.1,1.1,131.7,131.5,2,1,1.00,CYCLE,S
IND,208,6592,59452,15/01/2019,18:26:16,15,1,37.2,1.1,76.0,75.8,2,1,1.00,CYCLE,N
IND,208,6592,59452,15/01/2019,18:26:18,15,1,27.1,1.1,2.2,2.1,2,1,1.00,CYCLE,N
IND,208,6592,59452,15/01/2019,18:26:21,15,1,29.0,1.0,2.3,2.1,2,1,1.00,CYCLE,N
IND,208,6592,59452,15/01/2019,18:28:17,15,1,22.5,1.0,116.0,115.9,2,1,1.00,CYCLE,N
IND,208,6592,59452,15/01/2019,18:28:22,15,1,26.6,1.0,5.8,5.6,2,1,1.00,CYCLE,N
IND,208,6592,59452,15/01/2019,18:28:28,15,1,21.4,1.1,5.7,5.6,2,1,1.00,CYCLE,N
IND,208,6592,59452,15/01/2019,18:30:24,15,1,29.3,1.0,116.1,115.9,2,1,1.00,CYCLE,N
IND,208,6592,59452,15/01/2019,18:30:28,15,1,23.0,1.0,3.4,3.3,2,1,0.86,CYCLE,N
IND,208,6592,59452,15/01/2019,18:31:38,15,1,26.4,1.0,70.7,70.3,2,1,1.00,CYCLE,N
IND,208,6592,59452,15/01/2019,18:31:41,15,1,26.1,1.0,2.7,2.6,2,1,1.00,CYCLE,N
IND,208,6592,59452,15/01/2019,18:31:59,15,1,22.2,1.0,18.2,18.0,2,1,1.00,CYCLE,N
IND,208,6592,59452,15/01/2019,18:34:25,15,1,17.6,1.1,145.5,145.4,2,1,1.00,CYCLE,N
IND,208,6592,59452,15/01/2019,18:35:00,15,1,23.8,1.0,35.0,34.8,2,1,1.00,CYCLE,N
IND,208,6592,59452,15/01/2019,18:35:03,15,1,21.7,1.0,3.3,3.1,2,1,1.00,CYCLE,N
IND,208,6592,59452,15/01/2019,18:35:05,15,1,22.0,1.1,1.6,1.4,2,1,1.00,CYCLE,N
IND,208,6592,59452,15/01/2019,18:35:11,15,1,20.2,1.0,6.1,6.0,2,1,1.00,CYCLE,N
IND,208,6592,59453,15/01/2019,18:35:37,15,0,22.5,1.0,617.0,616.8,2,1,1.00,CYCLE,S
IND,208,6592,59452,15/01/2019,18:36:22,15,1,28.0,1.1,71.1,70.9,2,1,1.00,CYCLE,N
IND,208,6592,59452,15/01/2019,18:36:23,15,1,29.7,1.1,0.7,0.6,2,1,1.00,CYCLE,N
IND,208,6592,59452,15/01/2019,18:36:26,15,1,25.7,1.1,3.0,2.9,2,1,1.00,CYCLE,N
IND,208,6592,59452,15/01/2019,18:36:28,15,1,24.4,1.0,2.0,1.9,2,1,1.00,CYCLE,N
IND,208,6592,59452,15/01/2019,18:36:32,15,1,22.6,1.1,4.5,4.3,2,1,1.00,CYCLE,N
IND,208,6592,59453,15/01/2019,18:37:58,15,0,24.9,1.0,140.6,140.5,2,1,1.00,CYCLE,S
IND,208,6592,59452,15/01/2019,18:38:01,15,1,20.5,1.0,89.2,89.1,2,1,1.00,CYCLE,N
IND,208,6592,59452,15/01/2019,18:38:05,15,1,22.7,1.1,3.5,3.3,2,1,1.00,CYCLE,N
IND,208,6592,59452,15/01/2019,18:38:07,15,1,22.5,1.0,2.0,1.9,2,1,1.00,CYCLE,N
IND,208,6592,59452,15/01/2019,18:38:44,15,1,26.5,1.0,36.8,36.6,2,1,1.00,CYCLE,N
IND,208,6592,59452,15/01/2019,18:39:33,15,1,24.0,1.0,48.9,48.8,2,1,1.00,CYCLE,N
IND,208,6592,59452,15/01/2019,18:39:53,15,1,23.7,1.1,20.0,19.8,2,1,1.00,CYCLE,N
IND,208,6592,59452,15/01/2019,18:42:13,15,1,25.3,1.1,140.0,139.8,2,1,1.00,CYCLE,N
IND,208,6592,59452,15/01/2019,18:42:35,15,1,19.1,1.0,22.4,22.2,2,1,1.00,CYCLE,N
IND,208,6592,59452,15/01/2019,18:42:38,15,1,20.2,1.0,3.2,3.0,2,1,1.00,CYCLE,N
IND,208,6592,59452,15/01/2019,18:44:01,15,1,25.8,1.0,82.4,82.2,2,1,1.00,CYCLE,N
IND,208,6592,59452,15/01/2019,18:44:34,15,1,22.0,1.1,33.5,33.4,2,1,1.00,CYCLE,N
IND,208,6592,59452,15/01/2019,18:44:37,15,1,19.4,1.1,3.2,3.0,2,1,1.00,CYCLE,N
IND,208,6592,59453,15/01/2019,18:45:03,15,0,25.2,1.0,425.3,425.2,2,1,1.00,CYCLE,S
IND,208,6592,59452,15/01/2019,18:45:07,15,1,26.0,1.1,29.9,29.7,2,1,1.00,CYCLE,N
IND,208,6592,59452,15/01/2019,18:45:55,15,1,23.3,1.0,47.7,47.6,2,1,1.00,CYCLE,N
IND,208,6592,59453,15/01/2019,18:46:08,15,0,26.2,1.0,64.4,64.2,2,1,1.00,CYCLE,S
IND,208,6592,59452,15/01/2019,18:47:44,15,1,25.9,1.1,109.2,109.0,2,1,1.00,CYCLE,N
IND,208,6592,59452,15/01/2019,18:47:45,15,1,26.3,1.1,0.9,0.8,2,1,1.00,CYCLE,N
IND,208,6592,59452,15/01/2019,18:48:07,15,1,15.7,1.1,22.3,22.2,2,1,1.00,CYCLE,N
IND,208,6592,59452,15/01/2019,18:48:45,15,1,31.3,1.0,38.1,37.8,2,1,1.00,CYCLE,N
IND,208,6592,59452,15/01/2019,18:48:46,15,1,32.4,1.0,0.9,0.7,2,1,1.00,CYCLE,N
IND,208,6592,59452,15/01/2019,18:49:08,15,1,25.0,1.1,22.2,22.1,2,1,1.00,CYCLE,N
IND,208,6592,59452,15/01/2019,18:52:28,15,1,29.6,1.0,199.7,199.6,2,1,1.00,CYCLE,N
IND,208,6592,59452,15/01/2019,18:52:30,15,1,35.4,1.0,1.8,1.6,2,1,1.00,CYCLE,N
IND,208,6592,59452,15/01/2019,18:52:31,15,1,31.0,1.1,0.9,0.8,2,1,1.00,CYCLE,N
IND,208,6592,59452,15/01/2019,18:52:35,15,1,28.1,1.0,4.0,3.8,2,1,1.00,CYCLE,N
IND,208,6592,59452,15/01/2019,18:52:35,15,1,27.8,1.1,0.4,0.2,2,1,1.00,CYCLE,N
IND,208,6592,59452,15/01/2019,18:52:36,15,1,26.8,1.1,0.6,0.5,2,1,1.00,CYCLE,N
IND,208,6592,59452,15/01/2019,18:52:37,15,1,22.6,1.1,1.3,1.1,2,1,1.00,CYCLE,N
IND,208,6592,59452,15/01/2019,18:52:39,15,1,23.3,1.1,1.5,1.4,2,1,1.00,CYCLE,N
IND,208,6592,59452,15/01/2019,18:52:40,15,1,23.8,1.1,1.6,1.4,2,1,1.00,CYCLE,N
IND,208,6592,59453,15/01/2019,18:53:24,15,0,16.2,1.0,436.7,436.6,2,1,1.00,CYCLE,S
IND,208,6592,59452,15/01/2019,18:53:59,15,1,21.1,1.0,78.4,78.2,2,1,1.00,CYCLE,N
IND,208,6592,59453,15/01/2019,18:56:03,15,0,23.1,1.1,158.8,158.3,2,1,1.00,CYCLE,S
IND,208,6592,59452,15/01/2019,18:56:33,15,1,22.9,1.0,154.2,154.0,2,1,1.00,CYCLE,N
IND,208,6592,59452,15/01/2019,18:56:34,15,1,22.7,1.0,1.3,1.1,2,1,1.00,CYCLE,N
IND,208,6592,59452,15/01/2019,18:58:00,15,1,28.4,1.0,85.7,85.6,2,1,1.00,CYCLE,N
IND,208,6592,59452,15/01/2019,18:58:15,15,1,23.0,1.1,15.3,15.1,2,1,1.00,CYCLE,N
IND,208,6592,59452,15/01/2019,19:00:29,15,1,25.6,1.0,134.1,133.9,2,1,1.00,CYCLE,N
IND,208,6592,59452,15/01/2019,19:00:31,15,1,22.4,1.0,2.2,2.1,2,1,1.00,CYCLE,N
IND,208,6592,59452,15/01/2019,19:00:33,15,1,24.7,1.1,1.5,1.3,2,1,1.00,CYCLE,N
IND,208,6592,59452,15/01/2019,19:01:58,15,1,21.9,1.1,85.6,85.4,2,1,1.00,CYCLE,N
IND,208,6592,59452,15/01/2019,19:03:59,15,1,13.9,1.1,120.2,120.0,2,1,1.00,CYCLE,N
IND,208,6592,59452,15/01/2019,19:05:10,15,1,28.0,1.1,71.8,71.4,2,1,1.00,CYCLE,N
IND,208,6592,59452,15/01/2019,19:05:13,15,1,35.3,1.0,2.6,2.4,2,1,1.00,CYCLE,N
IND,208,6592,59452,15/01/2019,19:05:18,15,1,23.4,1.0,5.3,5.2,2,1,1.00,CYCLE,N
IND,208,6592,59452,15/01/2019,19:05:32,15,1,22.0,1.1,13.5,13.3,2,1,1.00,CYCLE,N
IND,208,6592,59453,15/01/2019,19:06:18,15,0,14.7,1.0,614.7,614.5,2,1,1.00,CYCLE,S
IND,208,6592,59452,15/01/2019,19:06:44,15,1,27.7,1.0,72.0,71.8,2,1,1.00,CYCLE,N
IND,208,6592,59452,15/01/2019,19:06:48,15,1,24.2,1.0,4.3,4.2,2,1,1.00,CYCLE,N
IND,208,6592,59452,15/01/2019,19:09:03,15,1,17.4,1.0,135.3,135.2,2,1,1.00,CYCLE,N
IND,208,6592,59452,15/01/2019,19:10:00,15,1,25.3,1.0,57.2,57.0,2,1,1.00,CYCLE,N
IND,208,6592,59452,15/01/2019,19:10:14,15,1,24.8,1.0,13.1,13.0,2,1,1.00,CYCLE,N
IND,208,6592,59453,15/01/2019,19:11:51,15,0,19.5,1.1,333.0,332.8,2,1,1.00,CYCLE,S
IND,208,6592,59452,15/01/2019,19:12:39,15,1,24.4,1.1,145.2,145.1,2,1,1.00,CYCLE,N
IND,208,6592,59452,15/01/2019,19:12:42,15,1,25.3,1.1,2.9,2.8,2,1,1.00,CYCLE,N
IND,208,6592,59453,15/01/2019,19:13:29,15,0,29.9,1.0,98.3,98.1,2,1,1.00,CYCLE,S
IND,208,6592,59452,15/01/2019,19:14:06,15,1,25.4,1.1,83.9,83.7,2,1,1.00,CYCLE,N
IND,208,6592,59453,15/01/2019,19:14:10,15,0,19.5,1.0,41.0,40.9,2,1,1.00,CYCLE,S
IND,208,6592,59452,15/01/2019,19:15:26,15,1,21.4,1.1,80.8,80.6,2,1,1.00,CYCLE,N
IND,208,6592,59453,15/01/2019,19:17:02,15,0,20.7,1.0,171.6,171.4,2,1,1.00,CYCLE,S
IND,208,6592,59453,15/01/2019,19:18:36,15,0,28.8,1.0,94.2,94.0,2,1,1.00,CYCLE,S
IND,208,6592,59452,15/01/2019,19:21:52,15,1,26.8,1.0,385.6,385.4,2,1,1.00,CYCLE,N
IND,208,6592,59452,15/01/2019,19:21:58,15,1,26.0,1.0,5.6,5.5,2,1,1.00,CYCLE,N
IND,208,6592,59452,15/01/2019,19:22:18,15,1,30.9,1.1,20.3,20.2,2,1,1.00,CYCLE,N
IND,208,6592,59453,15/01/2019,19:22:40,15,0,26.3,1.0,243.8,243.6,2,1,1.00,CYCLE,S
IND,208,6592,59452,15/01/2019,19:23:29,15,1,24.5,1.1,71.0,70.9,2,1,1.00,CYCLE,N
IND,208,6592,59453,15/01/2019,19:24:50,15,0,23.0,1.1,130.2,130.0,2,1,1.00,CYCLE,S
IND,208,6592,59452,15/01/2019,19:24:57,15,1,26.9,1.1,88.0,87.8,2,1,1.00,CYCLE,N
IND,208,6592,59452,15/01/2019,19:25:42,15,1,22.0,1.0,45.1,45.0,2,1,1.00,CYCLE,N
IND,208,6592,59452,15/01/2019,19:25:55,15,1,15.3,1.1,12.5,12.4,2,1,1.00,CYCLE,N
IND,208,6592,59452,15/01/2019,19:26:52,15,1,20.1,1.1,57.4,57.1,2,1,1.00,CYCLE,N
IND,208,6592,59452,15/01/2019,19:28:09,15,1,25.0,1.1,76.7,76.5,2,1,1.00,CYCLE,N
IND,208,6592,59453,15/01/2019,19:28:38,15,0,23.9,1.0,228.6,228.4,2,1,1.00,CYCLE,S
IND,208,6592,59452,15/01/2019,19:29:12,15,1,24.3,1.0,63.7,63.5,2,1,1.00,CYCLE,N
IND,208,6592,59452,15/01/2019,19:31:00,15,1,30.6,1.0,108.1,107.9,2,1,1.00,CYCLE,N
IND,208,6592,59452,15/01/2019,19:31:13,15,1,26.3,1.0,12.2,12.1,2,1,1.00,CYCLE,N
IND,208,6592,59452,15/01/2019,19:31:17,15,1,26.1,1.0,4.6,4.5,2,1,1.00,CYCLE,N
IND,208,6592,59452,15/01/2019,19:33:38,15,1,30.3,1.0,140.8,140.6,2,1,1.00,CYCLE,N
IND,208,6592,59452,15/01/2019,19:33:48,15,1,20.0,1.1,9.8,9.7,2,1,1.00,CYCLE,N
IND,208,6592,59452,15/01/2019,19:36:18,15,1,23.4,1.0,149.8,149.6,2,1,1.00,CYCLE,N
IND,208,6592,59452,15/01/2019,19:36:23,15,1,18.7,1.0,5.4,5.3,2,1,1.00,CYCLE,N
IND,208,6592,59452,15/01/2019,19:36:24,15,1,18.4,1.0,0.6,0.4,2,1,1.00,CYCLE,N
IND,208,6592,59452,15/01/2019,19:37:31,15,1,14.7,1.1,67.0,66.9,2,1,1.00,CYCLE,N
IND,208,6592,59452,15/01/2019,19:37:34,15,1,15.8,1.1,3.7,3.5,2,1,1.00,CYCLE,N
IND,208,6592,59452,15/01/2019,19:38:17,15,1,22.2,1.0,42.9,42.6,2,1,1.00,CYCLE,N
IND,208,6592,59452,15/01/2019,19:40:37,15,1,25.3,1.1,139.7,139.5,2,1,1.00,CYCLE,N
IND,208,6592,59452,15/01/2019,19:40:45,15,1,19.0,1.1,7.9,7.8,2,1,1.00,CYCLE,N
IND,208,6592,59452,15/01/2019,19:40:45,15,1,19.5,1.0,0.3,0.1,2,1,1.00,CYCLE,N
IND,208,6592,59452,15/01/2019,19:40:45,15,1,19.4,1.0,0.4,0.2,2,1,1.00,CYCLE,N
IND,208,6592,59452,15/01/2019,19:44:56,15,1,32.5,1.0,250.2,249.9,2,1,1.00,CYCLE,N
IND,208,6592,59452,15/01/2019,19:45:26,15,1,24.7,1.1,29.9,29.8,2,1,1.00,CYCLE,N
IND,208,6592,59452,15/01/2019,19:46:50,15,1,32.4,1.0,84.5,84.3,2,1,1.00,CYCLE,N
IND,208,6592,59452,15/01/2019,19:46:58,15,1,24.7,1.0,7.6,7.5,2,1,1.00,CYCLE,N
IND,208,6592,59452,15/01/2019,19:47:09,15,1,22.7,1.1,11.3,11.2,2,1,1.00,CYCLE,N
IND,208,6592,59452,15/01/2019,19:47:51,15,1,20.2,1.1,41.9,41.7,2,1,1.00,CYCLE,N
IND,208,6592,59453,15/01/2019,19:48:16,15,0,23.6,1.0,1178.0,1177.8,2,1,1.00,CYCLE,S
IND,208,6592,59453,15/01/2019,19:48:30,15,0,17.7,1.1,14.1,13.9,2,1,1.00,CYCLE,S
IND,208,6592,59452,15/01/2019,19:49:36,15,1,31.3,1.0,105.5,105.3,2,1,1.00,CYCLE,N
IND,208,6592,59452,15/01/2019,19:50:07,15,1,22.7,1.1,30.3,30.2,2,1,1.00,CYCLE,N
IND,208,6592,59452,15/01/2019,19:51:45,15,1,25.6,1.0,98.7,98.6,2,1,1.00,CYCLE,N
IND,208,6592,59453,15/01/2019,19:52:20,15,0,20.9,1.0,229.6,229.4,2,1,1.00,CYCLE,S
IND,208,6592,59452,15/01/2019,19:53:26,15,1,25.8,1.0,100.2,100.1,2,1,1.00,CYCLE,N
IND,208,6592,59452,15/01/2019,19:55:47,15,1,22.5,1.1,141.1,141.0,2,1,1.00,CYCLE,N
IND,208,6592,59452,15/01/2019,19:57:02,15,1,24.0,1.1,75.5,75.3,2,1,1.00,CYCLE,N
IND,208,6592,59452,15/01/2019,19:57:27,15,1,19.7,0.9,24.4,24.3,2,1,1.00,CYCLE,N
IND,208,6592,59453,15/01/2019,19:57:47,15,0,27.9,1.0,327.5,327.3,2,1,1.00,CYCLE,S
IND,208,6592,59453,15/01/2019,19:57:57,15,0,17.5,1.0,9.9,9.7,2,1,1.00,CYCLE,S
IND,208,6592,59453,15/01/2019,20:00:24,15,0,24.4,1.0,146.2,146.0,2,1,1.00,CYCLE,S
IND,208,6592,59452,15/01/2019,20:01:15,15,1,23.2,1.1,228.4,228.2,2,1,1.00,CYCLE,N
IND,208,6592,59452,15/01/2019,20:01:16,15,1,24.6,1.0,1.4,1.3,2,1,1.00,CYCLE,N
IND,208,6592,59452,15/01/2019,20:01:46,15,1,25.6,1.0,29.1,29.0,2,1,1.00,CYCLE,N
IND,208,6592,59452,15/01/2019,20:08:48,15,1,23.2,1.0,422.5,422.3,2,1,1.00,CYCLE,N
IND,208,6592,59452,15/01/2019,20:09:16,15,1,19.5,1.0,28.3,28.2,2,1,1.00,CYCLE,N
IND,208,6592,59452,15/01/2019,20:11:42,15,1,21.7,1.1,145.4,145.2,2,1,1.00,CYCLE,N
IND,208,6592,59452,15/01/2019,20:11:42,15,1,22.7,1.0,0.6,0.4,2,1,1.00,CYCLE,N
IND,208,6592,59452,15/01/2019,20:12:15,15,1,18.8,1.0,32.4,32.2,2,1,1.00,CYCLE,N
IND,208,6592,59452,15/01/2019,20:12:15,15,1,18.8,1.0,0.0,0.0,2,1,1.00,CYCLE,N
IND,208,6592,59453,15/01/2019,20:13:44,15,0,24.9,1.1,800.9,800.8,2,1,1.00,CYCLE,S
IND,208,6592,59452,15/01/2019,20:13:55,15,1,26.8,1.0,99.8,99.3,2,1,1.00,CYCLE,N
IND,208,6592,59452,15/01/2019,20:15:05,15,1,14.4,1.0,70.7,70.6,2,1,1.00,CYCLE,N
IND,208,6592,59452,15/01/2019,20:16:11,15,1,21.4,1.1,65.8,65.5,2,1,1.00,CYCLE,N
IND,208,6592,59452,15/01/2019,20:16:29,15,1,26.8,1.1,18.4,18.2,2,1,1.00,CYCLE,N
IND,208,6592,59452,15/01/2019,20:19:22,15,1,23.7,1.1,172.5,172.3,2,1,1.00,CYCLE,N
IND,208,6592,59452,15/01/2019,20:20:57,15,1,25.0,1.0,95.6,95.4,2,1,0.50,CYCLE,N
IND,208,6592,59453,15/01/2019,20:20:57,15,0,25.0,1.0,0.0,0.0,2,1,0.50,CYCLE,S
IND,208,6592,59452,15/01/2019,20:22:03,15,1,12.6,1.0,66.0,65.8,2,1,1.00,CYCLE,N
IND,208,6592,59453,15/01/2019,20:24:25,15,0,24.3,1.1,640.4,640.3,2,1,1.00,CYCLE,S
IND,208,6592,59453,15/01/2019,20:24:25,15,0,24.6,1.1,0.3,0.2,2,1,1.00,CYCLE,S
IND,208,6592,59453,15/01/2019,20:25:16,15,0,4.2,1.0,50.3,50.2,2,1,0.33,CYCLE,S
IND,208,6592,59453,15/01/2019,20:25:16,15,0,4.2,1.0,0.0,0.0,2,1,0.33,CYCLE,S
IND,208,6592,59453,15/01/2019,20:25:16,15,0,4.2,1.0,0.0,0.0,2,1,0.33,CYCLE,S
IND,208,6592,59452,15/01/2019,20:25:18,15,1,27.9,1.0,194.6,194.2,2,1,1.00,CYCLE,N
IND,208,6592,59452,15/01/2019,20:25:18,15,1,17.9,1.0,0.5,0.4,2,1,1.00,CYCLE,N
IND,208,6592,59452,15/01/2019,20:25:19,15,1,18.9,1.1,0.8,0.6,2,1,1.00,CYCLE,N
IND,208,6592,59452,15/01/2019,20:25:40,15,1,23.1,1.0,20.8,20.6,2,1,1.00,CYCLE,N
IND,208,6592,59452,15/01/2019,20:25:42,15,1,23.5,1.0,1.8,1.6,2,1,1.00,CYCLE,N
IND,208,6592,59452,15/01/2019,20:26:58,15,1,22.4,1.1,75.6,75.5,2,1,1.00,CYCLE,N
IND,208,6592,59452,15/01/2019,20:28:34,15,1,27.2,1.1,97.0,96.8,2,1,1.00,CYCLE,N
IND,208,6592,59452,15/01/2019,20:28:49,15,1,22.0,1.1,14.1,14.0,2,1,1.00,CYCLE,N
IND,208,6592,59452,15/01/2019,20:29:30,15,1,16.8,1.1,41.1,40.9,2,1,1.00,CYCLE,N
IND,208,6592,59452,15/01/2019,20:30:21,15,1,20.5,1.1,51.2,50.9,2,1,1.00,CYCLE,N
IND,208,6592,59452,15/01/2019,20:31:50,15,1,18.2,1.0,89.0,88.8,2,1,1.00,CYCLE,N
IND,208,6592,59453,15/01/2019,20:34:41,15,0,23.6,1.1,565.8,564.5,2,1,1.00,CYCLE,S
IND,208,6592,59452,15/01/2019,20:36:11,15,1,28.9,1.0,261.5,261.3,2,1,1.00,CYCLE,N
IND,208,6592,59452,15/01/2019,20:43:57,15,1,25.8,1.0,465.3,465.2,2,1,1.00,CYCLE,N
IND,208,6592,59452,15/01/2019,20:47:52,15,1,13.7,1.0,235.0,234.9,2,1,1.00,CYCLE,N
IND,208,6592,59452,15/01/2019,20:47:53,15,1,14.7,1.1,1.5,1.2,2,1,1.00,CYCLE,N
IND,208,6592,59452,15/01/2019,20:48:31,15,1,26.9,1.1,38.0,37.7,2,1,1.00,CYCLE,N
IND,208,6592,59452,15/01/2019,20:50:14,15,1,22.6,1.1,103.1,103.0,2,1,1.00,CYCLE,N
IND,208,6592,59453,15/01/2019,20:51:30,15,0,15.8,1.1,1008.1,1007.9,2,1,1.00,CYCLE,S
IND,208,6592,59452,15/01/2019,20:52:04,15,1,18.7,1.1,109.5,109.4,2,1,1.00,CYCLE,N
IND,208,6592,59453,15/01/2019,20:52:37,15,0,28.7,1.0,67.2,67.0,2,1,1.00,CYCLE,S
IND,208,6592,59452,15/01/2019,20:59:28,15,1,24.3,1.0,444.6,444.4,2,1,1.00,CYCLE,N
IND,208,6592,59453,15/01/2019,21:00:06,15,0,22.8,1.0,449.2,449.1,2,1,1.00,CYCLE,S
IND,208,6592,59453,15/01/2019,21:05:50,15,0,22.8,1.0,343.8,343.7,2,1,1.00,CYCLE,S
IND,208,6592,59453,15/01/2019,21:05:56,15,0,20.9,1.1,6.4,6.2,2,1,1.00,CYCLE,S
IND,208,6592,59452,15/01/2019,21:10:43,15,1,19.2,1.0,674.6,674.4,2,1,1.00,CYCLE,N
IND,208,6592,59452,15/01/2019,21:12:51,15,1,22.8,1.1,127.9,127.7,2,1,1.00,CYCLE,N
IND,208,6592,59452,15/01/2019,21:12:58,15,1,32.7,1.1,7.3,7.1,2,1,1.00,CYCLE,N
IND,208,6592,59452,15/01/2019,21:15:16,15,1,19.9,1.0,137.7,137.6,2,1,1.00,CYCLE,N
IND,208,6592,59452,15/01/2019,21:16:28,15,1,24.6,1.1,71.9,71.7,2,1,1.00,CYCLE,N
IND,208,6592,59452,15/01/2019,21:17:43,15,1,19.5,1.1,75.0,74.8,2,1,1.00,CYCLE,N
IND,208,6592,59453,15/01/2019,21:19:44,15,0,27.7,1.0,827.6,827.4,2,1,1.00,CYCLE,S
IND,208,6592,59452,15/01/2019,21:23:24,15,1,25.3,1.1,341.4,341.1,2,1,1.00,CYCLE,N
IND,208,6592,59452,15/01/2019,21:28:15,15,1,23.3,1.1,290.7,290.6,2,1,1.00,CYCLE,N
IND,208,6592,59452,15/01/2019,21:28:34,15,1,21.5,1.0,19.2,19.0,2,1,1.00,CYCLE,N
IND,208,6592,59452,15/01/2019,21:31:00,15,1,26.7,1.0,145.5,145.3,2,1,1.00,CYCLE,N
IND,208,6592,59453,15/01/2019,21:31:54,15,0,22.1,1.0,729.9,729.8,2,1,1.00,CYCLE,S
IND,208,6592,59452,15/01/2019,21:39:28,15,1,18.5,1.1,508.5,508.4,2,1,1.00,CYCLE,N
IND,208,6592,59452,15/01/2019,21:43:02,15,1,23.9,1.1,213.7,213.4,2,1,1.00,CYCLE,N
IND,208,6592,59452,15/01/2019,21:44:56,15,1,28.6,1.1,114.0,113.8,2,1,1.00,CYCLE,N
IND,208,6592,59452,15/01/2019,21:46:27,15,1,23.0,1.1,91.7,91.5,2,1,1.00,CYCLE,N
IND,208,6592,59452,15/01/2019,21:48:15,15,1,25.2,1.1,107.7,107.5,2,1,1.00,CYCLE,N
IND,208,6592,59452,15/01/2019,21:48:15,15,1,24.9,1.1,0.3,0.1,2,1,1.00,CYCLE,N
IND,208,6592,59452,15/01/2019,21:56:49,15,1,20.2,1.1,514.0,513.8,2,1,1.00,CYCLE,N
IND,208,6592,59452,15/01/2019,21:57:18,15,1,27.4,1.0,28.7,28.5,2,1,1.00,CYCLE,N
IND,208,6592,59452,15/01/2019,22:07:23,15,1,19.3,1.1,604.8,604.7,2,1,1.00,CYCLE,N
IND,208,6592,59452,15/01/2019,22:11:29,15,1,26.8,1.0,246.6,246.4,2,1,1.00,CYCLE,N
IND,208,6592,59452,15/01/2019,22:16:14,15,1,23.1,1.0,226.7,226.5,2,1,1.00,CYCLE,N
IND,208,6592,59452,15/01/2019,22:18:32,15,1,24.8,1.1,137.4,137.3,2,1,1.00,CYCLE,N
IND,208,6592,59452,15/01/2019,22:26:17,15,1,26.1,1.1,465.8,465.6,2,1,1.00,CYCLE,N
IND,208,6592,59452,15/01/2019,22:26:39,15,1,15.7,1.0,21.6,21.5,2,1,1.00,CYCLE,N
IND,208,6592,59453,15/01/2019,22:31:49,15,0,18.9,1.0,3595.1,3594.9,2,1,1.00,CYCLE,S
IND,208,6592,59453,15/01/2019,22:43:43,15,0,22.2,1.1,714.0,713.8,2,1,1.00,CYCLE,S
IND,208,6592,59453,15/01/2019,22:45:16,15,0,14.5,1.0,93.0,92.8,2,1,1.00,CYCLE,S
IND,208,6592,59452,15/01/2019,22:46:54,15,1,16.3,1.1,1215.4,1215.1,2,1,1.00,CYCLE,N
IND,208,6592,59452,15/01/2019,22:58:51,15,1,23.4,1.0,716.7,716.5,2,1,1.00,CYCLE,N
IND,208,6592,59453,15/01/2019,23:03:29,15,0,26.4,1.0,1092.9,1092.6,2,1,1.00,CYCLE,S
IND,208,6592,59452,15/01/2019,23:04:59,15,1,17.2,1.1,368.0,367.9,2,1,1.00,CYCLE,N
IND,208,6592,59453,15/01/2019,23:05:19,15,0,6.0,1.0,110.0,109.9,2,1,0.50,CYCLE,S
IND,208,6592,59453,15/01/2019,23:23:47,15,0,19.9,1.1,1108.2,1107.6,2,1,1.00,CYCLE,S
IND,208,6592,59453,15/01/2019,23:30:09,15,0,23.4,1.1,382.4,382.2,2,1,1.00,CYCLE,S
IND,208,6592,59453,15/01/2019,23:38:36,15,0,16.0,1.0,506.6,506.5,2,1,1.00,CYCLE,S
IND,208,6592,59452,16/01/2019,00:21:12,15,1,30.5,0.9,4572.7,4572.4,2,1,1.00,CYCLE,N
IND,208,6592,59452,16/01/2019,00:23:19,15,1,9.5,1.0,126.9,126.9,2,1,1.00,CYCLE,N
IND,208,6592,59452,16/01/2019,00:37:46,15,1,21.2,1.1,867.8,867.3,2,1,1.00,CYCLE,N
IND,208,6592,59452,16/01/2019,02:48:57,15,1,26.9,1.0,7870.4,7870.2,2,1,1.00,CYCLE,N
IND,208,6592,59452,16/01/2019,03:30:49,15,1,19.8,1.0,2511.9,2511.8,2,1,1.00,CYCLE,N
IND,208,6592,59452,16/01/2019,03:30:49,15,1,19.8,1.0,0.0,0.0,2,1,1.00,CYCLE,N
IND,208,6592,59452,16/01/2019,03:32:39,15,1,26.2,1.1,109.9,109.6,2,1,1.00,CYCLE,N
IND,208,6592,59453,16/01/2019,03:37:41,15,0,31.5,1.0,14345.1,14344.9,2,1,1.00,CYCLE,S
IND,208,6592,59452,16/01/2019,03:50:17,15,1,18.9,1.1,1058.2,1058.1,2,1,1.00,CYCLE,N
IND,208,6592,59453,16/01/2019,04:00:39,15,0,27.5,1.0,1378.3,1378.2,2,1,1.00,CYCLE,S
IND,208,6592,59453,16/01/2019,04:04:21,15,0,20.2,1.1,221.3,221.2,2,1,1.00,CYCLE,S
IND,208,6592,59452,16/01/2019,04:09:16,15,1,23.9,0.8,1139.4,1139.2,2,1,1.00,CYCLE,N
IND,208,6592,59453,16/01/2019,04:10:18,15,0,30.1,1.0,357.5,357.3,2,1,1.00,CYCLE,S
IND,208,6592,59453,16/01/2019,04:13:23,15,0,34.6,1.0,185.1,185.0,2,1,1.00,CYCLE,S
IND,208,6592,59453,16/01/2019,04:13:50,15,0,35.1,1.0,26.9,26.8,2,1,1.00,CYCLE,S
IND,208,6592,59453,16/01/2019,04:13:52,15,0,29.4,1.0,1.9,1.8,2,1,1.00,CYCLE,S
IND,208,6592,59453,16/01/2019,04:14:55,15,0,32.5,1.0,62.5,62.4,2,1,1.00,CYCLE,S
IND,208,6592,59453,16/01/2019,04:14:55,15,0,34.5,1.0,0.2,0.1,2,1,1.00,CYCLE,S
IND,208,6592,59453,16/01/2019,04:18:37,15,0,28.8,1.0,221.9,221.8,2,1,1.00,CYCLE,S
IND,208,6592,59453,16/01/2019,04:21:59,15,0,25.6,1.1,202.8,202.7,2,1,1.00,CYCLE,S
IND,208,6592,59453,16/01/2019,04:25:32,15,0,30.5,1.1,212.7,212.6,2,1,1.00,CYCLE,S
IND,208,6592,59453,16/01/2019,04:25:38,15,0,26.8,1.0,5.6,5.5,2,1,1.00,CYCLE,S
IND,208,6592,59453,16/01/2019,04:25:38,15,0,26.8,1.0,0.0,0.0,2,1,1.00,CYCLE,S
IND,208,6592,59453,16/01/2019,04:27:02,15,0,24.1,1.1,84.6,84.4,2,1,1.00,CYCLE,S
IND,208,6592,59453,16/01/2019,04:27:15,15,0,26.4,1.0,12.4,12.2,2,1,1.00,CYCLE,S
IND,208,6592,59453,16/01/2019,04:28:35,15,0,26.0,1.0,80.1,80.0,2,1,1.00,CYCLE,S
IND,208,6592,59453,16/01/2019,04:28:49,15,0,25.0,1.0,14.3,14.2,2,1,1.00,CYCLE,S
IND,208,6592,59452,16/01/2019,04:31:21,15,1,25.4,1.0,1324.9,1324.8,2,1,1.00,CYCLE,N
IND,208,6592,59453,16/01/2019,04:31:23,15,0,23.9,1.0,153.8,153.6,2,1,1.00,CYCLE,S
IND,208,6592,59453,16/01/2019,04:33:25,15,0,26.1,1.0,122.1,121.9,2,1,1.00,CYCLE,S
IND,208,6592,59453,16/01/2019,04:33:43,15,0,29.3,1.0,17.9,17.7,2,1,1.00,CYCLE,S
IND,208,6592,59453,16/01/2019,04:36:24,15,0,30.7,1.0,161.2,161.1,2,1,1.00,CYCLE,S
IND,208,6592,59453,16/01/2019,04:36:37,15,0,23.3,1.0,13.3,13.2,2,1,1.00,CYCLE,S
IND,208,6592,59453,16/01/2019,04:37:03,15,0,28.0,1.0,25.4,25.3,2,1,1.00,CYCLE,S
IND,208,6592,59453,16/01/2019,04:37:09,15,0,27.4,1.0,5.9,5.8,2,1,1.00,CYCLE,S
IND,208,6592,59453,16/01/2019,04:38:09,15,0,24.6,1.1,60.0,59.9,2,1,1.00,CYCLE,S
IND,208,6592,59453,16/01/2019,04:39:32,15,0,21.8,1.0,83.4,83.2,2,1,1.00,CYCLE,S
IND,208,6592,59452,16/01/2019,04:40:16,15,1,19.3,1.0,535.3,535.2,2,1,1.00,CYCLE,N
IND,208,6592,59453,16/01/2019,04:40:29,15,0,20.8,1.0,56.4,56.3,2,1,1.00,CYCLE,S
IND,208,6592,59452,16/01/2019,04:42:25,15,1,20.3,1.1,21.6,21.4,2,1,1.00,CYCLE,N
IND,208,6592,59453,16/01/2019,04:42:35,15,0,27.6,1.0,126.4,126.2,2,1,1.00,CYCLE,S
IND,208,6592,59453,16/01/2019,04:44:08,15,0,26.1,1.1,92.6,92.5,2,1,1.00,CYCLE,S
IND,208,6592,59453,16/01/2019,04:46:00,15,0,28.9,1.0,112.6,112.5,2,1,1.00,CYCLE,S
IND,208,6592,59453,16/01/2019,04:47:44,15,0,28.3,1.0,103.3,103.2,2,1,1.00,CYCLE,S
IND,208,6592,59452,16/01/2019,04:48:16,15,1,20.8,1.0,350.1,349.9,2,1,1.00,CYCLE,N
IND,208,6592,59453,16/01/2019,04:49:05,15,0,30.0,1.1,81.2,81.1,2,1,1.00,CYCLE,S
IND,208,6592,59453,16/01/2019,04:49:10,15,0,26.6,1.0,5.0,4.8,2,1,1.00,CYCLE,S
IND,208,6592,59453,16/01/2019,04:50:47,15,0,24.9,1.0,97.6,97.5,2,1,1.00,CYCLE,S
IND,208,6592,59452,16/01/2019,04:52:54,15,1,21.4,1.1,278.1,278.0,2,1,1.00,CYCLE,N
IND,208,6592,59452,16/01/2019,04:54:31,15,1,21.6,1.0,97.3,97.1,2,1,1.00,CYCLE,N
IND,208,6592,59452,16/01/2019,04:55:00,15,1,16.4,1.0,29.2,29.0,2,1,1.00,CYCLE,N
IND,208,6592,59453,16/01/2019,04:55:38,15,0,27.6,1.0,290.8,290.7,2,1,1.00,CYCLE,S
IND,208,6592,59452,16/01/2019,04:56:29,15,1,24.4,1.1,89.2,88.9,2,1,1.00,CYCLE,N
IND,208,6592,59453,16/01/2019,04:56:55,15,0,28.2,1.0,76.7,76.5,2,1,1.00,CYCLE,S
IND,208,6592,59453,16/01/2019,04:58:38,15,0,24.0,1.0,103.5,103.3,2,1,1.00,CYCLE,S
IND,208,6592,59453,16/01/2019,04:58:38,15,0,24.0,1.0,0.0,0.0,2,1,1.00,CYCLE,S
IND,208,6592,59453,16/01/2019,04:59:07,15,0,24.6,1.1,28.7,28.5,2,1,1.00,CYCLE,S
IND,208,6592,59453,16/01/2019,04:59:41,15,0,24.4,1.0,34.3,34.2,2,1,1.00,CYCLE,S
IND,208,6592,59453,16/01/2019,04:59:42,15,0,35.8,1.0,0.3,0.2,2,1,1.00,CYCLE,S
IND,208,6592,59453,16/01/2019,04:59:42,15,0,24.8,1.0,0.6,0.5,2,1,1.00,CYCLE,S
IND,208,6592,59453,16/01/2019,05:01:32,15,0,32.0,1.0,110.2,110.0,2,1,1.00,CYCLE,S
IND,208,6592,59453,16/01/2019,05:02:05,15,0,16.9,1.0,32.6,32.5,2,1,1.00,CYCLE,S
IND,208,6592,59453,16/01/2019,05:02:18,15,0,24.5,1.0,12.9,12.7,2,1,1.00,CYCLE,S
IND,208,6592,59453,16/01/2019,05:02:30,15,0,18.0,1.1,12.3,12.2,2,1,1.00,CYCLE,S
IND,208,6592,59453,16/01/2019,05:03:49,15,0,21.0,1.1,79.2,79.0,2,1,1.00,CYCLE,S
IND,208,6592,59453,16/01/2019,05:04:12,15,0,28.0,1.0,22.3,22.1,2,1,1.00,CYCLE,S
IND,208,6592,59453,16/01/2019,05:04:13,15,0,29.2,1.1,0.9,0.8,2,1,1.00,CYCLE,S
IND,208,6592,59453,16/01/2019,05:05:33,15,0,22.8,1.1,80.8,80.6,2,1,1.00,CYCLE,S
IND,208,6592,59453,16/01/2019,05:06:06,15,0,30.1,1.1,33.1,32.9,2,1,1.00,CYCLE,S
IND,208,6592,59453,16/01/2019,05:06:28,15,0,24.4,1.1,21.6,21.5,2,1,1.00,CYCLE,S
IND,208,6592,59453,16/01/2019,05:07:28,15,0,25.7,1.0,59.8,59.7,2,1,1.00,CYCLE,S
IND,208,6592,59453,16/01/2019,05:09:23,15,0,23.4,1.0,115.5,115.3,2,1,1.00,CYCLE,S
IND,208,6592,59453,16/01/2019,05:09:59,15,0,20.4,1.1,35.2,35.0,2,1,1.00,CYCLE,S
IND,208,6592,59453,16/01/2019,05:10:11,15,0,24.7,1.0,12.8,12.6,2,1,1.00,CYCLE,S
IND,208,6592,59453,16/01/2019,05:11:46,15,0,26.6,1.0,94.9,94.8,2,1,1.00,CYCLE,S
IND,208,6592,59453,16/01/2019,05:11:51,15,0,27.7,1.0,4.6,4.5,2,1,1.00,CYCLE,S
IND,208,6592,59453,16/01/2019,05:12:23,15,0,28.4,1.0,32.4,32.3,2,1,1.00,CYCLE,S
IND,208,6592,59453,16/01/2019,05:12:42,15,0,25.8,1.1,18.3,18.2,2,1,1.00,CYCLE,S
IND,208,6592,59453,16/01/2019,05:12:46,15,0,20.2,1.0,4.6,4.4,2,1,1.00,CYCLE,S
IND,208,6592,59453,16/01/2019,05:14:31,15,0,22.6,1.1,104.3,104.1,2,1,1.00,CYCLE,S
IND,208,6592,59453,16/01/2019,05:15:54,15,0,28.2,1.0,83.3,83.1,2,1,1.00,CYCLE,S
IND,208,6592,59452,16/01/2019,05:16:48,15,1,29.9,1.1,1218.9,1218.8,2,1,1.00,CYCLE,N
IND,208,6592,59453,16/01/2019,05:18:17,15,0,33.1,1.0,143.0,142.8,2,1,1.00,CYCLE,S
IND,208,6592,59453,16/01/2019,05:18:19,15,0,32.9,1.0,2.2,2.1,2,1,1.00,CYCLE,S
IND,208,6592,59452,16/01/2019,05:19:00,15,1,22.5,1.1,131.3,131.2,2,1,1.00,CYCLE,N
IND,208,6592,59453,16/01/2019,05:19:05,15,0,26.8,1.0,46.3,46.2,2,1,1.00,CYCLE,S
IND,208,6592,59453,16/01/2019,05:20:05,15,0,21.8,0.8,59.5,59.4,2,1,1.00,CYCLE,S
IND,208,6592,59452,16/01/2019,05:20:06,15,1,20.3,1.0,66.1,65.9,2,1,1.00,CYCLE,N
IND,208,6592,59453,16/01/2019,05:20:14,15,0,26.6,1.0,8.8,8.6,2,1,1.00,CYCLE,S
IND,208,6592,59453,16/01/2019,05:20:16,15,0,27.0,1.0,1.9,1.7,2,1,1.00,CYCLE,S
IND,208,6592,59452,16/01/2019,05:20:29,15,1,22.4,1.0,23.2,23.0,2,1,1.00,CYCLE,N
IND,208,6592,59453,16/01/2019,05:22:15,15,0,26.5,1.0,9.7,9.4,2,1,1.00,CYCLE,S
IND,208,6592,59453,16/01/2019,05:22:37,15,0,21.8,1.1,22.5,22.3,2,1,1.00,CYCLE,S
IND,208,6592,59453,16/01/2019,05:22:40,15,0,27.4,1.1,2.5,2.3,2,1,1.00,CYCLE,S
IND,208,6592,59453,16/01/2019,05:23:00,15,0,22.2,1.1,20.0,19.8,2,1,1.00,CYCLE,S
IND,208,6592,59453,16/01/2019,05:23:56,15,0,23.1,1.0,56.5,56.3,2,1,1.00,CYCLE,S
IND,208,6592,59453,16/01/2019,05:25:09,15,0,28.3,1.0,73.0,72.9,2,1,1.00,CYCLE,S
IND,208,6592,59453,16/01/2019,05:26:42,15,0,28.7,1.0,93.2,93.1,2,1,1.00,CYCLE,S
IND,208,6592,59453,16/01/2019,05:27:21,15,0,17.1,1.0,38.6,38.5,2,1,1.00,CYCLE,S
IND,208,6592,59453,16/01/2019,05:27:22,15,0,17.2,1.0,0.6,0.4,2,1,1.00,CYCLE,S
IND,208,6592,59452,16/01/2019,05:27:48,15,1,32.9,1.1,439.3,439.2,2,1,1.00,CYCLE,N
IND,208,6592,59452,16/01/2019,05:27:50,15,1,32.6,1.1,1.6,1.4,2,1,1.00,CYCLE,N
IND,208,6592,59453,16/01/2019,05:27:54,15,0,30.9,1.0,32.6,32.4,2,1,1.00,CYCLE,S
IND,208,6592,59453,16/01/2019,05:27:58,15,0,22.0,1.0,3.6,3.5,2,1,1.00,CYCLE,S
IND,208,6592,59453,16/01/2019,05:28:01,15,0,27.0,1.0,3.0,2.9,2,1,1.00,CYCLE,S
IND,208,6592,59452,16/01/2019,05:28:04,15,1,27.4,1.0,14.2,14.1,2,1,1.00,CYCLE,N
IND,208,6592,59453,16/01/2019,05:28:46,15,0,22.2,1.0,44.8,44.7,2,1,1.00,CYCLE,S
IND,208,6592,59453,16/01/2019,05:29:02,15,0,22.0,1.1,16.3,16.1,2,1,1.00,CYCLE,S
IND,208,6592,59453,16/01/2019,05:29:22,15,0,29.9,1.0,19.7,19.5,2,1,1.00,CYCLE,S
IND,208,6592,59453,16/01/2019,05:29:27,15,0,29.0,1.1,5.7,5.6,2,1,1.00,CYCLE,S
IND,208,6592,59453,16/01/2019,05:29:46,15,0,22.7,1.0,18.4,18.3,2,1,1.00,CYCLE,S
IND,208,6592,59453,16/01/2019,05:29:51,15,0,28.0,1.0,4.7,4.6,2,1,1.00,CYCLE,S
IND,208,6592,59453,16/01/2019,05:30:14,15,0,26.0,1.0,23.4,23.3,2,1,1.00,CYCLE,S
IND,208,6592,59453,16/01/2019,05:30:17,15,0,23.4,1.1,3.3,3.1,2,1,1.00,CYCLE,S
IND,208,6592,59453,16/01/2019,05:30:32,15,0,24.5,1.1,14.6,14.5,2,1,1.00,CYCLE,S
IND,208,6592,59452,16/01/2019,05:31:13,15,1,30.9,1.1,189.4,189.2,2,1,1.00,CYCLE,N
IND,208,6592,59453,16/01/2019,05:32:05,15,0,29.3,1.0,93.1,92.9,2,1,1.00,CYCLE,S
IND,208,6592,59453,16/01/2019,05:32:09,15,0,26.4,1.0,4.4,4.2,2,1,1.00,CYCLE,S
IND,208,6592,59453,16/01/2019,05:32:51,15,0,33.9,1.0,42.0,41.8,2,1,1.00,CYCLE,S
IND,208,6592,59453,16/01/2019,05:33:10,15,0,24.6,1.1,19.0,18.8,2,1,1.00,CYCLE,S
IND,208,6592,59453,16/01/2019,05:33:17,15,0,29.4,1.0,6.6,6.5,2,1,1.00,CYCLE,S
IND,208,6592,59453,16/01/2019,05:33:44,15,0,28.5,1.0,26.8,26.7,2,1,1.00,CYCLE,S
IND,208,6592,59453,16/01/2019,05:33:45,15,0,23.1,1.1,1.1,1.0,2,1,1.00,CYCLE,S
IND,208,6592,59453,16/01/2019,05:34:19,15,0,27.8,1.0,33.8,33.6,2,1,1.00,CYCLE,S
IND,208,6592,59453,16/01/2019,05:34:24,15,0,22.5,1.1,5.2,5.1,2,1,1.00,CYCLE,S
IND,208,6592,59453,16/01/2019,05:34:24,15,0,22.8,1.1,0.6,0.4,2,1,1.00,CYCLE,S
IND,208,6592,59453,16/01/2019,05:35:14,15,0,29.2,1.0,49.4,49.2,2,1,1.00,CYCLE,S
IND,208,6592,59453,16/01/2019,05:35:45,15,0,27.7,1.0,30.8,30.7,2,1,1.00,CYCLE,S
IND,208,6592,59453,16/01/2019,05:36:00,15,0,23.7,1.0,15.1,15.0,2,1,1.00,CYCLE,S
IND,208,6592,59453,16/01/2019,05:36:02,15,0,26.1,1.1,2.5,2.3,2,1,1.00,CYCLE,S
IND,208,6592,59452,16/01/2019,05:36:34,15,1,24.0,1.0,321.0,320.9,2,1,1.00,CYCLE,N
IND,208,6592,59453,16/01/2019,05:36:39,15,0,31.3,1.0,37.2,37.1,2,1,1.00,CYCLE,S
IND,208,6592,59453,16/01/2019,05:36:45,15,0,29.1,1.0,5.1,5.0,2,1,1.00,CYCLE,S
IND,208,6592,59453,16/01/2019,05:36:47,15,0,29.7,1.1,2.6,2.5,2,1,1.00,CYCLE,S
IND,208,6592,59452,16/01/2019,05:36:58,15,1,21.6,1.1,23.5,23.3,2,1,1.00,CYCLE,N
IND,208,6592,59453,16/01/2019,05:37:13,15,0,23.2,1.1,25.8,25.7,2,1,1.00,CYCLE,S
IND,208,6592,59453,16/01/2019,05:37:59,15,0,22.7,1.0,46.4,46.3,2,1,1.00,CYCLE,S
IND,208,6592,59453,16/01/2019,05:38:01,15,0,22.4,1.0,1.2,1.1,2,1,1.00,CYCLE,S
IND,208,6592,59453,16/01/2019,05:38:02,15,0,25.0,1.0,1.6,1.4,2,1,1.00,CYCLE,S
IND,208,6592,59453,16/01/2019,05:38:04,15,0,26.1,1.0,1.5,1.4,2,1,1.00,CYCLE,S
IND,208,6592,59453,16/01/2019,05:38:31,15,0,20.2,1.1,27.0,26.8,2,1,1.00,CYCLE,S
IND,208,6592,59453,16/01/2019,05:38:33,15,0,32.0,1.0,2.7,2.5,2,1,1.00,CYCLE,S
IND,208,6592,59453,16/01/2019,05:38:35,15,0,25.2,1.0,1.8,1.7,2,1,1.00,CYCLE,S
IND,208,6592,59453,16/01/2019,05:38:37,15,0,30.5,1.1,1.7,1.6,2,1,1.00,CYCLE,S
IND,208,6592,59453,16/01/2019,05:38:37,15,0,31.0,1.0,0.6,0.4,2,1,1.00,CYCLE,S
IND,208,6592,59452,16/01/2019,05:38:49,15,1,25.1,1.0,111.0,110.8,2,1,1.00,CYCLE,N
IND,208,6592,59453,16/01/2019,05:40:17,15,0,26.0,1.1,99.1,99.0,2,1,1.00,CYCLE,S
IND,208,6592,59453,16/01/2019,05:40:19,15,0,25.3,1.1,2.0,1.9,2,1,1.00,CYCLE,S
IND,208,6592,59453,16/01/2019,05:40:56,15,0,29.3,1.0,37.3,37.2,2,1,1.00,CYCLE,S
IND,208,6592,59452,16/01/2019,05:40:57,15,1,22.0,1.1,128.1,127.9,2,1,1.00,CYCLE,N
IND,208,6592,59453,16/01/2019,05:41:02,15,0,27.4,1.1,5.9,5.8,2,1,1.00,CYCLE,S
IND,208,6592,59453,16/01/2019,05:43:04,15,0,25.3,1.0,122.5,122.4,2,1,1.00,CYCLE,S
IND,208,6592,59453,16/01/2019,05:43:45,15,0,25.5,1.1,40.6,40.5,2,1,1.00,CYCLE,S
IND,208,6592,59453,16/01/2019,05:43:52,15,0,21.5,1.1,7.3,7.1,2,1,1.00,CYCLE,S
IND,208,6592,59453,16/01/2019,05:44:05,15,0,23.5,1.1,13.2,13.0,2,1,1.00,CYCLE,S
IND,208,6592,59453,16/01/2019,05:44:08,15,0,23.5,1.1,2.3,2.1,2,1,1.00,CYCLE,S
IND,208,6592,59453,16/01/2019,05:44:39,15,0,24.4,1.1,31.2,31.1,2,1,1.00,CYCLE,S
IND,208,6592,59452,16/01/2019,05:44:48,15,1,34.2,1.0,231.1,230.9,2,1,1.00,CYCLE,N
IND,208,6592,59453,16/01/2019,05:46:14,15,0,30.8,1.0,95.3,95.1,2,1,1.00,CYCLE,S
IND,208,6592,59453,16/01/2019,05:46:16,15,0,26.7,1.0,1.4,1.3,2,1,1.00,CYCLE,S
IND,208,6592,59453,16/01/2019,05:46:16,15,0,27.1,1.0,0.5,0.4,2,1,1.00,CYCLE,S
IND,208,6592,59453,16/01/2019,05:46:47,15,0,34.7,1.0,30.5,30.4,2,1,1.00,CYCLE,S
IND,208,6592,59453,16/01/2019,05:46:47,15,0,34.6,1.0,0.2,0.1,2,1,1.00,CYCLE,S
IND,208,6592,59453,16/01/2019,05:46:48,15,0,37.5,1.0,1.1,1.0,2,1,1.00,CYCLE,S
IND,208,6592,59453,16/01/2019,05:46:48,15,0,38.1,1.0,0.4,0.3,2,1,1.00,CYCLE,S
IND,208,6592,59453,16/01/2019,05:46:49,15,0,29.3,1.1,0.6,0.5,2,1,1.00,CYCLE,S
IND,208,6592,59453,16/01/2019,05:46:50,15,0,36.9,1.0,0.9,0.8,2,1,1.00,CYCLE,S
IND,208,6592,59452,16/01/2019,05:46:52,15,1,34.8,1.0,124.5,124.4,2,1,1.00,CYCLE,N
IND,208,6592,59452,16/01/2019,05:46:57,15,1,30.1,1.0,4.3,4.2,2,1,1.00,CYCLE,N
IND,208,6592,59452,16/01/2019,05:46:57,15,1,30.1,1.0,0.0,0.0,2,1,1.00,CYCLE,N
IND,208,6592,59453,16/01/2019,05:47:21,15,0,26.3,1.0,31.5,31.4,2,1,1.00,CYCLE,S
IND,208,6592,59453,16/01/2019,05:47:23,15,0,30.2,1.0,2.0,1.9,2,1,1.00,CYCLE,S
IND,208,6592,59453,16/01/2019,05:48:00,15,0,25.4,1.1,37.1,37.0,2,1,1.00,CYCLE,S
IND,208,6592,59453,16/01/2019,05:48:01,15,0,30.5,1.0,0.8,0.7,2,1,1.00,CYCLE,S
IND,208,6592,59453,16/01/2019,05:48:15,15,0,17.9,1.1,14.1,14.0,2,1,1.00,CYCLE,S
IND,208,6592,59453,16/01/2019,05:48:18,15,0,32.0,1.0,2.3,2.1,2,1,1.00,CYCLE,S
IND,208,6592,59453,16/01/2019,05:48:36,15,0,24.7,1.0,18.3,18.2,2,1,1.00,CYCLE,S
IND,208,6592,59453,16/01/2019,05:48:37,15,0,26.0,1.1,1.0,0.8,2,1,1.00,CYCLE,S
IND,208,6592,59453,16/01/2019,05:48:40,15,0,25.2,1.0,3.3,3.1,2,1,1.00,CYCLE,S
IND,208,6592,59453,16/01/2019,05:48:49,15,0,26.8,1.0,8.5,8.4,2,1,1.00,CYCLE,S
IND,208,6592,59453,16/01/2019,05:48:53,15,0,27.1,1.1,4.5,4.4,2,1,1.00,CYCLE,S
IND,208,6592,59453,16/01/2019,05:49:08,15,0,32.6,1.0,14.7,14.5,2,1,1.00,CYCLE,S
IND,208,6592,59453,16/01/2019,05:49:37,15,0,19.3,1.0,28.8,28.7,2,1,0.67,CYCLE,S
IND,208,6592,59453,16/01/2019,05:49:37,15,0,19.3,1.0,0.0,0.0,2,1,0.67,CYCLE,S
IND,208,6592,59453,16/01/2019,05:49:57,15,0,29.1,1.0,20.7,19.5,2,1,1.00,CYCLE,S
IND,208,6592,59453,16/01/2019,05:50:02,15,0,25.8,1.1,4.7,4.6,2,1,1.00,CYCLE,S
IND,208,6592,59453,16/01/2019,05:50:43,15,0,30.8,1.0,40.6,40.5,2,1,1.00,CYCLE,S
IND,208,6592,59453,16/01/2019,05:50:58,15,0,29.9,1.0,14.9,14.7,2,1,1.00,CYCLE,S
IND,208,6592,59453,16/01/2019,05:50:58,15,0,30.5,1.0,0.5,0.3,2,1,1.00,CYCLE,S
IND,208,6592,59453,16/01/2019,05:51:21,15,0,26.7,1.1,23.1,22.9,2,1,1.00,CYCLE,S
IND,208,6592,59453,16/01/2019,05:51:30,15,0,17.8,1.1,9.2,9.1,2,1,1.00,CYCLE,S
IND,208,6592,59453,16/01/2019,05:51:35,15,0,21.3,1.0,4.5,4.3,2,1,1.00,CYCLE,S
IND,208,6592,59453,16/01/2019,05:51:49,15,0,22.2,1.0,13.7,13.5,2,1,1.00,CYCLE,S
IND,208,6592,59453,16/01/2019,05:52:01,15,0,25.8,1.1,12.1,11.9,2,1,1.00,CYCLE,S
IND,208,6592,59453,16/01/2019,05:52:01,15,0,26.3,1.0,0.6,0.5,2,1,1.00,CYCLE,S
IND,208,6592,59453,16/01/2019,05:52:03,15,0,26.6,1.0,1.3,1.2,2,1,1.00,CYCLE,S
IND,208,6592,59453,16/01/2019,05:52:11,15,0,21.6,1.1,8.1,8.0,2,1,1.00,CYCLE,S
IND,208,6592,59452,16/01/2019,05:52:26,15,1,24.6,1.1,107.2,107.0,2,1,1.00,CYCLE,N
IND,208,6592,59453,16/01/2019,05:52:58,15,0,28.0,1.0,47.1,47.0,2,1,1.00,CYCLE,S
IND,208,6592,59453,16/01/2019,05:53:00,15,0,23.8,1.1,1.9,1.8,2,1,1.00,CYCLE,S
IND,208,6592,59453,16/01/2019,05:53:11,15,0,27.7,1.0,10.9,10.7,2,1,1.00,CYCLE,S
IND,208,6592,59453,16/01/2019,05:53:15,15,0,32.7,1.0,4.1,4.0,2,1,1.00,CYCLE,S
IND,208,6592,59453,16/01/2019,05:53:16,15,0,23.8,1.1,1.0,0.9,2,1,1.00,CYCLE,S
IND,208,6592,59453,16/01/2019,05:53:16,15,0,27.6,1.0,0.5,0.4,2,1,1.00,CYCLE,S
IND,208,6592,59453,16/01/2019,05:53:17,15,0,25.9,1.0,1.1,0.9,2,1,1.00,CYCLE,S
IND,208,6592,59452,16/01/2019,05:53:40,15,1,30.3,1.0,74.7,74.5,2,1,1.00,CYCLE,N
IND,208,6592,59453,16/01/2019,05:53:50,15,0,26.7,1.0,32.9,32.8,2,1,1.00,CYCLE,S
IND,208,6592,59452,16/01/2019,05:54:11,15,1,27.2,1.0,30.2,30.1,2,1,1.00,CYCLE,N
IND,208,6592,59453,16/01/2019,05:54:28,15,0,28.0,1.1,37.2,37.1,2,1,1.00,CYCLE,S
IND,208,6592,59453,16/01/2019,05:54:31,15,0,26.9,1.0,3.7,3.5,2,1,1.00,CYCLE,S
IND,208,6592,59452,16/01/2019,05:54:44,15,1,30.3,1.1,33.2,33.1,2,1,1.00,CYCLE,N
IND,208,6592,59452,16/01/2019,05:54:44,15,1,22.8,1.1,0.2,0.1,2,1,1.00,CYCLE,N
IND,208,6592,59453,16/01/2019,05:54:54,15,0,29.1,1.0,22.8,22.7,2,1,1.00,CYCLE,S
IND,208,6592,59452,16/01/2019,05:55:25,15,1,25.7,1.1,40.9,40.8,2,1,1.00,CYCLE,N
IND,208,6592,59452,16/01/2019,05:56:07,15,1,23.9,1.1,15.0,14.3,2,1,1.00,CYCLE,N
IND,208,6592,59453,16/01/2019,05:56:19,15,0,24.0,1.0,84.5,84.4,2,1,1.00,CYCLE,S
IND,208,6592,59453,16/01/2019,05:56:21,15,0,24.5,1.1,2.7,2.5,2,1,1.00,CYCLE,S
IND,208,6592,59453,16/01/2019,05:56:22,15,0,24.5,1.0,0.8,0.6,2,1,1.00,CYCLE,S
IND,208,6592,59453,16/01/2019,05:56:24,15,0,21.8,1.0,1.8,1.7,2,1,1.00,CYCLE,S
IND,208,6592,59452,16/01/2019,05:56:32,15,1,28.9,1.0,24.8,24.6,2,1,1.00,CYCLE,N
IND,208,6592,59453,16/01/2019,05:56:50,15,0,30.4,1.0,26.4,26.2,2,1,1.00,CYCLE,S
IND,208,6592,59453,16/01/2019,05:57:18,15,0,30.2,1.0,27.8,27.7,2,1,1.00,CYCLE,S
IND,208,6592,59453,16/01/2019,05:57:40,15,0,25.6,1.0,22.4,22.2,2,1,1.00,CYCLE,S
IND,208,6592,59453,16/01/2019,05:57:58,15,0,28.0,1.1,17.2,17.0,2,1,1.00,CYCLE,S
IND,208,6592,59453,16/01/2019,05:58:02,15,0,25.5,1.0,4.0,3.9,2,1,1.00,CYCLE,S
IND,208,6592,59453,16/01/2019,05:58:41,15,0,31.1,1.1,39.6,39.4,2,1,1.00,CYCLE,S
IND,208,6592,59453,16/01/2019,05:58:42,15,0,32.1,1.0,0.4,0.3,2,1,1.00,CYCLE,S
IND,208,6592,59452,16/01/2019,05:58:46,15,1,30.0,1.0,133.8,133.7,2,1,1.00,CYCLE,N
IND,208,6592,59453,16/01/2019,05:58:46,15,0,33.6,1.0,4.6,4.5,2,1,1.00,CYCLE,S
IND,208,6592,59452,16/01/2019,05:58:51,15,1,28.5,1.0,5.2,5.1,2,1,1.00,CYCLE,N
IND,208,6592,59453,16/01/2019,05:58:52,15,0,23.8,1.1,5.6,5.5,2,1,1.00,CYCLE,S
IND,208,6592,59453,16/01/2019,05:58:54,15,0,30.0,1.0,2.5,2.4,2,1,1.00,CYCLE,S
IND,208,6592,59453,16/01/2019,05:58:56,15,0,25.9,1.0,2.3,2.1,2,1,1.00,CYCLE,S
IND,208,6592,59453,16/01/2019,05:59:10,15,0,21.9,1.1,13.8,13.7,2,1,1.00,CYCLE,S
IND,208,6592,59453,16/01/2019,05:59:56,15,0,29.1,1.0,45.3,45.1,2,1,1.00,CYCLE,S
IND,208,6592,59453,16/01/2019,05:59:57,15,0,32.1,1.0,1.2,1.0,2,1,1.00,CYCLE,S
IND,208,6592,59453,16/01/2019,06:00:05,15,0,25.8,1.1,8.1,8.0,2,1,1.00,CYCLE,S
IND,208,6592,59453,16/01/2019,06:00:12,15,0,19.7,1.1,7.4,7.2,2,1,1.00,CYCLE,S
IND,208,6592,59453,16/01/2019,06:00:31,15,0,29.3,1.0,18.7,18.6,2,1,1.00,CYCLE,S
IND,208,6592,59452,16/01/2019,06:00:34,15,1,24.3,1.1,103.0,102.8,2,1,1.00,CYCLE,N
IND,208,6592,59453,16/01/2019,06:00:44,15,0,28.0,1.0,13.4,13.2,2,1,1.00,CYCLE,S
IND,208,6592,59453,16/01/2019,06:01:18,15,0,23.1,1.0,33.2,33.1,2,1,1.00,CYCLE,S
IND,208,6592,59453,16/01/2019,06:01:57,15,0,26.3,1.0,39.9,39.8,2,1,1.00,CYCLE,S
IND,208,6592,59453,16/01/2019,06:02:00,15,0,20.9,1.1,2.7,2.5,2,1,1.00,CYCLE,S
IND,208,6592,59453,16/01/2019,06:02:03,15,0,28.9,1.1,2.7,2.5,2,1,1.00,CYCLE,S
IND,208,6592,59453,16/01/2019,06:02:05,15,0,20.7,1.1,1.8,1.6,2,1,1.00,CYCLE,S
IND,208,6592,59453,16/01/2019,06:02:07,15,0,21.0,1.0,2.3,2.1,2,1,1.00,CYCLE,S
IND,208,6592,59453,16/01/2019,06:02:08,15,0,22.0,1.1,1.2,1.0,2,1,1.00,CYCLE,S
IND,208,6592,59453,16/01/2019,06:02:31,15,0,24.1,1.0,23.3,23.1,2,1,1.00,CYCLE,S
IND,208,6592,59453,16/01/2019,06:02:32,15,0,26.8,1.0,0.3,0.1,2,1,1.00,CYCLE,S
IND,208,6592,59453,16/01/2019,06:02:37,15,0,22.3,1.0,5.1,4.9,2,1,1.00,CYCLE,S
IND,208,6592,59453,16/01/2019,06:02:43,15,0,28.6,1.0,6.5,6.4,2,1,1.00,CYCLE,S
IND,208,6592,59452,16/01/2019,06:02:52,15,1,22.0,1.0,137.9,137.7,2,1,1.00,CYCLE,N
IND,208,6592,59453,16/01/2019,06:02:54,15,0,32.3,1.0,11.1,11.0,2,1,1.00,CYCLE,S
IND,208,6592,59453,16/01/2019,06:02:56,15,0,26.6,1.0,1.7,1.6,2,1,1.00,CYCLE,S
IND,208,6592,59452,16/01/2019,06:02:58,15,1,22.7,1.0,5.6,5.5,2,1,1.00,CYCLE,N
IND,208,6592,59453,16/01/2019,06:03:09,15,0,31.9,1.0,12.5,12.4,2,1,1.00,CYCLE,S
IND,208,6592,59453,16/01/2019,06:03:10,15,0,26.5,1.0,1.2,1.1,2,1,1.00,CYCLE,S
IND,208,6592,59453,16/01/2019,06:03:24,15,0,21.9,1.0,14.0,13.9,2,1,1.00,CYCLE,S
IND,208,6592,59452,16/01/2019,06:03:34,15,1,37.2,1.0,36.3,36.1,2,1,1.00,CYCLE,N
IND,208,6592,59452,16/01/2019,06:03:35,15,1,35.9,1.0,0.9,0.8,2,1,1.00,CYCLE,N
IND,208,6592,59452,16/01/2019,06:03:38,15,1,36.1,1.0,3.1,3.0,2,1,1.00,CYCLE,N
IND,208,6592,59453,16/01/2019,06:03:56,15,0,23.6,1.1,32.3,32.1,2,1,1.00,CYCLE,S
IND,208,6592,59453,16/01/2019,06:04:01,15,0,25.3,1.0,5.2,5.1,2,1,1.00,CYCLE,S
IND,208,6592,59453,16/01/2019,06:04:02,15,0,25.5,1.0,0.9,0.7,2,1,1.00,CYCLE,S
IND,208,6592,59453,16/01/2019,06:04:08,15,0,23.0,1.0,5.7,5.5,2,1,1.00,CYCLE,S
IND,208,6592,59452,16/01/2019,06:04:51,15,1,27.6,1.0,72.8,72.7,2,1,1.00,CYCLE,N
IND,208,6592,59453,16/01/2019,06:04:52,15,0,30.4,1.0,43.7,43.6,2,1,1.00,CYCLE,S
IND,208,6592,59453,16/01/2019,06:05:01,15,0,30.9,1.0,9.7,9.6,2,1,1.00,CYCLE,S
IND,208,6592,59453,16/01/2019,06:05:05,15,0,27.2,1.0,4.1,3.9,2,1,1.00,CYCLE,S
IND,208,6592,59452,16/01/2019,06:05:37,15,1,25.8,1.0,46.4,46.3,2,1,1.00,CYCLE,N
IND,208,6592,59453,16/01/2019,06:05:56,15,0,25.3,1.1,51.0,50.9,2,1,1.00,CYCLE,S
IND,208,6592,59453,16/01/2019,06:05:57,15,0,22.2,1.1,0.8,0.7,2,1,1.00,CYCLE,S
IND,208,6592,59453,16/01/2019,06:05:58,15,0,23.8,1.1,1.0,0.8,2,1,1.00,CYCLE,S
IND,208,6592,59453,16/01/2019,06:06:00,15,0,23.2,1.0,2.0,1.8,2,1,1.00,CYCLE,S
IND,208,6592,59453,16/01/2019,06:06:01,15,0,23.4,1.1,0.6,0.4,2,1,1.00,CYCLE,S
IND,208,6592,59453,16/01/2019,06:06:03,15,0,22.9,1.0,2.4,2.2,2,1,1.00,CYCLE,S
IND,208,6592,59453,16/01/2019,06:06:48,15,0,31.8,1.0,44.6,44.4,2,1,1.00,CYCLE,S
IND,208,6592,59453,16/01/2019,06:06:48,15,0,31.2,1.0,0.3,0.2,2,1,1.00,CYCLE,S
IND,208,6592,59453,16/01/2019,06:06:48,15,0,31.9,1.1,0.3,0.2,2,1,1.00,CYCLE,S
IND,208,6592,59453,16/01/2019,06:06:56,15,0,29.1,1.0,7.8,7.7,2,1,1.00,CYCLE,S
IND,208,6592,59453,16/01/2019,06:07:02,15,0,28.3,1.1,5.9,5.8,2,1,1.00,CYCLE,S
IND,208,6592,59453,16/01/2019,06:07:21,15,0,28.2,1.0,18.5,18.3,2,1,1.00,CYCLE,S
IND,208,6592,59453,16/01/2019,06:07:24,15,0,26.8,1.0,3.8,3.7,2,1,1.00,CYCLE,S
IND,208,6592,59453,16/01/2019,06:07:26,15,0,20.1,1.1,2.1,2.0,2,1,1.00,CYCLE,S
IND,208,6592,59453,16/01/2019,06:07:54,15,0,32.4,1.0,27.3,27.1,2,1,1.00,CYCLE,S
IND,208,6592,59453,16/01/2019,06:08:03,15,0,23.4,1.1,9.3,9.1,2,1,1.00,CYCLE,S
IND,208,6592,59453,16/01/2019,06:08:05,15,0,23.6,1.0,1.6,1.5,2,1,1.00,CYCLE,S
IND,208,6592,59453,16/01/2019,06:08:18,15,0,25.0,1.0,13.3,13.1,2,1,1.00,CYCLE,S
IND,208,6592,59453,16/01/2019,06:08:31,15,0,29.2,1.1,13.4,13.3,2,1,1.00,CYCLE,S
IND,208,6592,59453,16/01/2019,06:08:32,15,0,27.1,1.1,0.2,0.1,2,1,1.00,CYCLE,S
IND,208,6592,59452,16/01/2019,06:08:47,15,1,22.7,1.0,190.3,190.1,2,1,1.00,CYCLE,N
IND,208,6592,59453,16/01/2019,06:08:48,15,0,31.2,1.1,16.4,16.2,2,1,1.00,CYCLE,S
IND,208,6592,59453,16/01/2019,06:08:49,15,0,33.6,1.0,1.3,1.1,2,1,1.00,CYCLE,S
IND,208,6592,59453,16/01/2019,06:08:59,15,0,32.5,1.0,9.4,9.3,2,1,1.00,CYCLE,S
IND,208,6592,59453,16/01/2019,06:09:10,15,0,26.6,1.0,11.4,11.3,2,1,1.00,CYCLE,S
IND,208,6592,59453,16/01/2019,06:09:11,15,0,26.2,1.0,0.7,0.5,2,1,1.00,CYCLE,S
IND,208,6592,59453,16/01/2019,06:09:24,15,0,28.2,1.1,13.6,13.5,2,1,1.00,CYCLE,S
IND,208,6592,59453,16/01/2019,06:09:28,15,0,23.4,1.1,4.1,3.9,2,1,1.00,CYCLE,S
IND,208,6592,59453,16/01/2019,06:09:58,15,0,25.7,1.0,29.6,29.4,2,1,1.00,CYCLE,S
IND,208,6592,59453,16/01/2019,06:09:59,15,0,25.8,1.0,0.8,0.7,2,1,1.00,CYCLE,S
IND,208,6592,59453,16/01/2019,06:10:02,15,0,24.0,1.0,3.4,3.2,2,1,1.00,CYCLE,S
IND,208,6592,59453,16/01/2019,06:10:03,15,0,22.0,1.1,0.9,0.7,2,1,1.00,CYCLE,S
IND,208,6592,59453,16/01/2019,06:10:08,15,0,23.3,1.1,5.3,5.2,2,1,1.00,CYCLE,S
IND,208,6592,59453,16/01/2019,06:10:11,15,0,21.2,1.1,2.1,1.9,2,1,1.00,CYCLE,S
IND,208,6592,59453,16/01/2019,06:10:35,15,0,24.1,1.1,24.5,24.3,2,1,1.00,CYCLE,S
IND,208,6592,59453,16/01/2019,06:10:58,15,0,26.3,1.0,23.4,23.3,2,1,1.00,CYCLE,S
IND,208,6592,59453,16/01/2019,06:11:06,15,0,29.5,1.0,7.1,6.9,2,1,1.00,CYCLE,S
IND,208,6592,59453,16/01/2019,06:11:36,15,0,26.5,1.0,30.4,30.3,2,1,1.00,CYCLE,S
IND,208,6592,59453,16/01/2019,06:11:56,15,0,23.2,1.1,19.7,19.6,2,1,1.00,CYCLE,S
IND,208,6592,59453,16/01/2019,06:11:58,15,0,25.4,1.0,2.2,2.0,2,1,1.00,CYCLE,S
IND,208,6592,59453,16/01/2019,06:12:00,15,0,23.1,1.1,2.2,2.1,2,1,1.00,CYCLE,S
IND,208,6592,59453,16/01/2019,06:12:02,15,0,23.2,1.0,2.4,2.2,2,1,1.00,CYCLE,S
IND,208,6592,59453,16/01/2019,06:12:26,15,0,29.9,1.0,23.3,23.1,2,1,1.00,CYCLE,S
IND,208,6592,59453,16/01/2019,06:12:29,15,0,27.8,1.0,3.1,2.9,2,1,1.00,CYCLE,S
IND,208,6592,59452,16/01/2019,06:12:57,15,1,34.2,1.0,249.5,249.3,2,1,1.00,CYCLE,N
IND,208,6592,59453,16/01/2019,06:13:08,15,0,26.0,1.1,38.7,38.6,2,1,1.00,CYCLE,S
IND,208,6592,59453,16/01/2019,06:13:08,15,0,22.7,1.1,0.6,0.4,2,1,1.00,CYCLE,S
IND,208,6592,59452,16/01/2019,06:13:24,15,1,25.1,1.1,27.3,27.2,2,1,1.00,CYCLE,N
IND,208,6592,59453,16/01/2019,06:14:08,15,0,26.7,1.1,60.2,60.0,2,1,1.00,CYCLE,S
IND,208,6592,59453,16/01/2019,06:14:11,15,0,26.4,1.0,2.6,2.5,2,1,1.00,CYCLE,S
IND,208,6592,59453,16/01/2019,06:14:11,15,0,27.1,1.0,0.6,0.4,2,1,1.00,CYCLE,S
IND,208,6592,59453,16/01/2019,06:14:12,15,0,34.1,1.0,0.6,0.5,2,1,1.00,CYCLE,S
IND,208,6592,59453,16/01/2019,06:14:14,15,0,25.9,1.0,2.1,2.0,2,1,1.00,CYCLE,S
IND,208,6592,59453,16/01/2019,06:14:16,15,0,27.2,1.0,1.5,1.3,2,1,1.00,CYCLE,S
IND,208,6592,59453,16/01/2019,06:14:55,15,0,25.1,1.0,39.3,39.2,2,1,1.00,CYCLE,S
IND,208,6592,59453,16/01/2019,06:14:58,15,0,18.3,1.0,3.0,2.9,2,1,0.86,CYCLE,S
IND,208,6592,59453,16/01/2019,06:15:19,15,0,28.4,1.0,21.0,20.8,2,1,1.00,CYCLE,S
IND,208,6592,59453,16/01/2019,06:15:24,15,0,28.1,1.1,5.4,5.3,2,1,1.00,CYCLE,S
IND,208,6592,59453,16/01/2019,06:16:01,15,0,24.1,1.0,36.2,36.1,2,1,1.00,CYCLE,S
IND,208,6592,59453,16/01/2019,06:16:01,15,0,24.1,1.0,0.0,0.0,2,1,1.00,CYCLE,S
IND,208,6592,59453,16/01/2019,06:16:02,15,0,23.7,1.1,1.3,1.0,2,1,1.00,CYCLE,S
IND,208,6592,59453,16/01/2019,06:16:04,15,0,20.6,1.1,2.6,2.4,2,1,1.00,CYCLE,S
IND,208,6592,59453,16/01/2019,06:16:06,15,0,23.3,1.0,1.3,1.1,2,1,1.00,CYCLE,S
IND,208,6592,59453,16/01/2019,06:16:22,15,0,20.3,1.1,16.4,16.2,2,1,1.00,CYCLE,S
IND,208,6592,59453,16/01/2019,06:16:23,15,0,34.8,1.0,1.0,0.8,2,1,1.00,CYCLE,S
IND,208,6592,59453,16/01/2019,06:16:25,15,0,27.6,1.1,1.8,1.6,2,1,1.00,CYCLE,S
IND,208,6592,59453,16/01/2019,06:16:28,15,0,26.7,1.0,2.8,2.7,2,1,1.00,CYCLE,S
IND,208,6592,59453,16/01/2019,06:16:35,15,0,29.5,1.0,7.4,7.2,2,1,1.00,CYCLE,S
IND,208,6592,59453,16/01/2019,06:16:36,15,0,37.4,1.0,0.7,0.5,2,1,1.00,CYCLE,S
IND,208,6592,59453,16/01/2019,06:16:37,15,0,30.5,1.0,1.2,1.1,2,1,1.00,CYCLE,S
IND,208,6592,59452,16/01/2019,06:16:53,15,1,17.1,1.0,208.7,208.6,2,1,1.00,CYCLE,N
IND,208,6592,59453,16/01/2019,06:17:31,15,0,27.1,1.0,54.1,54.0,2,1,1.00,CYCLE,S
IND,208,6592,59453,16/01/2019,06:17:59,15,0,26.0,1.0,27.8,27.7,2,1,1.00,CYCLE,S
IND,208,6592,59453,16/01/2019,06:18:00,15,0,26.6,1.1,1.3,1.2,2,1,1.00,CYCLE,S
IND,208,6592,59453,16/01/2019,06:18:02,15,0,25.9,1.0,1.6,1.4,2,1,1.00,CYCLE,S
IND,208,6592,59453,16/01/2019,06:18:05,15,0,25.0,1.1,3.6,3.5,2,1,1.00,CYCLE,S
IND,208,6592,59453,16/01/2019,06:18:06,15,0,26.6,1.0,0.5,0.3,2,1,1.00,CYCLE,S
IND,208,6592,59453,16/01/2019,06:18:07,15,0,23.5,1.1,0.8,0.7,2,1,1.00,CYCLE,S
IND,208,6592,59453,16/01/2019,06:18:29,15,0,32.1,1.0,22.3,22.2,2,1,1.00,CYCLE,S
IND,208,6592,59453,16/01/2019,06:18:33,15,0,31.8,1.1,3.9,3.8,2,1,1.00,CYCLE,S
IND,208,6592,59452,16/01/2019,06:18:34,15,1,28.3,1.0,101.1,100.8,2,1,1.00,CYCLE,N
IND,208,6592,59453,16/01/2019,06:18:39,15,0,31.8,1.0,5.9,5.8,2,1,1.00,CYCLE,S
IND,208,6592,59453,16/01/2019,06:18:50,15,0,27.9,1.1,10.9,10.8,2,1,1.00,CYCLE,S
IND,208,6592,59452,16/01/2019,06:18:57,15,1,21.4,1.1,23.4,23.2,2,1,1.00,CYCLE,N
IND,208,6592,59453,16/01/2019,06:19:37,15,0,28.3,1.1,47.7,47.6,2,1,1.00,CYCLE,S
IND,208,6592,59453,16/01/2019,06:19:38,15,0,27.3,1.0,0.7,0.6,2,1,1.00,CYCLE,S
IND,208,6592,59452,16/01/2019,06:19:40,15,1,2.0,1.0,42.5,42.3,2,1,0.15,CYCLE,N
IND,208,6592,59452,16/01/2019,06:19:40,15,1,2.0,1.0,0.0,0.0,2,1,0.15,CYCLE,N
IND,208,6592,59453,16/01/2019,06:19:45,15,0,25.3,1.0,6.4,6.2,2,1,1.00,CYCLE,S
IND,208,6592,59453,16/01/2019,06:20:09,15,0,31.2,1.0,24.3,24.1,2,1,1.00,CYCLE,S
IND,208,6592,59453,16/01/2019,06:20:11,15,0,31.1,1.0,1.8,1.7,2,1,1.00,CYCLE,S
IND,208,6592,59453,16/01/2019,06:20:13,15,0,33.8,1.0,2.0,1.9,2,1,1.00,CYCLE,S
IND,208,6592,59453,16/01/2019,06:20:14,15,0,22.6,1.0,1.8,1.7,2,1,1.00,CYCLE,S
IND,208,6592,59453,16/01/2019,06:20:17,15,0,29.9,1.0,2.5,2.4,2,1,1.00,CYCLE,S
IND,208,6592,59453,16/01/2019,06:20:36,15,0,30.9,1.0,19.2,19.1,2,1,1.00,CYCLE,S
IND,208,6592,59453,16/01/2019,06:20:37,15,0,35.8,1.0,0.6,0.5,2,1,1.00,CYCLE,S
IND,208,6592,59452,16/01/2019,06:20:38,15,1,22.2,1.1,5.5,5.3,2,1,1.00,CYCLE,N
IND,208,6592,59453,16/01/2019,06:20:38,15,0,26.5,1.0,1.6,1.5,2,1,1.00,CYCLE,S
IND,208,6592,59453,16/01/2019,06:20:38,15,0,27.8,1.0,0.3,0.1,2,1,1.00,CYCLE,S
IND,208,6592,59453,16/01/2019,06:20:40,15,0,30.0,1.1,1.5,1.4,2,1,1.00,CYCLE,S
IND,208,6592,59453,16/01/2019,06:20:53,15,0,24.4,1.1,12.6,12.4,2,1,1.00,CYCLE,S
IND,208,6592,59453,16/01/2019,06:20:54,15,0,29.4,1.0,1.2,1.1,2,1,1.00,CYCLE,S
IND,208,6592,59453,16/01/2019,06:21:28,15,0,31.1,1.0,34.1,33.9,2,1,1.00,CYCLE,S
IND,208,6592,59453,16/01/2019,06:21:31,15,0,29.7,1.0,2.8,2.7,2,1,1.00,CYCLE,S
IND,208,6592,59453,16/01/2019,06:21:33,15,0,27.9,1.0,1.9,1.8,2,1,1.00,CYCLE,S
IND,208,6592,59453,16/01/2019,06:21:36,15,0,25.7,1.0,3.9,3.7,2,1,1.00,CYCLE,S
IND,208,6592,59453,16/01/2019,06:21:37,15,0,26.3,1.1,0.9,0.7,2,1,1.00,CYCLE,S
IND,208,6592,59453,16/01/2019,06:21:41,15,0,20.0,1.1,3.7,3.6,2,1,1.00,CYCLE,S
IND,208,6592,59453,16/01/2019,06:21:59,15,0,32.5,1.1,17.7,17.5,2,1,1.00,CYCLE,S
IND,208,6592,59453,16/01/2019,06:22:01,15,0,27.5,1.1,2.7,2.6,2,1,1.00,CYCLE,S
IND,208,6592,59453,16/01/2019,06:22:07,15,0,29.6,1.0,5.9,5.7,2,1,1.00,CYCLE,S
IND,208,6592,59453,16/01/2019,06:22:09,15,0,26.9,1.0,2.2,2.0,2,1,1.00,CYCLE,S
IND,208,6592,59453,16/01/2019,06:22:10,15,0,21.7,1.0,0.5,0.4,2,1,1.00,CYCLE,S
IND,208,6592,59453,16/01/2019,06:22:11,15,0,25.3,1.1,0.6,0.5,2,1,1.00,CYCLE,S
IND,208,6592,59453,16/01/2019,06:22:21,15,0,26.0,1.0,10.2,10.0,2,1,1.00,CYCLE,S
IND,208,6592,59453,16/01/2019,06:22:21,15,0,25.3,1.0,0.5,0.3,2,1,1.00,CYCLE,S
IND,208,6592,59453,16/01/2019,06:22:22,15,0,25.0,1.0,0.4,0.3,2,1,1.00,CYCLE,S
IND,208,6592,59453,16/01/2019,06:22:47,15,0,22.0,1.1,25.2,25.0,2,1,1.00,CYCLE,S
IND,208,6592,59453,16/01/2019,06:22:52,15,0,25.8,1.0,4.9,4.7,2,1,1.00,CYCLE,S
IND,208,6592,59453,16/01/2019,06:23:01,15,0,24.4,1.0,9.5,9.3,2,1,1.00,CYCLE,S
IND,208,6592,59453,16/01/2019,06:23:14,15,0,20.9,1.1,12.9,12.7,2,1,1.00,CYCLE,S
IND,208,6592,59453,16/01/2019,06:23:15,15,0,21.3,1.1,0.5,0.3,2,1,1.00,CYCLE,S
IND,208,6592,59453,16/01/2019,06:23:16,15,0,4.5,0.4,1.2,1.0,2,1,1.00,CYCLE,S
IND,208,6592,59453,16/01/2019,06:23:23,15,0,23.7,1.0,7.2,6.9,2,1,1.00,CYCLE,S
IND,208,6592,59453,16/01/2019,06:23:30,15,0,26.4,1.0,6.6,6.4,2,1,1.00,CYCLE,S
IND,208,6592,59453,16/01/2019,06:23:34,15,0,22.9,1.0,4.9,4.7,2,1,1.00,CYCLE,S
IND,208,6592,59453,16/01/2019,06:23:34,15,0,22.9,1.0,0.0,0.0,2,1,1.00,CYCLE,S
IND,208,6592,59453,16/01/2019,06:23:50,15,0,28.3,1.1,15.4,15.2,2,1,1.00,CYCLE,S
IND,208,6592,59453,16/01/2019,06:23:52,15,0,28.2,1.0,2.2,2.1,2,1,1.00,CYCLE,S
IND,208,6592,59453,16/01/2019,06:23:53,15,0,35.2,1.0,0.5,0.4,2,1,1.00,CYCLE,S
IND,208,6592,59453,16/01/2019,06:23:53,15,0,34.4,1.0,0.4,0.3,2,1,1.00,CYCLE,S
IND,208,6592,59453,16/01/2019,06:23:54,15,0,34.9,1.1,1.0,0.9,2,1,1.00,CYCLE,S
IND,208,6592,59453,16/01/2019,06:24:10,15,0,24.5,1.1,15.6,15.5,2,1,1.00,CYCLE,S
IND,208,6592,59452,16/01/2019,06:24:11,15,1,26.7,1.0,213.1,212.9,2,1,1.00,CYCLE,N
IND,208,6592,59453,16/01/2019,06:24:12,15,0,30.3,1.0,2.2,2.0,2,1,1.00,CYCLE,S
IND,208,6592,59453,16/01/2019,06:24:32,15,0,28.6,1.0,20.2,20.1,2,1,1.00,CYCLE,S
IND,208,6592,59452,16/01/2019,06:24:43,15,1,23.8,1.0,32.2,32.1,2,1,1.00,CYCLE,N
IND,208,6592,59453,16/01/2019,06:24:51,15,0,25.7,1.0,19.2,19.1,2,1,1.00,CYCLE,S
IND,208,6592,59453,16/01/2019,06:25:03,15,0,24.5,1.0,12.1,12.0,2,1,1.00,CYCLE,S
IND,208,6592,59453,16/01/2019,06:25:12,15,0,32.9,1.0,8.1,8.0,2,1,1.00,CYCLE,S
IND,208,6592,59453,16/01/2019,06:25:12,15,0,33.6,1.0,0.8,0.7,2,1,1.00,CYCLE,S
IND,208,6592,59453,16/01/2019,06:25:13,15,0,34.9,1.0,0.4,0.3,2,1,1.00,CYCLE,S
IND,208,6592,59453,16/01/2019,06:25:13,15,0,36.1,1.1,0.6,0.5,2,1,1.00,CYCLE,S
IND,208,6592,59453,16/01/2019,06:25:16,15,0,29.3,1.0,2.7,2.6,2,1,1.00,CYCLE,S
IND,208,6592,59453,16/01/2019,06:25:17,15,0,23.0,1.1,0.7,0.6,2,1,1.00,CYCLE,S
IND,208,6592,59453,16/01/2019,06:25:19,15,0,29.2,1.0,2.2,2.0,2,1,1.00,CYCLE,S
IND,208,6592,59453,16/01/2019,06:25:48,15,0,31.0,1.0,29.2,29.1,2,1,1.00,CYCLE,S
IND,208,6592,59453,16/01/2019,06:25:49,15,0,30.9,1.0,0.5,0.3,2,1,1.00,CYCLE,S
IND,208,6592,59453,16/01/2019,06:25:53,15,0,24.3,1.1,4.1,3.9,2,1,1.00,CYCLE,S
IND,208,6592,59453,16/01/2019,06:25:57,15,0,29.4,1.0,4.1,4.0,2,1,1.00,CYCLE,S
IND,208,6592,59452,16/01/2019,06:26:05,15,1,34.7,1.2,81.4,81.2,2,1,1.00,CYCLE,N
IND,208,6592,59452,16/01/2019,06:26:10,15,1,38.3,1.0,5.6,5.4,2,1,1.00,CYCLE,N
IND,208,6592,59453,16/01/2019,06:26:23,15,0,22.9,1.1,25.7,25.6,2,1,1.00,CYCLE,S
IND,208,6592,59452,16/01/2019,06:26:25,15,1,24.3,1.0,14.7,14.6,2,1,1.00,CYCLE,N
IND,208,6592,59452,16/01/2019,06:26:26,15,1,24.9,1.0,1.2,1.1,2,1,1.00,CYCLE,N
IND,208,6592,59452,16/01/2019,06:26:26,15,1,24.9,1.0,0.0,0.0,2,1,1.00,CYCLE,N
IND,208,6592,59453,16/01/2019,06:26:30,15,0,23.2,1.1,7.1,6.9,2,1,1.00,CYCLE,S
IND,208,6592,59453,16/01/2019,06:26:43,15,0,25.3,1.1,13.1,12.9,2,1,1.00,CYCLE,S
IND,208,6592,59453,16/01/2019,06:26:47,15,0,20.7,1.1,3.9,3.8,2,1,1.00,CYCLE,S
IND,208,6592,59453,16/01/2019,06:27:13,15,0,30.4,1.0,26.2,26.0,2,1,1.00,CYCLE,S
IND,208,6592,59453,16/01/2019,06:27:15,15,0,33.7,1.1,1.9,1.8,2,1,1.00,CYCLE,S
IND,208,6592,59453,16/01/2019,06:27:15,15,0,33.9,1.0,0.6,0.5,2,1,1.00,CYCLE,S
IND,208,6592,59453,16/01/2019,06:27:15,15,0,33.9,1.0,0.0,0.0,2,1,1.00,CYCLE,S
IND,208,6592,59453,16/01/2019,06:27:20,15,0,31.2,1.0,4.2,4.1,2,1,1.00,CYCLE,S
IND,208,6592,59453,16/01/2019,06:27:20,15,0,29.0,1.0,0.4,0.2,2,1,1.00,CYCLE,S
IND,208,6592,59453,16/01/2019,06:27:22,15,0,28.2,1.1,2.4,2.2,2,1,1.00,CYCLE,S
IND,208,6592,59453,16/01/2019,06:27:29,15,0,20.2,1.1,6.6,6.5,2,1,1.00,CYCLE,S
IND,208,6592,59453,16/01/2019,06:27:31,15,0,22.9,1.0,2.3,2.1,2,1,1.00,CYCLE,S
IND,208,6592,59453,16/01/2019,06:27:33,15,0,22.5,1.1,1.7,1.5,2,1,1.00,CYCLE,S
IND,208,6592,59453,16/01/2019,06:27:35,15,0,22.5,1.0,2.3,2.1,2,1,1.00,CYCLE,S
IND,208,6592,59453,16/01/2019,06:27:40,15,0,21.7,1.2,5.1,4.9,2,1,1.00,CYCLE,S
IND,208,6592,59453,16/01/2019,06:28:00,15,0,33.7,1.0,19.4,19.2,2,1,1.00,CYCLE,S
IND,208,6592,59453,16/01/2019,06:28:06,15,0,26.9,1.1,6.7,6.6,2,1,1.00,CYCLE,S
IND,208,6592,59453,16/01/2019,06:28:07,15,0,28.1,1.0,0.5,0.4,2,1,1.00,CYCLE,S
IND,208,6592,59453,16/01/2019,06:28:08,15,0,28.3,1.1,1.4,1.3,2,1,1.00,CYCLE,S
IND,208,6592,59453,16/01/2019,06:28:10,15,0,22.0,1.0,1.4,1.3,2,1,1.00,CYCLE,S
IND,208,6592,59453,16/01/2019,06:28:38,15,0,25.9,1.0,28.5,28.4,2,1,1.00,CYCLE,S
IND,208,6592,59453,16/01/2019,06:29:07,15,0,31.2,1.0,29.1,29.0,2,1,1.00,CYCLE,S
IND,208,6592,59453,16/01/2019,06:29:09,15,0,32.5,1.0,1.5,1.4,2,1,1.00,CYCLE,S
IND,208,6592,59453,16/01/2019,06:29:13,15,0,16.8,0.6,4.1,3.9,2,1,0.80,CYCLE,S
IND,208,6592,59453,16/01/2019,06:29:14,15,0,25.2,1.1,0.8,0.8,2,1,1.00,CYCLE,S
IND,208,6592,59453,16/01/2019,06:29:14,15,0,26.6,1.0,0.4,0.3,2,1,1.00,CYCLE,S
IND,208,6592,59453,16/01/2019,06:29:17,15,0,25.2,1.1,2.8,2.6,2,1,1.00,CYCLE,S
IND,208,6592,59453,16/01/2019,06:29:18,15,0,26.9,1.0,0.9,0.7,2,1,1.00,CYCLE,S
IND,208,6592,59453,16/01/2019,06:29:19,15,0,25.8,1.0,1.3,1.2,2,1,1.00,CYCLE,S
IND,208,6592,59453,16/01/2019,06:29:56,15,0,25.9,1.1,37.0,36.8,2,1,1.00,CYCLE,S
IND,208,6592,59453,16/01/2019,06:30:16,15,0,29.3,1.1,19.5,19.3,2,1,1.00,CYCLE,S
IND,208,6592,59453,16/01/2019,06:30:17,15,0,25.6,1.0,1.2,1.1,2,1,1.00,CYCLE,S
IND,208,6592,59453,16/01/2019,06:30:40,15,0,23.8,1.0,22.9,22.7,2,1,1.00,CYCLE,S
IND,208,6592,59453,16/01/2019,06:31:19,15,0,28.9,1.1,39.7,39.6,2,1,1.00,CYCLE,S
IND,208,6592,59453,16/01/2019,06:31:20,15,0,28.2,1.0,0.5,0.4,2,1,1.00,CYCLE,S
IND,208,6592,59453,16/01/2019,06:31:22,15,0,30.8,1.0,2.3,2.2,2,1,1.00,CYCLE,S
IND,208,6592,59453,16/01/2019,06:31:24,15,0,25.3,1.0,2.3,2.2,2,1,1.00,CYCLE,S
IND,208,6592,59453,16/01/2019,06:31:26,15,0,26.3,1.0,1.8,1.7,2,1,1.00,CYCLE,S
IND,208,6592,59453,16/01/2019,06:31:27,15,0,27.6,1.1,0.9,0.8,2,1,1.00,CYCLE,S
IND,208,6592,59453,16/01/2019,06:31:32,15,0,23.4,1.1,4.8,4.7,2,1,1.00,CYCLE,S
IND,208,6592,59452,16/01/2019,06:31:34,15,1,34.1,1.0,307.9,307.7,2,1,1.00,CYCLE,N
IND,208,6592,59453,16/01/2019,06:31:34,15,0,26.2,1.0,2.5,2.3,2,1,1.00,CYCLE,S
IND,208,6592,59453,16/01/2019,06:31:51,15,0,30.9,1.0,16.6,16.5,2,1,1.00,CYCLE,S
IND,208,6592,59452,16/01/2019,06:31:53,15,1,19.2,1.1,18.9,18.8,2,1,1.00,CYCLE,N
IND,208,6592,59453,16/01/2019,06:31:59,15,0,34.9,1.0,8.3,8.2,2,1,1.00,CYCLE,S
IND,208,6592,59452,16/01/2019,06:32:04,15,1,23.5,1.0,10.9,10.7,2,1,0.80,CYCLE,N
IND,208,6592,59452,16/01/2019,06:32:07,15,1,22.5,1.0,2.9,2.8,2,1,1.00,CYCLE,N
IND,208,6592,59453,16/01/2019,06:32:24,15,0,26.4,1.0,24.7,24.6,2,1,1.00,CYCLE,S
IND,208,6592,59453,16/01/2019,06:32:24,15,0,27.1,1.0,0.4,0.2,2,1,1.00,CYCLE,S
IND,208,6592,59453,16/01/2019,06:32:28,15,0,30.1,1.0,3.8,3.7,2,1,1.00,CYCLE,S
IND,208,6592,59453,16/01/2019,06:32:30,15,0,29.9,1.0,1.5,1.4,2,1,1.00,CYCLE,S
IND,208,6592,59453,16/01/2019,06:32:31,15,0,26.7,1.1,1.3,1.2,2,1,1.00,CYCLE,S
IND,208,6592,59453,16/01/2019,06:32:51,15,0,24.4,1.1,20.0,19.9,2,1,1.00,CYCLE,S
IND,208,6592,59453,16/01/2019,06:32:53,15,0,23.8,1.0,1.9,1.7,2,1,1.00,CYCLE,S
IND,208,6592,59453,16/01/2019,06:32:56,15,0,23.0,1.0,3.1,3.0,2,1,1.00,CYCLE,S
IND,208,6592,59453,16/01/2019,06:32:57,15,0,22.6,1.0,0.6,0.4,2,1,1.00,CYCLE,S
IND,208,6592,59453,16/01/2019,06:33:05,15,0,25.9,1.1,8.2,8.0,2,1,1.00,CYCLE,S
IND,208,6592,59453,16/01/2019,06:33:14,15,0,32.9,1.0,8.8,8.6,2,1,1.00,CYCLE,S
IND,208,6592,59453,16/01/2019,06:33:18,15,0,26.8,1.1,4.1,4.0,2,1,1.00,CYCLE,S
IND,208,6592,59453,16/01/2019,06:33:20,15,0,27.0,1.1,2.0,1.8,2,1,1.00,CYCLE,S
IND,208,6592,59453,16/01/2019,06:33:21,15,0,28.7,1.1,1.2,1.1,2,1,1.00,CYCLE,S
IND,208,6592,59453,16/01/2019,06:33:22,15,0,26.4,1.1,0.7,0.6,2,1,1.00,CYCLE,S
IND,208,6592,59453,16/01/2019,06:33:23,15,0,25.9,1.0,0.9,0.7,2,1,1.00,CYCLE,S
IND,208,6592,59453,16/01/2019,06:33:27,15,0,26.9,1.1,4.7,4.6,2,1,1.00,CYCLE,S
IND,208,6592,59453,16/01/2019,06:33:32,15,0,4.3,1.0,4.3,4.1,2,1,0.50,CYCLE,S
IND,208,6592,59453,16/01/2019,06:33:32,15,0,4.3,1.0,0.0,0.0,2,1,0.50,CYCLE,S
IND,208,6592,59453,16/01/2019,06:33:32,15,0,4.3,1.0,0.0,0.0,2,1,0.50,CYCLE,S
IND,208,6592,59453,16/01/2019,06:33:37,15,0,32.4,1.0,5.2,2.4,2,1,1.00,CYCLE,S
IND,208,6592,59453,16/01/2019,06:34:18,15,0,34.0,1.0,41.6,41.5,2,1,1.00,CYCLE,S
IND,208,6592,59453,16/01/2019,06:34:22,15,0,29.5,1.1,3.3,3.2,2,1,1.00,CYCLE,S
IND,208,6592,59453,16/01/2019,06:34:22,15,0,28.9,1.0,0.6,0.4,2,1,1.00,CYCLE,S
IND,208,6592,59453,16/01/2019,06:34:23,15,0,28.5,1.1,0.9,0.7,2,1,1.00,CYCLE,S
IND,208,6592,59453,16/01/2019,06:34:24,15,0,24.7,1.1,1.2,1.1,2,1,1.00,CYCLE,S
IND,208,6592,59453,16/01/2019,06:34:49,15,0,28.0,1.0,25.0,24.8,2,1,1.00,CYCLE,S
IND,208,6592,59453,16/01/2019,06:34:51,15,0,30.2,1.0,1.4,1.2,2,1,1.00,CYCLE,S
IND,208,6592,59453,16/01/2019,06:34:54,15,0,27.0,1.0,3.7,3.6,2,1,1.00,CYCLE,S
IND,208,6592,59453,16/01/2019,06:34:55,15,0,26.5,1.0,0.5,0.4,2,1,1.00,CYCLE,S
IND,208,6592,59453,16/01/2019,06:34:57,15,0,24.0,1.0,1.6,1.5,2,1,1.00,CYCLE,S
IND,208,6592,59453,16/01/2019,06:34:58,15,0,21.8,1.1,1.8,1.6,2,1,1.00,CYCLE,S
IND,208,6592,59453,16/01/2019,06:35:03,15,0,23.1,1.0,5.1,4.9,2,1,1.00,CYCLE,S
IND,208,6592,59453,16/01/2019,06:35:04,15,0,21.5,1.0,0.5,0.3,2,1,1.00,CYCLE,S
IND,208,6592,59453,16/01/2019,06:35:04,15,0,24.9,1.0,0.4,0.3,2,1,1.00,CYCLE,S
IND,208,6592,59453,16/01/2019,06:35:05,15,0,21.6,1.0,0.5,0.3,2,1,1.00,CYCLE,S
IND,208,6592,59453,16/01/2019,06:35:38,15,0,17.8,1.2,33.3,33.1,2,1,1.00,CYCLE,S
IND,208,6592,59453,16/01/2019,06:35:39,15,0,32.5,1.0,0.5,0.3,2,1,1.00,CYCLE,S
IND,208,6592,59452,16/01/2019,06:35:51,15,1,22.6,1.0,224.8,224.6,2,1,1.00,CYCLE,N
IND,208,6592,59453,16/01/2019,06:36:05,15,0,21.7,1.0,26.4,26.3,2,1,1.00,CYCLE,S
IND,208,6592,59453,16/01/2019,06:36:59,15,0,25.2,1.0,54.5,54.3,2,1,1.00,CYCLE,S
IND,208,6592,59453,16/01/2019,06:37:00,15,0,27.6,1.1,0.7,0.6,2,1,1.00,CYCLE,S
IND,208,6592,59453,16/01/2019,06:37:02,15,0,28.1,1.0,1.4,1.2,2,1,1.00,CYCLE,S
IND,208,6592,59453,16/01/2019,06:37:02,15,0,26.2,1.1,0.5,0.4,2,1,1.00,CYCLE,S
IND,208,6592,59453,16/01/2019,06:37:02,15,0,29.2,1.1,0.3,0.2,2,1,1.00,CYCLE,S
IND,208,6592,59453,16/01/2019,06:37:05,15,0,28.2,1.1,2.2,2.1,2,1,1.00,CYCLE,S
IND,208,6592,59453,16/01/2019,06:37:08,15,0,27.8,1.0,3.7,3.6,2,1,1.00,CYCLE,S
IND,208,6592,59453,16/01/2019,06:37:09,15,0,24.0,1.1,0.4,0.3,2,1,1.00,CYCLE,S
IND,208,6592,59453,16/01/2019,06:37:11,15,0,27.5,1.0,2.6,2.4,2,1,1.00,CYCLE,S
IND,208,6592,59453,16/01/2019,06:37:12,15,0,22.8,1.1,0.7,0.6,2,1,1.00,CYCLE,S
IND,208,6592,59453,16/01/2019,06:37:13,15,0,24.4,1.1,1.1,0.9,2,1,1.00,CYCLE,S
IND,208,6592,59453,16/01/2019,06:37:28,15,0,32.3,1.0,14.8,14.6,2,1,1.00,CYCLE,S
IND,208,6592,59453,16/01/2019,06:37:34,15,0,28.3,1.1,6.1,6.0,2,1,1.00,CYCLE,S
IND,208,6592,59453,16/01/2019,06:37:35,15,0,29.9,1.1,0.6,0.4,2,1,1.00,CYCLE,S
IND,208,6592,59452,16/01/2019,06:37:36,15,1,35.8,1.1,105.2,105.0,2,1,1.00,CYCLE,N
IND,208,6592,59453,16/01/2019,06:37:39,15,0,24.3,1.0,4.1,3.9,2,1,1.00,CYCLE,S
IND,208,6592,59453,16/01/2019,06:38:05,15,0,25.7,1.0,25.9,25.8,2,1,1.00,CYCLE,S
IND,208,6592,59453,16/01/2019,06:38:06,15,0,27.7,1.1,1.3,1.2,2,1,1.00,CYCLE,S
IND,208,6592,59453,16/01/2019,06:38:07,15,0,27.9,1.1,0.7,0.5,2,1,1.00,CYCLE,S
IND,208,6592,59453,16/01/2019,06:38:33,15,0,29.8,1.0,26.8,26.6,2,1,1.00,CYCLE,S
IND,208,6592,59453,16/01/2019,06:38:35,15,0,27.5,1.0,2.0,1.8,2,1,1.00,CYCLE,S
IND,208,6592,59453,16/01/2019,06:38:39,15,0,31.1,1.0,2.9,2.8,2,1,1.00,CYCLE,S
IND,208,6592,59453,16/01/2019,06:38:41,15,0,28.7,1.0,2.5,2.4,2,1,1.00,CYCLE,S
IND,208,6592,59453,16/01/2019,06:38:42,15,0,30.0,1.0,0.8,0.7,2,1,1.00,CYCLE,S
IND,208,6592,59453,16/01/2019,06:38:44,15,0,28.0,1.1,1.9,1.8,2,1,1.00,CYCLE,S
IND,208,6592,59453,16/01/2019,06:38:45,15,0,33.1,1.0,1.0,0.9,2,1,1.00,CYCLE,S
IND,208,6592,59453,16/01/2019,06:38:46,15,0,27.0,1.1,0.4,0.3,2,1,1.00,CYCLE,S
IND,208,6592,59453,16/01/2019,06:38:47,15,0,28.1,1.1,1.7,1.6,2,1,1.00,CYCLE,S
IND,208,6592,59453,16/01/2019,06:38:49,15,0,27.6,1.1,1.9,1.7,2,1,1.00,CYCLE,S
IND,208,6592,59453,16/01/2019,06:38:50,15,0,29.4,1.0,0.7,0.5,2,1,1.00,CYCLE,S
IND,208,6592,59453,16/01/2019,06:38:51,15,0,23.2,1.1,1.2,1.1,2,1,1.00,CYCLE,S
IND,208,6592,59453,16/01/2019,06:38:55,15,0,25.1,1.1,4.1,3.9,2,1,1.00,CYCLE,S
IND,208,6592,59453,16/01/2019,06:39:12,15,0,30.9,1.0,17.4,17.3,2,1,1.00,CYCLE,S
IND,208,6592,59453,16/01/2019,06:39:16,15,0,26.5,1.0,4.0,3.9,2,1,1.00,CYCLE,S
IND,208,6592,59453,16/01/2019,06:39:21,15,0,23.0,1.1,4.7,4.6,2,1,1.00,CYCLE,S
IND,208,6592,59453,16/01/2019,06:39:31,15,0,27.2,1.0,9.4,9.2,2,1,1.00,CYCLE,S
IND,208,6592,59453,16/01/2019,06:39:56,15,0,34.3,1.1,25.2,25.1,2,1,1.00,CYCLE,S
IND,208,6592,59453,16/01/2019,06:39:58,15,0,25.7,1.0,2.4,2.2,2,1,1.00,CYCLE,S
IND,208,6592,59453,16/01/2019,06:39:59,15,0,26.7,1.0,1.2,1.1,2,1,0.57,CYCLE,S
IND,208,6592,59453,16/01/2019,06:40:00,15,0,28.2,1.1,1.2,1.0,2,1,1.00,CYCLE,S
IND,208,6592,59453,16/01/2019,06:40:03,15,0,27.2,1.0,2.8,2.7,2,1,1.00,CYCLE,S
IND,208,6592,59453,16/01/2019,06:40:04,15,0,33.9,1.0,0.3,0.2,2,1,0.50,CYCLE,S
IND,208,6592,59452,16/01/2019,06:40:04,15,1,33.9,1.0,0.0,0.0,2,1,0.50,CYCLE,N
IND,208,6592,59453,16/01/2019,06:40:05,15,0,30.1,1.0,1.7,1.5,2,1,1.00,CYCLE,S
IND,208,6592,59453,16/01/2019,06:40:06,15,0,30.4,1.0,0.5,0.3,2,1,1.00,CYCLE,S
IND,208,6592,59453,16/01/2019,06:40:06,15,0,29.8,1.0,0.7,0.6,2,1,1.00,CYCLE,S
IND,208,6592,59453,16/01/2019,06:40:28,15,0,28.7,1.1,22.0,21.8,2,1,1.00,CYCLE,S
IND,208,6592,59453,16/01/2019,06:40:52,15,0,28.0,1.1,24.1,23.9,2,1,1.00,CYCLE,S
IND,208,6592,59453,16/01/2019,06:40:53,15,0,27.6,1.0,1.0,0.9,2,1,1.00,CYCLE,S
IND,208,6592,59453,16/01/2019,06:40:54,15,0,27.2,1.0,0.7,0.5,2,1,1.00,CYCLE,S
IND,208,6592,59453,16/01/2019,06:40:55,15,0,27.7,1.0,0.7,0.6,2,1,1.00,CYCLE,S
IND,208,6592,59453,16/01/2019,06:40:59,15,0,26.2,1.0,3.7,3.5,2,1,1.00,CYCLE,S
IND,208,6592,59453,16/01/2019,06:41:03,15,0,22.1,1.1,4.4,4.3,2,1,1.00,CYCLE,S
IND,208,6592,59453,16/01/2019,06:41:05,15,0,22.5,1.0,1.6,1.5,2,1,1.00,CYCLE,S
IND,208,6592,59453,16/01/2019,06:41:06,15,0,24.1,1.0,1.2,1.0,2,1,1.00,CYCLE,S
IND,208,6592,59453,16/01/2019,06:41:07,15,0,25.1,1.1,0.9,0.8,2,1,1.00,CYCLE,S
IND,208,6592,59453,16/01/2019,06:41:25,15,0,28.8,1.1,18.6,18.4,2,1,1.00,CYCLE,S
IND,208,6592,59453,16/01/2019,06:41:26,15,0,28.3,1.0,0.5,0.4,2,1,1.00,CYCLE,S
IND,208,6592,59453,16/01/2019,06:41:27,15,0,28.5,1.0,1.2,1.1,2,1,1.00,CYCLE,S
IND,208,6592,59453,16/01/2019,06:41:28,15,0,28.8,1.1,0.7,0.6,2,1,1.00,CYCLE,S
IND,208,6592,59453,16/01/2019,06:41:39,15,0,31.6,1.0,11.0,10.9,2,1,1.00,CYCLE,S
IND,208,6592,59453,16/01/2019,06:41:42,15,0,30.8,1.0,3.3,3.1,2,1,1.00,CYCLE,S
IND,208,6592,59452,16/01/2019,06:41:58,15,1,26.2,1.1,12.2,11.4,2,1,1.00,CYCLE,N
IND,208,6592,59453,16/01/2019,06:42:12,15,0,26.2,1.1,30.0,29.8,2,1,1.00,CYCLE,S
IND,208,6592,59453,16/01/2019,06:42:18,15,0,26.2,1.0,5.9,5.7,2,1,1.00,CYCLE,S
IND,208,6592,59453,16/01/2019,06:42:26,15,0,29.6,1.0,8.5,8.4,2,1,1.00,CYCLE,S
IND,208,6592,59453,16/01/2019,06:42:29,15,0,27.8,1.1,2.8,2.7,2,1,1.00,CYCLE,S
IND,208,6592,59453,16/01/2019,06:42:30,15,0,29.8,1.1,1.3,1.2,2,1,1.00,CYCLE,S
IND,208,6592,59453,16/01/2019,06:42:32,15,0,30.0,1.1,1.9,1.8,2,1,1.00,CYCLE,S
IND,208,6592,59453,16/01/2019,06:42:33,15,0,27.8,1.0,0.3,0.2,2,1,1.00,CYCLE,S
IND,208,6592,59453,16/01/2019,06:42:34,15,0,28.0,1.1,1.5,1.4,2,1,1.00,CYCLE,S
IND,208,6592,59453,16/01/2019,06:42:35,15,0,23.5,1.1,0.6,0.4,2,1,1.00,CYCLE,S
IND,208,6592,59453,16/01/2019,06:42:38,15,0,26.2,1.0,2.9,2.7,2,1,1.00,CYCLE,S
IND,208,6592,59453,16/01/2019,06:42:38,15,0,28.2,1.0,0.6,0.5,2,1,1.00,CYCLE,S
IND,208,6592,59453,16/01/2019,06:42:39,15,0,24.6,1.1,0.3,0.2,2,1,1.00,CYCLE,S
IND,208,6592,59453,16/01/2019,06:43:04,15,0,36.7,1.0,25.8,25.6,2,1,1.00,CYCLE,S
IND,208,6592,59453,16/01/2019,06:43:05,15,0,40.8,1.0,0.4,0.3,2,1,0.25,CYCLE,S
IND,208,6592,59453,16/01/2019,06:43:06,15,0,29.4,1.0,1.0,0.6,2,1,1.00,CYCLE,S
IND,208,6592,59453,16/01/2019,06:43:06,15,0,31.1,1.1,0.3,0.2,2,1,1.00,CYCLE,S
IND,208,6592,59452,16/01/2019,06:43:33,15,1,28.9,1.0,94.9,94.7,2,1,1.00,CYCLE,N
IND,208,6592,59452,16/01/2019,06:43:35,15,1,19.4,1.0,1.7,1.6,2,1,1.00,CYCLE,N
IND,208,6592,59452,16/01/2019,06:43:35,15,1,19.4,1.0,0.0,0.0,2,1,1.00,CYCLE,N
IND,208,6592,59452,16/01/2019,06:43:40,15,1,26.6,1.0,5.2,4.8,2,1,1.00,CYCLE,N
IND,208,6592,59453,16/01/2019,06:44:10,15,0,27.7,1.1,63.8,63.6,2,1,1.00,CYCLE,S
IND,208,6592,59453,16/01/2019,06:44:19,15,0,34.1,1.0,9.4,9.3,2,1,1.00,CYCLE,S
IND,208,6592,59453,16/01/2019,06:44:24,15,0,27.7,1.0,5.2,5.1,2,1,1.00,CYCLE,S
IND,208,6592,59452,16/01/2019,06:44:25,15,1,17.4,1.1,44.8,44.7,2,1,1.00,CYCLE,N
IND,208,6592,59453,16/01/2019,06:44:27,15,0,30.8,1.0,2.9,2.8,2,1,1.00,CYCLE,S
IND,208,6592,59453,16/01/2019,06:44:29,15,0,33.3,1.0,2.0,1.9,2,1,1.00,CYCLE,S
IND,208,6592,59453,16/01/2019,06:44:30,15,0,27.5,1.0,0.5,0.3,2,1,1.00,CYCLE,S
IND,208,6592,59453,16/01/2019,06:44:32,15,0,27.9,1.0,1.3,1.1,2,1,1.00,CYCLE,S
IND,208,6592,59453,16/01/2019,06:44:34,15,0,27.3,1.0,2.5,2.4,2,1,1.00,CYCLE,S
IND,208,6592,59453,16/01/2019,06:44:38,15,0,22.8,1.1,4.2,4.0,2,1,1.00,CYCLE,S
IND,208,6592,59453,16/01/2019,06:44:41,15,0,21.4,1.0,3.0,2.8,2,1,1.00,CYCLE,S
IND,208,6592,59453,16/01/2019,06:44:43,15,0,21.0,1.1,1.9,1.7,2,1,1.00,CYCLE,S
IND,208,6592,59453,16/01/2019,06:44:44,15,0,21.8,1.0,1.2,1.0,2,1,1.00,CYCLE,S
IND,208,6592,59453,16/01/2019,06:44:45,15,0,22.3,1.0,0.8,0.7,2,1,1.00,CYCLE,S
IND,208,6592,59453,16/01/2019,06:45:00,15,0,30.2,1.0,14.6,14.4,2,1,1.00,CYCLE,S
IND,208,6592,59453,16/01/2019,06:45:05,15,0,21.9,1.1,5.3,5.2,2,1,1.00,CYCLE,S
IND,208,6592,59453,16/01/2019,06:45:17,15,0,37.1,1.0,11.5,11.3,2,1,1.00,CYCLE,S
IND,208,6592,59453,16/01/2019,06:45:18,15,0,27.8,1.0,1.6,1.5,2,1,1.00,CYCLE,S
IND,208,6592,59453,16/01/2019,06:45:19,15,0,30.3,1.0,0.9,0.7,2,1,1.00,CYCLE,S
IND,208,6592,59453,16/01/2019,06:45:20,15,0,28.4,1.0,1.3,1.2,2,1,1.00,CYCLE,S
IND,208,6592,59453,16/01/2019,06:45:34,15,0,30.9,1.0,13.8,13.7,2,1,1.00,CYCLE,S
IND,208,6592,59453,16/01/2019,06:45:35,15,0,27.9,1.1,0.8,0.7,2,1,1.00,CYCLE,S
IND,208,6592,59453,16/01/2019,06:45:35,15,0,33.3,1.0,0.3,0.2,2,1,0.50,CYCLE,S
IND,208,6592,59452,16/01/2019,06:45:35,15,1,33.3,1.0,0.0,0.0,2,1,0.50,CYCLE,N
IND,208,6592,59453,16/01/2019,06:45:38,15,0,27.9,1.0,2.7,2.5,2,1,1.00,CYCLE,S
IND,208,6592,59453,16/01/2019,06:45:39,15,0,29.3,1.1,0.4,0.3,2,1,1.00,CYCLE,S
IND,208,6592,59452,16/01/2019,06:45:47,15,1,26.8,1.0,82.2,82.0,2,1,1.00,CYCLE,N
IND,208,6592,59453,16/01/2019,06:45:52,15,0,25.2,1.1,13.3,13.2,2,1,1.00,CYCLE,S
IND,208,6592,59453,16/01/2019,06:46:25,15,0,23.6,1.0,33.3,33.1,2,1,1.00,CYCLE,S
IND,208,6592,59453,16/01/2019,06:46:27,15,0,23.1,1.0,1.7,1.6,2,1,1.00,CYCLE,S
IND,208,6592,59453,16/01/2019,06:46:29,15,0,20.5,1.1,1.7,1.5,2,1,1.00,CYCLE,S
IND,208,6592,59453,16/01/2019,06:46:30,15,0,22.7,1.0,1.7,1.5,2,1,1.00,CYCLE,S
IND,208,6592,59453,16/01/2019,06:46:31,15,0,24.9,1.1,1.0,0.8,2,1,1.00,CYCLE,S
IND,208,6592,59453,16/01/2019,06:46:54,15,0,30.4,1.0,22.3,22.2,2,1,1.00,CYCLE,S
IND,208,6592,59453,16/01/2019,06:46:58,15,0,30.2,1.0,4.3,4.2,2,1,1.00,CYCLE,S
IND,208,6592,59453,16/01/2019,06:46:59,15,0,26.3,1.1,1.1,1.0,2,1,1.00,CYCLE,S
IND,208,6592,59453,16/01/2019,06:47:01,15,0,26.1,1.0,1.6,1.4,2,1,1.00,CYCLE,S
IND,208,6592,59453,16/01/2019,06:47:02,15,0,25.7,1.0,1.6,1.5,2,1,1.00,CYCLE,S
IND,208,6592,59453,16/01/2019,06:47:06,15,0,31.0,1.0,4.1,3.9,2,1,1.00,CYCLE,S
IND,208,6592,59453,16/01/2019,06:47:33,15,0,30.4,1.0,27.0,26.9,2,1,1.00,CYCLE,S
IND,208,6592,59452,16/01/2019,06:47:37,15,1,28.9,1.0,109.4,109.3,2,1,1.00,CYCLE,N
IND,208,6592,59453,16/01/2019,06:47:37,15,0,28.1,1.1,3.6,3.5,2,1,1.00,CYCLE,S
IND,208,6592,59453,16/01/2019,06:47:43,15,0,27.3,1.0,6.3,6.1,2,1,1.00,CYCLE,S
IND,208,6592,59453,16/01/2019,06:47:47,15,0,22.5,1.1,3.4,3.3,2,1,1.00,CYCLE,S
IND,208,6592,59452,16/01/2019,06:47:50,15,1,27.5,1.1,13.1,12.9,2,1,1.00,CYCLE,N
IND,208,6592,59453,16/01/2019,06:48:22,15,0,29.5,1.1,35.0,34.9,2,1,1.00,CYCLE,S
IND,208,6592,59453,16/01/2019,06:48:26,15,0,28.4,1.0,4.2,4.1,2,1,1.00,CYCLE,S
IND,208,6592,59453,16/01/2019,06:48:27,15,0,26.1,1.0,1.7,1.6,2,1,1.00,CYCLE,S
IND,208,6592,59453,16/01/2019,06:48:28,15,0,23.1,1.0,1.0,0.8,2,1,1.00,CYCLE,S
IND,208,6592,59453,16/01/2019,06:48:30,15,0,25.2,1.0,1.3,1.2,2,1,1.00,CYCLE,S
IND,208,6592,59453,16/01/2019,06:48:31,15,0,24.8,1.1,0.9,0.7,2,1,1.00,CYCLE,S
IND,208,6592,59453,16/01/2019,06:48:32,15,0,18.1,1.0,1.0,0.8,2,1,1.00,CYCLE,S
IND,208,6592,59452,16/01/2019,06:48:32,15,1,2.8,1.0,42.3,42.1,2,1,0.62,CYCLE,N
IND,208,6592,59452,16/01/2019,06:48:32,15,1,2.8,1.0,0.0,0.0,2,1,0.62,CYCLE,N
IND,208,6592,59452,16/01/2019,06:48:32,15,1,2.8,1.0,0.0,0.0,2,1,0.62,CYCLE,N
IND,208,6592,59453,16/01/2019,06:48:35,15,0,25.6,1.1,3.8,3.6,2,1,1.00,CYCLE,S
IND,208,6592,59453,16/01/2019,06:48:36,15,0,23.4,1.0,0.7,0.6,2,1,1.00,CYCLE,S
IND,208,6592,59453,16/01/2019,06:48:56,15,0,28.8,1.0,19.5,19.3,2,1,1.00,CYCLE,S
IND,208,6592,59453,16/01/2019,06:48:57,15,0,27.8,1.0,1.0,0.8,2,1,1.00,CYCLE,S
IND,208,6592,59453,16/01/2019,06:48:57,15,0,35.4,1.0,0.3,0.2,2,1,1.00,CYCLE,S
IND,208,6592,59453,16/01/2019,06:48:58,15,0,27.0,1.0,1.2,1.1,2,1,1.00,CYCLE,S
IND,208,6592,59453,16/01/2019,06:49:05,15,0,28.4,1.0,6.9,6.7,2,1,1.00,CYCLE,S
IND,208,6592,59453,16/01/2019,06:49:35,15,0,35.9,1.1,30.2,30.1,2,1,1.00,CYCLE,S
IND,208,6592,59453,16/01/2019,06:49:36,15,0,25.5,1.0,0.5,0.4,2,1,1.00,CYCLE,S
IND,208,6592,59452,16/01/2019,06:49:36,15,1,17.7,1.1,37.2,36.5,2,1,1.00,CYCLE,N
IND,208,6592,59453,16/01/2019,06:49:37,15,0,31.2,1.1,1.4,1.2,2,1,1.00,CYCLE,S
IND,208,6592,59453,16/01/2019,06:49:38,15,0,28.1,1.0,0.7,0.6,2,1,1.00,CYCLE,S
IND,208,6592,59453,16/01/2019,06:49:39,15,0,30.5,1.2,1.8,1.6,2,1,1.00,CYCLE,S
IND,208,6592,59453,16/01/2019,06:49:42,15,0,22.1,1.1,2.6,2.5,2,1,1.00,CYCLE,S
IND,208,6592,59453,16/01/2019,06:49:44,15,0,23.5,1.0,1.9,1.7,2,1,1.00,CYCLE,S
IND,208,6592,59453,16/01/2019,06:50:17,15,0,28.3,1.0,33.2,33.1,2,1,1.00,CYCLE,S
IND,208,6592,59453,16/01/2019,06:50:18,15,0,20.1,1.1,0.6,0.5,2,1,1.00,CYCLE,S
IND,208,6592,59453,16/01/2019,06:50:23,15,0,28.2,1.0,5.2,5.0,2,1,1.00,CYCLE,S
IND,208,6592,59453,16/01/2019,06:50:26,15,0,27.4,1.0,2.6,2.4,2,1,0.50,CYCLE,S
IND,208,6592,59452,16/01/2019,06:50:26,15,1,27.4,1.0,0.0,0.0,2,1,0.50,CYCLE,N
IND,208,6592,59453,16/01/2019,06:50:27,15,0,29.1,1.0,1.5,1.2,2,1,1.00,CYCLE,S
IND,208,6592,59453,16/01/2019,06:50:28,15,0,20.7,1.1,1.4,1.3,2,1,1.00,CYCLE,S
IND,208,6592,59453,16/01/2019,06:50:29,15,0,23.1,1.0,0.7,0.5,2,1,1.00,CYCLE,S
IND,208,6592,59453,16/01/2019,06:50:31,15,0,20.0,1.1,2.1,1.9,2,1,1.00,CYCLE,S
IND,208,6592,59453,16/01/2019,06:50:33,15,0,24.3,1.0,2.3,2.1,2,1,1.00,CYCLE,S
IND,208,6592,59453,16/01/2019,06:50:34,15,0,27.2,1.0,0.5,0.4,2,1,1.00,CYCLE,S
IND,208,6592,59453,16/01/2019,06:50:34,15,0,28.6,1.0,0.3,0.2,2,1,1.00,CYCLE,S
IND,208,6592,59453,16/01/2019,06:50:35,15,0,19.5,1.0,1.1,0.9,2,1,1.00,CYCLE,S
IND,208,6592,59453,16/01/2019,06:50:36,15,0,19.7,1.0,1.2,1.0,2,1,1.00,CYCLE,S
IND,208,6592,59453,16/01/2019,06:50:39,15,0,20.0,1.1,3.0,2.8,2,1,1.00,CYCLE,S
IND,208,6592,59453,16/01/2019,06:50:40,15,0,21.1,1.1,1.0,0.8,2,1,1.00,CYCLE,S
IND,208,6592,59453,16/01/2019,06:50:46,15,0,18.7,1.1,5.9,5.7,2,1,1.00,CYCLE,S
IND,208,6592,59453,16/01/2019,06:51:02,15,0,28.7,1.0,15.9,15.7,2,1,1.00,CYCLE,S
IND,208,6592,59453,16/01/2019,06:51:13,15,0,29.8,1.1,11.1,11.0,2,1,1.00,CYCLE,S
IND,208,6592,59453,16/01/2019,06:51:21,15,0,25.2,1.0,8.0,7.9,2,1,1.00,CYCLE,S
IND,208,6592,59452,16/01/2019,06:51:31,15,1,31.8,1.0,114.9,114.6,2,1,1.00,CYCLE,N
IND,208,6592,59452,16/01/2019,06:51:33,15,1,28.1,1.0,2.1,2.0,2,1,1.00,CYCLE,N
IND,208,6592,59453,16/01/2019,06:51:35,15,0,24.0,1.1,13.3,13.1,2,1,1.00,CYCLE,S
IND,208,6592,59453,16/01/2019,06:51:36,15,0,27.9,1.0,1.8,1.6,2,1,1.00,CYCLE,S
IND,208,6592,59452,16/01/2019,06:51:39,15,1,25.6,1.1,5.7,5.6,2,1,1.00,CYCLE,N
IND,208,6592,59453,16/01/2019,06:51:40,15,0,28.8,1.0,3.1,3.0,2,1,1.00,CYCLE,S
IND,208,6592,59453,16/01/2019,06:51:40,15,0,23.8,1.0,0.4,0.2,2,1,1.00,CYCLE,S
IND,208,6592,59453,16/01/2019,06:51:41,15,0,27.0,1.1,1.2,1.1,2,1,1.00,CYCLE,S
IND,208,6592,59452,16/01/2019,06:51:44,15,1,31.9,1.1,4.9,4.7,2,1,1.00,CYCLE,N
IND,208,6592,59453,16/01/2019,06:51:50,15,0,26.2,1.0,8.5,8.3,2,1,1.00,CYCLE,S
IND,208,6592,59453,16/01/2019,06:51:57,15,0,26.5,1.0,7.1,6.9,2,1,1.00,CYCLE,S
IND,208,6592,59453,16/01/2019,06:52:04,15,0,24.4,1.0,7.8,7.7,2,1,1.00,CYCLE,S
IND,208,6592,59453,16/01/2019,06:52:12,15,0,23.6,1.1,7.2,7.1,2,1,1.00,CYCLE,S
IND,208,6592,59453,16/01/2019,06:52:18,15,0,24.2,1.0,6.1,6.0,2,1,1.00,CYCLE,S
IND,208,6592,59453,16/01/2019,06:52:22,15,0,22.1,1.0,3.8,3.6,2,1,0.80,CYCLE,S
IND,208,6592,59453,16/01/2019,06:52:22,15,0,22.1,1.0,0.0,0.0,2,1,0.80,CYCLE,S
IND,208,6592,59453,16/01/2019,06:52:22,15,0,26.0,1.0,0.7,0.4,2,1,1.00,CYCLE,S
IND,208,6592,59453,16/01/2019,06:52:25,15,0,26.9,1.0,2.5,2.4,2,1,1.00,CYCLE,S
IND,208,6592,59453,16/01/2019,06:52:25,15,0,25.4,1.1,0.6,0.5,2,1,1.00,CYCLE,S
IND,208,6592,59453,16/01/2019,06:52:30,15,0,29.4,1.0,4.7,4.5,2,1,1.00,CYCLE,S
IND,208,6592,59453,16/01/2019,06:52:31,15,0,22.6,1.0,1.2,1.0,2,1,1.00,CYCLE,S
IND,208,6592,59453,16/01/2019,06:52:34,15,0,23.5,1.0,2.3,2.1,2,1,1.00,CYCLE,S
IND,208,6592,59453,16/01/2019,06:53:04,15,0,32.6,1.0,30.8,30.7,2,1,1.00,CYCLE,S
IND,208,6592,59453,16/01/2019,06:53:06,15,0,23.3,1.0,1.2,1.0,2,1,1.00,CYCLE,S
IND,208,6592,59453,16/01/2019,06:53:06,15,0,28.6,1.1,0.6,0.5,2,1,1.00,CYCLE,S
IND,208,6592,59453,16/01/2019,06:53:08,15,0,24.7,1.1,2.2,2.0,2,1,1.00,CYCLE,S
IND,208,6592,59453,16/01/2019,06:53:15,15,0,17.4,1.0,6.9,6.7,2,1,1.00,CYCLE,S
IND,208,6592,59453,16/01/2019,06:53:16,15,0,17.3,1.0,1.0,0.8,2,1,1.00,CYCLE,S
IND,208,6592,59453,16/01/2019,06:53:22,15,0,31.8,1.1,5.2,5.0,2,1,1.00,CYCLE,S
IND,208,6592,59453,16/01/2019,06:53:24,15,0,25.0,1.0,2.5,2.3,2,1,1.00,CYCLE,S
IND,208,6592,59453,16/01/2019,06:53:41,15,0,32.5,1.0,16.9,16.8,2,1,1.00,CYCLE,S
IND,208,6592,59453,16/01/2019,06:53:42,15,0,31.4,1.0,1.3,1.2,2,1,1.00,CYCLE,S
IND,208,6592,59453,16/01/2019,06:53:43,15,0,29.9,1.1,1.0,0.9,2,1,1.00,CYCLE,S
IND,208,6592,59453,16/01/2019,06:53:44,15,0,29.2,1.1,1.2,1.1,2,1,1.00,CYCLE,S
IND,208,6592,59453,16/01/2019,06:53:47,15,0,26.4,1.0,2.8,2.7,2,1,1.00,CYCLE,S
IND,208,6592,59452,16/01/2019,06:53:57,15,1,26.4,1.0,132.6,132.5,2,1,0.80,CYCLE,N
IND,208,6592,59452,16/01/2019,06:54:09,15,1,24.7,1.0,12.0,11.9,2,1,1.00,CYCLE,N
IND,208,6592,59453,16/01/2019,06:54:21,15,0,28.8,1.0,33.6,33.5,2,1,1.00,CYCLE,S
IND,208,6592,59453,16/01/2019,06:54:21,15,0,29.5,1.1,0.4,0.3,2,1,1.00,CYCLE,S
IND,208,6592,59453,16/01/2019,06:54:24,15,0,29.0,1.1,3.0,2.8,2,1,1.00,CYCLE,S
IND,208,6592,59453,16/01/2019,06:54:26,15,0,33.2,1.0,1.7,1.6,2,1,1.00,CYCLE,S
IND,208,6592,59453,16/01/2019,06:54:27,15,0,25.2,1.1,1.3,1.1,2,1,1.00,CYCLE,S
IND,208,6592,59453,16/01/2019,06:54:28,15,0,26.9,1.0,0.5,0.3,2,1,1.00,CYCLE,S
IND,208,6592,59453,16/01/2019,06:54:29,15,0,26.1,1.0,1.2,1.1,2,1,1.00,CYCLE,S
IND,208,6592,59453,16/01/2019,06:54:29,15,0,28.4,1.0,0.5,0.3,2,1,1.00,CYCLE,S
IND,208,6592,59453,16/01/2019,06:54:36,15,0,23.8,1.0,6.5,6.3,2,1,1.00,CYCLE,S
IND,208,6592,59453,16/01/2019,06:54:36,15,0,24.7,1.0,0.6,0.4,2,1,1.00,CYCLE,S
IND,208,6592,59453,16/01/2019,06:54:38,15,0,25.1,1.0,1.3,1.1,2,1,1.00,CYCLE,S
IND,208,6592,59453,16/01/2019,06:54:39,15,0,20.5,1.0,0.9,0.8,2,1,1.00,CYCLE,S
IND,208,6592,59453,16/01/2019,06:54:43,15,0,20.3,1.1,4.8,4.7,2,1,1.00,CYCLE,S
IND,208,6592,59453,16/01/2019,06:55:06,15,0,34.3,1.0,23.1,22.9,2,1,1.00,CYCLE,S
IND,208,6592,59453,16/01/2019,06:55:10,15,0,25.9,1.1,3.7,3.6,2,1,1.00,CYCLE,S
IND,208,6592,59453,16/01/2019,06:55:15,15,0,23.7,1.1,5.1,4.9,2,1,1.00,CYCLE,S
IND,208,6592,59453,16/01/2019,06:55:20,15,0,28.7,1.0,4.7,4.5,2,1,1.00,CYCLE,S
IND,208,6592,59453,16/01/2019,06:55:21,15,0,29.5,1.0,1.0,0.9,2,1,1.00,CYCLE,S
IND,208,6592,59453,16/01/2019,06:55:26,15,0,23.2,1.0,5.4,5.3,2,1,1.00,CYCLE,S
IND,208,6592,59453,16/01/2019,06:55:27,15,0,29.8,1.0,0.9,0.8,2,1,1.00,CYCLE,S
IND,208,6592,59453,16/01/2019,06:55:30,15,0,29.0,1.0,2.5,2.4,2,1,1.00,CYCLE,S
IND,208,6592,59453,16/01/2019,06:55:31,15,0,23.3,1.1,1.5,1.4,2,1,1.00,CYCLE,S
IND,208,6592,59453,16/01/2019,06:56:03,15,0,26.0,1.0,31.3,31.1,2,1,1.00,CYCLE,S
IND,208,6592,59453,16/01/2019,06:56:05,15,0,25.7,1.0,2.3,2.2,2,1,1.00,CYCLE,S
IND,208,6592,59453,16/01/2019,06:56:05,15,0,26.2,1.0,0.3,0.2,2,1,1.00,CYCLE,S
IND,208,6592,59453,16/01/2019,06:56:05,15,0,26.2,1.0,0.0,0.0,2,1,1.00,CYCLE,S
IND,208,6592,59453,16/01/2019,06:56:09,15,0,21.1,1.0,3.9,3.1,2,1,1.00,CYCLE,S
IND,208,6592,59453,16/01/2019,06:56:13,15,0,23.5,1.1,4.0,3.8,2,1,1.00,CYCLE,S
IND,208,6592,59453,16/01/2019,06:56:34,15,0,28.4,1.1,21.1,20.9,2,1,1.00,CYCLE,S
IND,208,6592,59453,16/01/2019,06:56:37,15,0,38.3,1.0,2.8,2.7,2,1,1.00,CYCLE,S
IND,208,6592,59453,16/01/2019,06:56:37,15,0,27.7,1.0,0.4,0.4,2,1,1.00,CYCLE,S
IND,208,6592,59453,16/01/2019,06:56:38,15,0,29.8,1.1,0.5,0.4,2,1,1.00,CYCLE,S
IND,208,6592,59453,16/01/2019,06:56:40,15,0,25.6,1.0,1.6,1.5,2,1,1.00,CYCLE,S
IND,208,6592,59453,16/01/2019,06:56:41,15,0,28.0,1.0,1.0,0.8,2,1,1.00,CYCLE,S
IND,208,6592,59453,16/01/2019,06:56:41,15,0,29.2,1.1,0.2,0.1,2,1,1.00,CYCLE,S
IND,208,6592,59453,16/01/2019,06:56:44,15,0,28.0,1.0,3.3,3.2,2,1,1.00,CYCLE,S
IND,208,6592,59453,16/01/2019,06:56:46,15,0,25.9,1.0,1.4,1.3,2,1,1.00,CYCLE,S
IND,208,6592,59453,16/01/2019,06:56:46,15,0,25.9,1.0,0.0,0.0,2,1,1.00,CYCLE,S
IND,208,6592,59453,16/01/2019,06:56:46,15,0,24.8,1.0,0.8,0.5,2,1,0.57,CYCLE,S
IND,208,6592,59453,16/01/2019,06:56:49,15,0,29.8,1.0,2.7,2.4,2,1,1.00,CYCLE,S
IND,208,6592,59453,16/01/2019,06:56:50,15,0,21.5,1.0,1.0,0.9,2,1,1.00,CYCLE,S
IND,208,6592,59453,16/01/2019,06:56:52,15,0,24.1,1.0,2.4,2.2,2,1,1.00,CYCLE,S
IND,208,6592,59453,16/01/2019,06:56:56,15,0,19.7,1.1,3.2,3.0,2,1,1.00,CYCLE,S
IND,208,6592,59453,16/01/2019,06:57:05,15,0,36.7,1.0,9.6,9.4,2,1,1.00,CYCLE,S
IND,208,6592,59453,16/01/2019,06:57:07,15,0,33.9,1.0,1.4,1.3,2,1,1.00,CYCLE,S
IND,208,6592,59453,16/01/2019,06:57:10,15,0,26.5,1.0,3.3,3.2,2,1,1.00,CYCLE,S
IND,208,6592,59453,16/01/2019,06:57:12,15,0,27.7,1.1,2.1,1.9,2,1,1.00,CYCLE,S
IND,208,6592,59453,16/01/2019,06:57:12,15,0,29.3,1.0,0.5,0.4,2,1,1.00,CYCLE,S
IND,208,6592,59453,16/01/2019,06:58:52,15,0,35.5,1.0,99.9,99.8,2,1,1.00,CYCLE,S
IND,208,6592,59453,16/01/2019,06:58:54,15,0,34.0,1.1,2.0,1.9,2,1,1.00,CYCLE,S
IND,208,6592,59453,16/01/2019,06:58:56,15,0,24.5,1.0,2.0,1.9,2,1,1.00,CYCLE,S
IND,208,6592,59453,16/01/2019,06:58:57,15,0,27.9,1.0,1.1,0.9,2,1,1.00,CYCLE,S
IND,208,6592,59453,16/01/2019,06:58:58,15,0,28.8,1.0,0.4,0.3,2,1,1.14,CYCLE,S
IND,208,6592,59453,16/01/2019,06:58:58,15,0,28.8,1.0,0.0,0.0,2,1,1.14,CYCLE,S
IND,208,6592,59453,16/01/2019,06:59:01,15,0,28.1,1.0,3.1,2.9,2,1,1.00,CYCLE,S
IND,208,6592,59453,16/01/2019,06:59:03,15,0,29.1,1.0,1.9,1.8,2,1,1.00,CYCLE,S
IND,208,6592,59453,16/01/2019,06:59:04,15,0,34.7,1.0,0.7,0.6,2,1,1.00,CYCLE,S
IND,208,6592,59453,16/01/2019,06:59:05,15,0,25.3,1.0,1.1,0.9,2,1,1.00,CYCLE,S
IND,208,6592,59453,16/01/2019,06:59:06,15,0,35.8,1.0,1.8,1.5,2,1,1.00,CYCLE,S
IND,208,6592,59453,16/01/2019,06:59:07,15,0,23.5,1.1,0.5,0.4,2,1,1.00,CYCLE,S
IND,208,6592,59453,16/01/2019,06:59:09,15,0,29.8,1.0,2.3,2.2,2,1,1.00,CYCLE,S
IND,208,6592,59453,16/01/2019,06:59:10,15,0,32.0,1.0,0.6,0.5,2,1,1.00,CYCLE,S
IND,208,6592,59453,16/01/2019,06:59:10,15,0,30.6,1.1,0.2,0.1,2,1,1.00,CYCLE,S
IND,208,6592,59453,16/01/2019,06:59:11,15,0,28.5,1.1,0.4,0.3,2,1,1.00,CYCLE,S
IND,208,6592,59453,16/01/2019,06:59:11,15,0,33.9,1.1,0.3,0.2,2,1,1.00,CYCLE,S
IND,208,6592,59453,16/01/2019,06:59:12,15,0,31.7,1.0,0.8,0.7,2,1,1.00,CYCLE,S
IND,208,6592,59453,16/01/2019,06:59:12,15,0,31.7,1.0,0.0,0.0,2,1,1.00,CYCLE,S
IND,208,6592,59453,16/01/2019,06:59:18,15,0,24.1,1.1,6.1,5.9,2,1,1.00,CYCLE,S
IND,208,6592,59452,16/01/2019,06:59:38,15,1,28.5,1.0,329.1,328.9,2,1,1.00,CYCLE,N
IND,208,6592,59453,16/01/2019,07:00:49,15,0,26.9,1.0,90.8,90.6,2,1,1.00,CYCLE,S
IND,208,6592,59453,16/01/2019,07:00:52,15,0,24.3,1.0,3.7,3.6,2,1,1.00,CYCLE,S
IND,208,6592,59453,16/01/2019,07:00:54,15,0,25.2,1.0,1.3,1.2,2,1,1.00,CYCLE,S
IND,208,6592,59453,16/01/2019,07:00:55,15,0,24.2,1.1,1.4,1.2,2,1,1.00,CYCLE,S
IND,208,6592,59453,16/01/2019,07:00:56,15,0,24.2,1.0,0.6,0.5,2,1,1.00,CYCLE,S
IND,208,6592,59453,16/01/2019,07:00:57,15,0,24.4,1.1,0.9,0.8,2,1,1.00,CYCLE,S
IND,208,6592,59453,16/01/2019,07:00:57,15,0,28.2,1.0,0.7,0.5,2,1,1.00,CYCLE,S
IND,208,6592,59453,16/01/2019,07:01:00,15,0,23.6,1.1,2.5,2.4,2,1,1.00,CYCLE,S
IND,208,6592,59453,16/01/2019,07:01:07,15,0,22.5,1.0,7.3,7.1,2,1,1.00,CYCLE,S
IND,208,6592,59453,16/01/2019,07:01:08,15,0,18.1,1.1,1.3,1.1,2,1,1.00,CYCLE,S
IND,208,6592,59453,16/01/2019,07:01:10,15,0,21.4,1.0,1.9,1.7,2,1,1.00,CYCLE,S
IND,208,6592,59453,16/01/2019,07:01:23,15,0,27.7,1.1,12.6,12.4,2,1,1.00,CYCLE,S
IND,208,6592,59453,16/01/2019,07:01:25,15,0,25.3,1.1,1.7,1.6,2,1,1.00,CYCLE,S
IND,208,6592,59453,16/01/2019,07:01:25,15,0,25.6,1.0,0.9,0.8,2,1,1.00,CYCLE,S
IND,208,6592,59453,16/01/2019,07:01:26,15,0,26.7,1.0,0.9,0.8,2,1,1.00,CYCLE,S
IND,208,6592,59453,16/01/2019,07:01:27,15,0,25.9,1.0,0.4,0.2,2,1,1.00,CYCLE,S
IND,208,6592,59453,16/01/2019,07:01:28,15,0,37.4,1.0,0.9,0.8,2,1,1.00,CYCLE,S
IND,208,6592,59453,16/01/2019,07:01:28,15,0,27.7,1.0,0.5,0.4,2,1,1.00,CYCLE,S
IND,208,6592,59453,16/01/2019,07:01:30,15,0,25.5,1.0,1.9,1.7,2,1,0.84,CYCLE,S
IND,208,6592,59453,16/01/2019,07:01:30,15,0,25.5,1.0,0.0,0.0,2,1,0.84,CYCLE,S
IND,208,6592,59453,16/01/2019,07:01:30,15,0,25.5,1.0,0.0,0.0,2,1,0.84,CYCLE,S
IND,208,6592,59453,16/01/2019,07:01:32,15,0,29.8,1.0,1.6,0.6,2,1,1.00,CYCLE,S
IND,208,6592,59453,16/01/2019,07:01:32,15,0,28.1,1.1,0.8,0.7,2,1,1.00,CYCLE,S
IND,208,6592,59453,16/01/2019,07:01:33,15,0,27.6,1.1,0.8,0.6,2,1,1.00,CYCLE,S
IND,208,6592,59452,16/01/2019,07:01:34,15,1,27.7,1.0,116.0,115.9,2,1,1.00,CYCLE,N
IND,208,6592,59453,16/01/2019,07:01:35,15,0,30.4,1.1,1.7,1.5,2,1,1.00,CYCLE,S
IND,208,6592,59452,16/01/2019,07:01:35,15,1,31.8,1.1,1.5,1.4,2,1,1.00,CYCLE,N
IND,208,6592,59453,16/01/2019,07:01:36,15,0,28.9,1.1,1.4,1.3,2,1,1.00,CYCLE,S
IND,208,6592,59453,16/01/2019,07:01:37,15,0,32.5,1.1,0.4,0.3,2,1,1.00,CYCLE,S
IND,208,6592,59453,16/01/2019,07:01:38,15,0,23.5,1.1,1.1,1.0,2,1,1.00,CYCLE,S
IND,208,6592,59453,16/01/2019,07:01:39,15,0,29.8,1.0,0.9,0.8,2,1,1.00,CYCLE,S
IND,208,6592,59453,16/01/2019,07:01:44,15,0,26.1,1.0,4.8,4.7,2,1,1.00,CYCLE,S
IND,208,6592,59452,16/01/2019,07:01:44,15,1,25.2,1.0,8.5,8.4,2,1,1.00,CYCLE,N
IND,208,6592,59453,16/01/2019,07:01:45,15,0,16.3,1.1,1.0,0.8,2,1,1.00,CYCLE,S
IND,208,6592,59453,16/01/2019,07:01:45,15,0,24.9,1.0,0.5,0.3,2,1,0.57,CYCLE,S
IND,208,6592,59453,16/01/2019,07:02:49,15,0,30.7,1.0,63.7,63.3,2,1,1.00,CYCLE,S
IND,208,6592,59453,16/01/2019,07:02:50,15,0,31.5,1.0,0.8,0.6,2,1,1.00,CYCLE,S
IND,208,6592,59453,16/01/2019,07:02:51,15,0,29.3,1.0,1.3,1.2,2,1,1.00,CYCLE,S
IND,208,6592,59453,16/01/2019,07:02:56,15,0,25.4,1.0,5.4,5.3,2,1,0.80,CYCLE,S
IND,208,6592,59453,16/01/2019,07:03:02,15,0,21.1,1.1,5.8,5.7,2,1,1.00,CYCLE,S
IND,208,6592,59453,16/01/2019,07:03:22,15,0,30.8,1.0,20.1,19.9,2,1,1.00,CYCLE,S
IND,208,6592,59453,16/01/2019,07:03:24,15,0,30.0,1.1,1.6,1.5,2,1,1.00,CYCLE,S
IND,208,6592,59453,16/01/2019,07:03:25,15,0,24.8,1.0,0.9,0.8,2,1,1.00,CYCLE,S
IND,208,6592,59453,16/01/2019,07:03:26,15,0,29.6,1.0,1.2,1.0,2,1,1.00,CYCLE,S
IND,208,6592,59453,16/01/2019,07:03:27,15,0,26.2,1.1,1.2,1.1,2,1,1.00,CYCLE,S
IND,208,6592,59453,16/01/2019,07:03:28,15,0,26.2,1.1,1.2,1.1,2,1,1.00,CYCLE,S
IND,208,6592,59453,16/01/2019,07:03:30,15,0,25.8,1.0,1.3,1.1,2,1,1.00,CYCLE,S
IND,208,6592,59453,16/01/2019,07:03:32,15,0,25.0,1.0,2.7,2.5,2,1,1.00,CYCLE,S
IND,208,6592,59452,16/01/2019,07:03:40,15,1,26.9,1.1,116.2,116.0,2,1,1.00,CYCLE,N
IND,208,6592,59453,16/01/2019,07:03:40,15,0,29.2,1.0,8.3,8.1,2,1,1.00,CYCLE,S
IND,208,6592,59453,16/01/2019,07:03:43,15,0,21.5,1.1,2.2,2.1,2,1,1.00,CYCLE,S
IND,208,6592,59452,16/01/2019,07:03:46,15,1,25.0,1.0,5.7,5.6,2,1,1.00,CYCLE,N
IND,208,6592,59453,16/01/2019,07:03:46,15,0,24.0,1.1,3.4,3.2,2,1,1.00,CYCLE,S
IND,208,6592,59453,16/01/2019,07:03:54,15,0,29.9,1.0,7.5,7.3,2,1,1.00,CYCLE,S
IND,208,6592,59453,16/01/2019,07:04:02,15,0,28.0,1.0,8.7,8.6,2,1,1.00,CYCLE,S
IND,208,6592,59453,16/01/2019,07:04:11,15,0,29.2,1.1,8.8,8.6,2,1,1.00,CYCLE,S
IND,208,6592,59453,16/01/2019,07:04:49,15,0,28.4,1.0,38.0,37.8,2,1,1.00,CYCLE,S
IND,208,6592,59453,16/01/2019,07:04:51,15,0,28.6,1.0,1.8,1.7,2,1,1.00,CYCLE,S
IND,208,6592,59453,16/01/2019,07:04:53,15,0,41.5,1.0,1.7,1.6,2,1,0.22,CYCLE,S
IND,208,6592,59453,16/01/2019,07:04:54,15,0,32.1,1.0,1.1,0.7,2,1,1.00,CYCLE,S
IND,208,6592,59453,16/01/2019,07:04:55,15,0,24.6,1.0,1.0,0.9,2,1,1.00,CYCLE,S
IND,208,6592,59453,16/01/2019,07:05:01,15,0,22.6,1.1,6.0,5.8,2,1,1.00,CYCLE,S
IND,208,6592,59453,16/01/2019,07:05:02,15,0,22.5,1.1,0.8,0.6,2,1,1.00,CYCLE,S
IND,208,6592,59453,16/01/2019,07:05:02,15,0,22.4,1.1,0.5,0.4,2,1,1.00,CYCLE,S
IND,208,6592,59453,16/01/2019,07:05:03,15,0,22.6,1.1,0.6,0.5,2,1,1.00,CYCLE,S
IND,208,6592,59453,16/01/2019,07:05:05,15,0,22.7,1.0,2.3,2.2,2,1,1.00,CYCLE,S
IND,208,6592,59453,16/01/2019,07:05:05,15,0,22.7,1.0,0.0,0.0,2,1,1.00,CYCLE,S
IND,208,6592,59453,16/01/2019,07:05:18,15,0,26.1,1.0,12.9,12.7,2,1,1.00,CYCLE,S
IND,208,6592,59453,16/01/2019,07:05:19,15,0,30.5,1.0,1.4,1.2,2,1,1.00,CYCLE,S
IND,208,6592,59453,16/01/2019,07:05:20,15,0,30.1,1.0,0.3,0.1,2,1,1.00,CYCLE,S
IND,208,6592,59453,16/01/2019,07:05:27,15,0,23.5,1.0,7.7,7.6,2,1,0.40,CYCLE,S
IND,208,6592,59453,16/01/2019,07:05:28,15,0,28.5,1.1,0.7,0.4,2,1,1.00,CYCLE,S
IND,208,6592,59453,16/01/2019,07:05:30,15,0,24.5,1.1,1.6,1.4,2,1,1.00,CYCLE,S
IND,208,6592,59452,16/01/2019,07:05:31,15,1,34.4,1.0,105.4,105.2,2,1,1.00,CYCLE,N
IND,208,6592,59453,16/01/2019,07:05:32,15,0,24.4,1.0,2.4,2.2,2,1,1.00,CYCLE,S
IND,208,6592,59452,16/01/2019,07:05:39,15,1,28.7,1.0,7.6,7.5,2,1,1.00,CYCLE,N
IND,208,6592,59452,16/01/2019,07:05:42,15,1,23.7,1.1,2.9,2.8,2,1,1.00,CYCLE,N
IND,208,6592,59453,16/01/2019,07:05:49,15,0,32.3,1.0,17.0,16.8,2,1,1.00,CYCLE,S
IND,208,6592,59452,16/01/2019,07:05:59,15,1,27.1,1.0,17.4,17.2,2,1,1.00,CYCLE,N
IND,208,6592,59453,16/01/2019,07:06:00,15,0,21.5,1.1,10.8,10.7,2,1,1.00,CYCLE,S
IND,208,6592,59453,16/01/2019,07:06:05,15,0,29.3,1.1,5.6,5.4,2,1,1.00,CYCLE,S
IND,208,6592,59453,16/01/2019,07:06:17,15,0,32.9,1.0,11.9,11.8,2,1,1.00,CYCLE,S
IND,208,6592,59453,16/01/2019,07:06:20,15,0,27.7,1.0,2.6,2.5,2,1,1.00,CYCLE,S
IND,208,6592,59453,16/01/2019,07:06:21,15,0,29.7,1.1,1.4,1.3,2,1,1.00,CYCLE,S
IND,208,6592,59453,16/01/2019,07:06:22,15,0,27.1,1.0,0.4,0.2,2,1,1.00,CYCLE,S
IND,208,6592,59453,16/01/2019,07:06:26,15,0,26.2,1.0,4.3,4.1,2,1,1.00,CYCLE,S
IND,208,6592,59453,16/01/2019,07:06:26,15,0,23.1,1.0,0.6,0.4,2,1,1.00,CYCLE,S
IND,208,6592,59453,16/01/2019,07:06:28,15,0,22.5,1.1,1.6,1.4,2,1,1.00,CYCLE,S
IND,208,6592,59453,16/01/2019,07:06:29,15,0,28.1,1.1,1.0,0.8,2,1,1.00,CYCLE,S
IND,208,6592,59453,16/01/2019,07:06:30,15,0,27.2,1.0,0.8,0.7,2,1,1.00,CYCLE,S
IND,208,6592,59453,16/01/2019,07:06:31,15,0,25.7,1.1,1.6,1.4,2,1,1.00,CYCLE,S
IND,208,6592,59453,16/01/2019,07:06:34,15,0,23.5,1.1,2.2,2.1,2,1,1.00,CYCLE,S
IND,208,6592,59453,16/01/2019,07:06:35,15,0,18.5,1.1,1.2,1.0,2,1,1.00,CYCLE,S
IND,208,6592,59453,16/01/2019,07:06:35,15,0,22.2,1.1,0.7,0.5,2,1,1.00,CYCLE,S
IND,208,6592,59453,16/01/2019,07:06:40,15,0,23.3,1.0,4.7,4.5,2,1,1.00,CYCLE,S
IND,208,6592,59453,16/01/2019,07:06:42,15,0,23.0,1.0,1.5,1.4,2,1,1.00,CYCLE,S
IND,208,6592,59453,16/01/2019,07:06:43,15,0,17.3,1.0,1.3,1.1,2,1,1.00,CYCLE,S
IND,208,6592,59453,16/01/2019,07:07:00,15,0,26.7,1.0,16.8,16.6,2,1,1.00,CYCLE,S
IND,208,6592,59453,16/01/2019,07:07:00,15,0,27.8,1.0,0.4,0.3,2,1,1.00,CYCLE,S
IND,208,6592,59453,16/01/2019,07:07:02,15,0,31.9,1.1,1.3,1.2,2,1,1.00,CYCLE,S
IND,208,6592,59453,16/01/2019,07:07:03,15,0,30.1,1.0,1.8,1.6,2,1,1.00,CYCLE,S
IND,208,6592,59453,16/01/2019,07:07:04,15,0,31.7,1.0,0.9,0.7,2,1,1.00,CYCLE,S
IND,208,6592,59453,16/01/2019,07:07:11,15,0,20.0,1.1,6.9,6.8,2,1,1.00,CYCLE,S
IND,208,6592,59453,16/01/2019,07:07:16,15,0,26.4,1.0,4.4,4.2,2,1,1.00,CYCLE,S
IND,208,6592,59453,16/01/2019,07:07:16,15,0,26.9,1.0,0.4,0.3,2,1,1.00,CYCLE,S
IND,208,6592,59453,16/01/2019,07:07:21,15,0,25.0,1.0,4.7,4.5,2,1,1.00,CYCLE,S
IND,208,6592,59453,16/01/2019,07:07:24,15,0,26.7,1.0,3.7,3.6,2,1,1.00,CYCLE,S
IND,208,6592,59453,16/01/2019,07:07:33,15,0,29.6,1.1,9.1,9.0,2,1,1.00,CYCLE,S
IND,208,6592,59453,16/01/2019,07:07:40,15,0,26.7,1.1,6.2,6.1,2,1,1.00,CYCLE,S
IND,208,6592,59453,16/01/2019,07:07:51,15,0,30.5,1.0,11.7,11.5,2,1,1.00,CYCLE,S
IND,208,6592,59452,16/01/2019,07:07:54,15,1,25.9,1.0,114.7,114.5,2,1,1.00,CYCLE,N
IND,208,6592,59453,16/01/2019,07:08:18,15,0,27.8,1.0,26.6,26.5,2,1,1.00,CYCLE,S
IND,208,6592,59453,16/01/2019,07:08:23,15,0,26.2,1.0,5.3,5.2,2,1,1.00,CYCLE,S
IND,208,6592,59453,16/01/2019,07:08:23,15,0,26.2,1.0,0.0,0.0,2,1,1.00,CYCLE,S
IND,208,6592,59453,16/01/2019,07:08:23,15,0,26.2,1.0,0.0,0.0,2,1,1.00,CYCLE,S
IND,208,6592,59453,16/01/2019,07:08:28,15,0,27.9,1.0,4.9,4.4,2,1,1.00,CYCLE,S
IND,208,6592,59453,16/01/2019,07:08:29,15,0,24.0,1.1,0.5,0.4,2,1,1.00,CYCLE,S
IND,208,6592,59453,16/01/2019,07:08:33,15,0,21.7,1.1,4.6,4.4,2,1,1.00,CYCLE,S
IND,208,6592,59453,16/01/2019,07:08:34,15,0,28.9,1.0,1.1,0.9,2,1,1.00,CYCLE,S
IND,208,6592,59452,16/01/2019,07:08:36,15,1,44.8,1.0,42.3,42.1,2,1,0.29,CYCLE,N
IND,208,6592,59453,16/01/2019,07:08:37,15,0,18.7,1.0,3.1,2.9,2,1,1.00,CYCLE,S
IND,208,6592,59453,16/01/2019,07:08:38,15,0,21.9,1.1,0.4,0.4,2,1,1.00,CYCLE,S
IND,208,6592,59453,16/01/2019,07:08:40,15,0,21.0,1.1,1.5,1.2,2,1,1.00,CYCLE,S
IND,208,6592,59453,16/01/2019,07:08:42,15,0,21.7,1.0,1.8,1.6,2,1,1.00,CYCLE,S
IND,208,6592,59453,16/01/2019,07:09:14,15,0,20.0,1.1,31.9,31.8,2,1,1.00,CYCLE,S
IND,208,6592,59453,16/01/2019,07:09:22,15,0,28.4,1.0,7.8,7.6,2,1,1.00,CYCLE,S
IND,208,6592,59453,16/01/2019,07:09:26,15,0,25.2,1.0,3.8,3.7,2,1,1.00,CYCLE,S
IND,208,6592,59452,16/01/2019,07:09:41,15,1,22.5,1.0,65.0,64.8,2,1,1.00,CYCLE,N
IND,208,6592,59453,16/01/2019,07:10:34,15,0,30.0,1.0,68.4,68.3,2,1,1.00,CYCLE,S
IND,208,6592,59453,16/01/2019,07:10:36,15,0,24.9,1.0,2.0,1.9,2,1,1.00,CYCLE,S
IND,208,6592,59453,16/01/2019,07:10:39,15,0,26.2,1.0,2.4,2.3,2,1,1.00,CYCLE,S
IND,208,6592,59453,16/01/2019,07:10:40,15,0,26.3,1.1,1.6,1.5,2,1,1.00,CYCLE,S
IND,208,6592,59453,16/01/2019,07:10:41,15,0,23.4,1.0,0.7,0.5,2,1,1.00,CYCLE,S
IND,208,6592,59453,16/01/2019,07:10:43,15,0,23.9,1.0,1.6,1.4,2,1,1.00,CYCLE,S
IND,208,6592,59453,16/01/2019,07:10:43,15,0,34.5,1.0,0.5,0.3,2,1,1.00,CYCLE,S
IND,208,6592,59453,16/01/2019,07:10:44,15,0,28.9,1.0,0.9,0.8,2,1,1.00,CYCLE,S
IND,208,6592,59453,16/01/2019,07:10:45,15,0,29.2,1.0,0.6,0.5,2,1,1.00,CYCLE,S
IND,208,6592,59453,16/01/2019,07:10:45,15,0,32.7,1.0,0.9,0.7,2,1,1.00,CYCLE,S
IND,208,6592,59453,16/01/2019,07:10:46,15,0,24.5,1.0,0.8,0.7,2,1,1.00,CYCLE,S
IND,208,6592,59453,16/01/2019,07:10:47,15,0,21.8,1.0,0.9,0.8,2,1,1.00,CYCLE,S
IND,208,6592,59453,16/01/2019,07:10:48,15,0,22.7,1.0,0.9,0.7,2,1,1.00,CYCLE,S
IND,208,6592,59453,16/01/2019,07:10:49,15,0,26.8,1.0,0.9,0.7,2,1,1.00,CYCLE,S
IND,208,6592,59453,16/01/2019,07:10:51,15,0,24.4,1.0,1.6,1.5,2,1,1.00,CYCLE,S
IND,208,6592,59453,16/01/2019,07:10:54,15,0,26.8,1.1,3.0,2.8,2,1,1.00,CYCLE,S
IND,208,6592,59453,16/01/2019,07:10:55,15,0,22.8,1.1,1.7,1.6,2,1,1.00,CYCLE,S
IND,208,6592,59453,16/01/2019,07:11:11,15,0,34.7,1.0,16.0,15.8,2,1,1.00,CYCLE,S
IND,208,6592,59453,16/01/2019,07:11:15,15,0,32.0,1.0,3.4,3.3,2,1,1.00,CYCLE,S
IND,208,6592,59453,16/01/2019,07:11:17,15,0,32.2,1.1,2.0,1.9,2,1,1.00,CYCLE,S
IND,208,6592,59453,16/01/2019,07:11:19,15,0,25.7,1.1,2.6,2.5,2,1,1.00,CYCLE,S
IND,208,6592,59453,16/01/2019,07:11:23,15,0,23.9,1.0,3.7,3.6,2,1,0.55,CYCLE,S
IND,208,6592,59453,16/01/2019,07:11:23,15,0,23.9,1.0,0.0,0.0,2,1,0.55,CYCLE,S
IND,208,6592,59453,16/01/2019,07:11:25,15,0,31.7,1.1,1.9,1.4,2,1,1.00,CYCLE,S
IND,208,6592,59453,16/01/2019,07:11:26,15,0,33.5,1.0,0.7,0.6,2,1,1.00,CYCLE,S
IND,208,6592,59453,16/01/2019,07:11:27,15,0,23.4,1.1,1.2,1.1,2,1,1.00,CYCLE,S
IND,208,6592,59452,16/01/2019,07:11:27,15,1,31.7,1.0,106.1,105.9,2,1,1.00,CYCLE,N
IND,208,6592,59453,16/01/2019,07:11:28,15,0,30.0,1.1,0.8,0.6,2,1,1.00,CYCLE,S
IND,208,6592,59453,16/01/2019,07:11:29,15,0,23.3,1.1,1.0,0.9,2,1,1.00,CYCLE,S
IND,208,6592,59453,16/01/2019,07:11:29,15,0,23.9,1.0,0.7,0.5,2,1,0.67,CYCLE,S
IND,208,6592,59453,16/01/2019,07:11:29,15,0,23.9,1.0,0.0,0.0,2,1,0.67,CYCLE,S
IND,208,6592,59453,16/01/2019,07:11:30,15,0,23.6,1.0,0.8,0.5,2,1,1.00,CYCLE,S
IND,208,6592,59453,16/01/2019,07:11:30,15,0,23.0,1.1,0.4,0.2,2,1,1.00,CYCLE,S
IND,208,6592,59453,16/01/2019,07:11:31,15,0,23.4,1.0,0.7,0.5,2,1,0.74,CYCLE,S
IND,208,6592,59453,16/01/2019,07:11:31,15,0,23.4,1.0,0.0,0.0,2,1,0.74,CYCLE,S
IND,208,6592,59453,16/01/2019,07:11:31,15,0,23.4,1.0,0.0,0.0,2,1,0.74,CYCLE,S
IND,208,6592,59453,16/01/2019,07:11:33,15,0,25.0,1.0,1.8,0.5,2,1,1.00,CYCLE,S
IND,208,6592,59453,16/01/2019,07:11:35,15,0,32.9,1.0,1.5,1.4,2,1,1.00,CYCLE,S
IND,208,6592,59453,16/01/2019,07:11:35,15,0,26.3,1.1,0.4,0.3,2,1,1.00,CYCLE,S
IND,208,6592,59453,16/01/2019,07:11:36,15,0,25.0,1.0,1.5,1.3,2,1,1.00,CYCLE,S
IND,208,6592,59453,16/01/2019,07:11:38,15,0,27.1,1.1,1.9,1.8,2,1,1.00,CYCLE,S
IND,208,6592,59453,16/01/2019,07:11:39,15,0,26.2,1.1,0.4,0.3,2,1,1.00,CYCLE,S
IND,208,6592,59453,16/01/2019,07:11:40,15,0,28.2,1.0,0.9,0.8,2,1,1.00,CYCLE,S
IND,208,6592,59453,16/01/2019,07:11:40,15,0,24.2,1.0,0.2,0.1,2,1,1.00,CYCLE,S
IND,208,6592,59453,16/01/2019,07:11:40,15,0,28.0,1.0,0.2,0.1,2,1,1.00,CYCLE,S
IND,208,6592,59453,16/01/2019,07:11:41,15,0,28.5,1.0,0.4,0.3,2,1,1.00,CYCLE,S
IND,208,6592,59453,16/01/2019,07:11:41,15,0,27.6,1.1,0.6,0.5,2,1,1.00,CYCLE,S
IND,208,6592,59453,16/01/2019,07:11:42,15,0,28.3,1.0,1.0,0.8,2,1,1.00,CYCLE,S
IND,208,6592,59453,16/01/2019,07:11:43,15,0,30.4,1.0,1.0,0.8,2,1,1.00,CYCLE,S
IND,208,6592,59453,16/01/2019,07:11:44,15,0,29.6,1.0,1.1,1.0,2,1,1.00,CYCLE,S
IND,208,6592,59453,16/01/2019,07:12:16,15,0,30.6,1.0,31.4,31.3,2,1,1.00,CYCLE,S
IND,208,6592,59453,16/01/2019,07:12:20,15,0,28.7,1.0,4.5,4.4,2,1,1.00,CYCLE,S
IND,208,6592,59453,16/01/2019,07:12:22,15,0,30.4,1.1,1.9,1.8,2,1,1.00,CYCLE,S
IND,208,6592,59453,16/01/2019,07:12:26,15,0,30.0,1.1,3.5,3.4,2,1,1.00,CYCLE,S
IND,208,6592,59453,16/01/2019,07:12:27,15,0,25.0,1.1,0.9,0.8,2,1,1.00,CYCLE,S
IND,208,6592,59453,16/01/2019,07:12:27,15,0,24.2,1.0,0.6,0.4,2,1,1.00,CYCLE,S
IND,208,6592,59453,16/01/2019,07:12:28,15,0,27.5,1.1,1.1,1.0,2,1,1.00,CYCLE,S
IND,208,6592,59453,16/01/2019,07:12:29,15,0,29.9,1.0,0.9,0.7,2,1,1.00,CYCLE,S
IND,208,6592,59453,16/01/2019,07:12:32,15,0,24.6,1.0,2.9,2.7,2,1,1.00,CYCLE,S
IND,208,6592,59453,16/01/2019,07:12:34,15,0,23.8,1.1,2.5,2.3,2,1,1.00,CYCLE,S
IND,208,6592,59453,16/01/2019,07:12:36,15,0,20.8,1.1,2.1,1.9,2,1,1.00,CYCLE,S
IND,208,6592,59453,16/01/2019,07:12:37,15,0,26.6,1.0,0.3,0.2,2,1,1.00,CYCLE,S
IND,208,6592,59453,16/01/2019,07:12:37,15,0,22.9,1.0,0.3,0.2,2,1,1.00,CYCLE,S
IND,208,6592,59453,16/01/2019,07:12:41,15,0,26.6,1.0,3.4,3.3,2,1,0.50,CYCLE,S
IND,208,6592,59452,16/01/2019,07:12:41,15,1,26.6,1.0,0.0,0.0,2,1,0.50,CYCLE,N
IND,208,6592,59453,16/01/2019,07:12:47,15,0,23.6,1.0,6.3,5.9,2,1,1.00,CYCLE,S
IND,208,6592,59453,16/01/2019,07:12:48,15,0,23.4,1.0,0.8,0.7,2,1,1.00,CYCLE,S
IND,208,6592,59453,16/01/2019,07:12:48,15,0,23.4,1.0,0.0,0.0,2,1,1.00,CYCLE,S
IND,208,6592,59453,16/01/2019,07:12:49,15,0,23.8,1.0,1.6,1.4,2,1,1.00,CYCLE,S
IND,208,6592,59453,16/01/2019,07:12:57,15,0,33.6,1.1,7.8,7.6,2,1,1.00,CYCLE,S
IND,208,6592,59453,16/01/2019,07:13:00,15,0,36.6,1.0,3.1,3.0,2,1,1.00,CYCLE,S
IND,208,6592,59453,16/01/2019,07:13:19,15,0,26.6,1.0,18.4,18.3,2,1,1.00,CYCLE,S
IND,208,6592,59453,16/01/2019,07:13:37,15,0,31.2,1.0,18.7,18.5,2,1,1.00,CYCLE,S
IND,208,6592,59453,16/01/2019,07:13:38,15,0,30.7,1.1,0.3,0.2,2,1,1.00,CYCLE,S
IND,208,6592,59453,16/01/2019,07:13:40,15,0,29.9,1.0,2.5,2.4,2,1,1.00,CYCLE,S
IND,208,6592,59452,16/01/2019,07:13:57,15,1,31.8,1.0,149.6,149.5,2,1,1.00,CYCLE,N
IND,208,6592,59453,16/01/2019,07:14:32,15,0,30.1,1.0,52.1,52.0,2,1,1.00,CYCLE,S
IND,208,6592,59453,16/01/2019,07:14:34,15,0,30.2,1.0,1.6,1.5,2,1,1.00,CYCLE,S
IND,208,6592,59453,16/01/2019,07:14:37,15,0,27.7,0.9,3.5,3.4,2,1,1.00,CYCLE,S
IND,208,6592,59453,16/01/2019,07:14:39,15,0,26.2,1.0,1.7,1.6,2,1,1.00,CYCLE,S
IND,208,6592,59453,16/01/2019,07:14:40,15,0,26.5,1.0,0.8,0.7,2,1,1.00,CYCLE,S
IND,208,6592,59453,16/01/2019,07:14:40,15,0,25.9,1.0,0.5,0.4,2,1,1.00,CYCLE,S
IND,208,6592,59453,16/01/2019,07:14:41,15,0,26.9,1.1,0.4,0.3,2,1,1.00,CYCLE,S
IND,208,6592,59453,16/01/2019,07:14:42,15,0,29.0,1.0,0.7,0.5,2,1,1.00,CYCLE,S
IND,208,6592,59453,16/01/2019,07:14:47,15,0,26.0,1.0,5.6,5.5,2,1,1.00,CYCLE,S
IND,208,6592,59453,16/01/2019,07:14:48,15,0,19.5,1.1,1.2,1.1,2,1,1.00,CYCLE,S
IND,208,6592,59453,16/01/2019,07:14:52,15,0,19.1,1.0,4.0,3.8,2,1,1.00,CYCLE,S
IND,208,6592,59453,16/01/2019,07:14:57,15,0,17.9,1.1,5.0,4.8,2,1,1.00,CYCLE,S
IND,208,6592,59453,16/01/2019,07:15:03,15,0,34.5,1.0,5.5,5.3,2,1,1.00,CYCLE,S
IND,208,6592,59453,16/01/2019,07:15:06,15,0,34.3,1.1,3.2,3.1,2,1,1.00,CYCLE,S
IND,208,6592,59453,16/01/2019,07:15:09,15,0,27.4,1.0,3.0,2.9,2,1,1.00,CYCLE,S
IND,208,6592,59453,16/01/2019,07:15:10,15,0,28.9,1.1,0.5,0.4,2,1,1.00,CYCLE,S
IND,208,6592,59453,16/01/2019,07:15:10,15,0,28.8,1.0,0.6,0.5,2,1,1.00,CYCLE,S
IND,208,6592,59453,16/01/2019,07:15:13,15,0,26.3,1.0,2.2,2.1,2,1,1.00,CYCLE,S
IND,208,6592,59453,16/01/2019,07:15:16,15,0,31.8,1.0,3.2,3.1,2,1,1.00,CYCLE,S
IND,208,6592,59453,16/01/2019,07:15:17,15,0,34.2,1.1,1.1,1.0,2,1,1.00,CYCLE,S
IND,208,6592,59453,16/01/2019,07:15:18,15,0,26.5,1.1,0.6,0.5,2,1,1.00,CYCLE,S
IND,208,6592,59453,16/01/2019,07:15:18,15,0,27.4,1.0,0.9,0.8,2,1,1.00,CYCLE,S
IND,208,6592,59453,16/01/2019,07:15:21,15,0,24.5,1.0,2.5,2.4,2,1,1.00,CYCLE,S
IND,208,6592,59453,16/01/2019,07:15:22,15,0,25.0,1.0,1.0,0.9,2,1,1.00,CYCLE,S
IND,208,6592,59453,16/01/2019,07:15:25,15,0,21.3,1.1,2.8,2.6,2,1,1.00,CYCLE,S
IND,208,6592,59453,16/01/2019,07:15:26,15,0,29.9,1.0,1.3,1.1,2,1,1.00,CYCLE,S
IND,208,6592,59453,16/01/2019,07:15:28,15,0,30.4,1.1,2.1,2.0,2,1,1.00,CYCLE,S
IND,208,6592,59453,16/01/2019,07:15:32,15,0,31.5,1.0,4.3,4.2,2,1,1.00,CYCLE,S
IND,208,6592,59453,16/01/2019,07:15:39,15,0,28.6,1.1,6.7,6.6,2,1,1.00,CYCLE,S
IND,208,6592,59452,16/01/2019,07:15:45,15,1,27.9,1.1,107.9,107.8,2,1,1.00,CYCLE,N
IND,208,6592,59453,16/01/2019,07:15:52,15,0,15.6,1.1,13.1,13.0,2,1,1.00,CYCLE,S
IND,208,6592,59452,16/01/2019,07:15:53,15,1,26.6,1.1,8.6,8.4,2,1,1.00,CYCLE,N
IND,208,6592,59453,16/01/2019,07:15:57,15,0,33.6,1.0,4.9,4.7,2,1,1.00,CYCLE,S
IND,208,6592,59453,16/01/2019,07:16:00,15,0,29.3,1.0,2.5,2.4,2,1,1.00,CYCLE,S
IND,208,6592,59453,16/01/2019,07:16:02,15,0,25.0,1.1,2.5,2.4,2,1,1.00,CYCLE,S
IND,208,6592,59453,16/01/2019,07:16:05,15,0,27.6,1.1,2.3,2.1,2,1,1.00,CYCLE,S
IND,208,6592,59453,16/01/2019,07:16:25,15,0,25.4,1.0,20.8,20.7,2,1,1.00,CYCLE,S
IND,208,6592,59453,16/01/2019,07:16:36,15,0,31.5,1.1,10.3,10.2,2,1,1.00,CYCLE,S
IND,208,6592,59453,16/01/2019,07:16:37,15,0,28.9,1.0,1.2,1.1,2,1,1.00,CYCLE,S
IND,208,6592,59453,16/01/2019,07:16:37,15,0,28.1,1.1,0.3,0.2,2,1,1.00,CYCLE,S
IND,208,6592,59453,16/01/2019,07:16:38,15,0,29.7,1.0,0.6,0.4,2,1,1.00,CYCLE,S
IND,208,6592,59453,16/01/2019,07:16:40,15,0,26.2,1.0,2.5,2.4,2,1,1.00,CYCLE,S
IND,208,6592,59453,16/01/2019,07:16:42,15,0,35.1,1.1,1.5,1.4,2,1,1.00,CYCLE,S
IND,208,6592,59453,16/01/2019,07:16:43,15,0,28.0,1.1,1.3,1.2,2,1,1.00,CYCLE,S
IND,208,6592,59453,16/01/2019,07:16:44,15,0,27.2,1.1,1.3,1.1,2,1,1.00,CYCLE,S
IND,208,6592,59453,16/01/2019,07:16:47,15,0,26.2,1.1,3.1,2.9,2,1,1.00,CYCLE,S
IND,208,6592,59453,16/01/2019,07:16:51,15,0,22.2,1.0,3.5,3.4,2,1,1.00,CYCLE,S
IND,208,6592,59453,16/01/2019,07:16:51,15,0,22.2,1.0,0.0,0.0,2,1,1.00,CYCLE,S
IND,208,6592,59453,16/01/2019,07:16:52,15,0,23.0,1.0,1.3,1.0,2,1,0.86,CYCLE,S
IND,208,6592,59453,16/01/2019,07:16:53,15,0,23.9,1.1,0.8,0.5,2,1,1.00,CYCLE,S
IND,208,6592,59453,16/01/2019,07:16:56,15,0,24.3,1.0,3.1,2.9,2,1,1.00,CYCLE,S
IND,208,6592,59453,16/01/2019,07:16:57,15,0,20.6,1.0,0.9,0.7,2,1,0.80,CYCLE,S
IND,208,6592,59453,16/01/2019,07:17:09,15,0,41.4,1.0,11.8,11.6,2,1,1.00,CYCLE,S
IND,208,6592,59453,16/01/2019,07:17:10,15,0,43.2,1.0,1.7,1.6,2,1,1.00,CYCLE,S
IND,208,6592,59453,16/01/2019,07:17:16,15,0,31.8,1.0,5.3,5.2,2,1,1.00,CYCLE,S
IND,208,6592,59453,16/01/2019,07:17:16,15,0,28.0,1.1,0.5,0.4,2,1,1.00,CYCLE,S
IND,208,6592,59453,16/01/2019,07:17:18,15,0,27.7,1.1,2.0,1.8,2,1,1.00,CYCLE,S
IND,208,6592,59453,16/01/2019,07:17:20,15,0,24.5,1.1,1.5,1.4,2,1,1.00,CYCLE,S
IND,208,6592,59453,16/01/2019,07:17:21,15,0,26.0,1.1,0.9,0.8,2,1,1.00,CYCLE,S
IND,208,6592,59453,16/01/2019,07:17:21,15,0,32.4,1.0,0.4,0.2,2,1,1.00,CYCLE,S
IND,208,6592,59453,16/01/2019,07:17:29,15,0,22.7,1.1,7.8,7.7,2,1,1.00,CYCLE,S
IND,208,6592,59453,16/01/2019,07:17:30,15,0,27.8,1.1,1.5,1.4,2,1,1.00,CYCLE,S
IND,208,6592,59453,16/01/2019,07:17:31,15,0,23.9,1.0,0.8,0.7,2,1,1.00,CYCLE,S
IND,208,6592,59453,16/01/2019,07:17:33,15,0,26.3,1.1,1.6,1.4,2,1,1.00,CYCLE,S
IND,208,6592,59453,16/01/2019,07:17:35,15,0,24.9,1.1,2.6,2.5,2,1,1.00,CYCLE,S
IND,208,6592,59453,16/01/2019,07:17:42,15,0,28.5,1.0,6.3,6.2,2,1,1.00,CYCLE,S
IND,208,6592,59453,16/01/2019,07:17:43,15,0,27.6,1.1,1.0,0.8,2,1,1.00,CYCLE,S
IND,208,6592,59453,16/01/2019,07:17:43,15,0,28.3,1.1,0.3,0.2,2,1,1.00,CYCLE,S
IND,208,6592,59452,16/01/2019,07:17:43,15,1,27.5,1.0,57.9,57.4,2,1,1.00,CYCLE,N
IND,208,6592,59453,16/01/2019,07:17:44,15,0,24.1,1.1,0.8,0.7,2,1,1.00,CYCLE,S
IND,208,6592,59452,16/01/2019,07:18:05,15,1,24.1,1.1,3.6,3.4,2,1,1.00,CYCLE,N
IND,208,6592,59453,16/01/2019,07:18:07,15,0,19.8,1.1,23.3,23.1,2,1,1.00,CYCLE,S
IND,208,6592,59453,16/01/2019,07:18:18,15,0,24.3,1.1,5.2,4.6,2,1,1.00,CYCLE,S
IND,208,6592,59453,16/01/2019,07:18:20,15,0,27.1,1.0,1.3,1.2,2,1,1.00,CYCLE,S
IND,208,6592,59453,16/01/2019,07:18:20,15,0,29.9,1.1,0.5,0.4,2,1,1.00,CYCLE,S
IND,208,6592,59453,16/01/2019,07:18:21,15,0,24.0,1.0,0.8,0.6,2,1,1.00,CYCLE,S
IND,208,6592,59453,16/01/2019,07:18:21,15,0,32.0,1.0,0.4,0.2,2,1,1.00,CYCLE,S
IND,208,6592,59453,16/01/2019,07:18:22,15,0,24.1,1.0,0.2,0.1,2,1,1.00,CYCLE,S
IND,208,6592,59453,16/01/2019,07:18:22,15,0,31.9,1.0,0.3,0.2,2,1,1.00,CYCLE,S
IND,208,6592,59453,16/01/2019,07:18:23,15,0,32.7,1.1,1.4,1.3,2,1,1.00,CYCLE,S
IND,208,6592,59453,16/01/2019,07:18:24,15,0,24.5,1.1,0.6,0.5,2,1,1.00,CYCLE,S
IND,208,6592,59453,16/01/2019,07:18:26,15,0,31.1,1.0,1.9,1.7,2,1,1.00,CYCLE,S
IND,208,6592,59453,16/01/2019,07:18:26,15,0,27.2,1.0,0.2,0.1,2,1,1.00,CYCLE,S
IND,208,6592,59452,16/01/2019,07:18:27,15,1,34.0,1.0,22.4,22.2,2,1,1.00,CYCLE,N
IND,208,6592,59453,16/01/2019,07:18:29,15,0,27.0,1.1,2.9,2.8,2,1,1.00,CYCLE,S
IND,208,6592,59453,16/01/2019,07:18:31,15,0,26.3,1.1,1.6,1.4,2,1,1.00,CYCLE,S
IND,208,6592,59453,16/01/2019,07:18:33,15,0,21.0,1.0,2.6,2.4,2,1,1.00,CYCLE,S
IND,208,6592,59453,16/01/2019,07:18:38,15,0,20.3,1.1,4.5,4.2,2,1,1.00,CYCLE,S
IND,208,6592,59453,16/01/2019,07:19:01,15,0,32.9,1.0,23.1,22.9,2,1,1.00,CYCLE,S
IND,208,6592,59453,16/01/2019,07:19:03,15,0,31.6,1.0,2.4,2.2,2,1,1.00,CYCLE,S
IND,208,6592,59453,16/01/2019,07:19:05,15,0,30.9,1.0,1.2,1.1,2,1,1.00,CYCLE,S
IND,208,6592,59453,16/01/2019,07:19:05,15,0,28.8,1.0,0.4,0.3,2,1,1.00,CYCLE,S
IND,208,6592,59453,16/01/2019,07:19:05,15,0,30.8,1.0,0.2,0.1,2,1,1.00,CYCLE,S
IND,208,6592,59453,16/01/2019,07:19:07,15,0,30.0,1.0,2.2,2.1,2,1,1.00,CYCLE,S
IND,208,6592,59453,16/01/2019,07:19:08,15,0,29.6,1.1,0.9,0.8,2,1,1.00,CYCLE,S
IND,208,6592,59453,16/01/2019,07:19:09,15,0,23.7,1.0,0.3,0.2,2,1,1.00,CYCLE,S
IND,208,6592,59453,16/01/2019,07:19:12,15,0,22.3,1.0,3.3,3.2,2,1,1.00,CYCLE,S
IND,208,6592,59453,16/01/2019,07:19:24,15,0,22.9,1.1,12.1,11.9,2,1,1.00,CYCLE,S
IND,208,6592,59453,16/01/2019,07:19:35,15,0,30.4,1.0,10.4,10.3,2,1,1.00,CYCLE,S
IND,208,6592,59453,16/01/2019,07:19:36,15,0,28.2,1.0,1.4,1.3,2,1,1.00,CYCLE,S
IND,208,6592,59453,16/01/2019,07:19:37,15,0,26.2,1.1,1.2,1.0,2,1,1.00,CYCLE,S
IND,208,6592,59453,16/01/2019,07:19:44,15,0,22.4,1.1,6.5,6.4,2,1,1.00,CYCLE,S
IND,208,6592,59453,16/01/2019,07:19:46,15,0,26.8,1.0,2.8,2.6,2,1,1.00,CYCLE,S
IND,208,6592,59453,16/01/2019,07:19:47,15,0,28.7,1.0,0.9,0.8,2,1,1.00,CYCLE,S
IND,208,6592,59453,16/01/2019,07:19:50,15,0,22.1,1.1,3.1,3.0,2,1,1.00,CYCLE,S
IND,208,6592,59453,16/01/2019,07:19:51,15,0,26.9,1.0,0.8,0.6,2,1,1.00,CYCLE,S
IND,208,6592,59453,16/01/2019,07:20:28,15,0,26.4,1.1,37.1,36.9,2,1,1.00,CYCLE,S
IND,208,6592,59453,16/01/2019,07:20:43,15,0,28.3,1.0,14.5,14.4,2,1,1.00,CYCLE,S
IND,208,6592,59453,16/01/2019,07:20:45,15,0,26.8,1.0,2.3,2.2,2,1,1.00,CYCLE,S
IND,208,6592,59453,16/01/2019,07:20:46,15,0,29.6,1.0,0.7,0.6,2,1,1.00,CYCLE,S
IND,208,6592,59453,16/01/2019,07:20:47,15,0,24.6,1.1,0.7,0.6,2,1,1.00,CYCLE,S
IND,208,6592,59453,16/01/2019,07:20:47,15,0,25.2,1.0,0.5,0.3,2,1,1.00,CYCLE,S
IND,208,6592,59453,16/01/2019,07:20:52,15,0,27.1,1.1,4.7,4.6,2,1,1.00,CYCLE,S
IND,208,6592,59453,16/01/2019,07:20:53,15,0,24.6,1.0,1.1,1.0,2,1,1.00,CYCLE,S
IND,208,6592,59453,16/01/2019,07:20:54,15,0,25.1,1.0,0.7,0.6,2,1,1.00,CYCLE,S
IND,208,6592,59453,16/01/2019,07:20:54,15,0,25.5,1.1,0.6,0.5,2,1,1.00,CYCLE,S
IND,208,6592,59453,16/01/2019,07:20:56,15,0,19.7,1.0,1.6,1.4,2,1,1.00,CYCLE,S
IND,208,6592,59453,16/01/2019,07:20:58,15,0,24.4,1.0,1.8,1.7,2,1,1.00,CYCLE,S
IND,208,6592,59453,16/01/2019,07:21:01,15,0,21.3,1.1,3.2,3.0,2,1,1.00,CYCLE,S
IND,208,6592,59453,16/01/2019,07:21:05,15,0,18.2,1.0,4.7,4.5,2,1,1.00,CYCLE,S
IND,208,6592,59453,16/01/2019,07:21:17,15,0,43.3,1.1,11.8,11.6,2,1,1.00,CYCLE,S
IND,208,6592,59453,16/01/2019,07:21:19,15,0,25.5,1.0,1.5,1.4,2,1,1.00,CYCLE,S
IND,208,6592,59453,16/01/2019,07:21:20,15,0,30.2,1.0,1.4,1.2,2,1,1.00,CYCLE,S
IND,208,6592,59453,16/01/2019,07:21:22,15,0,30.8,1.0,1.6,1.5,2,1,1.00,CYCLE,S
IND,208,6592,59453,16/01/2019,07:21:26,15,0,23.1,1.1,4.3,4.1,2,1,1.00,CYCLE,S
IND,208,6592,59452,16/01/2019,07:21:27,15,1,28.2,1.0,172.9,171.1,2,1,1.00,CYCLE,N
IND,208,6592,59453,16/01/2019,07:21:34,15,0,33.9,1.1,7.6,7.4,2,1,1.00,CYCLE,S
IND,208,6592,59453,16/01/2019,07:21:35,15,0,35.5,1.0,1.3,1.2,2,1,1.00,CYCLE,S
IND,208,6592,59453,16/01/2019,07:21:36,15,0,35.8,1.0,1.6,1.5,2,1,1.00,CYCLE,S
IND,208,6592,59453,16/01/2019,07:21:37,15,0,24.5,1.1,0.3,0.2,2,1,1.00,CYCLE,S
IND,208,6592,59453,16/01/2019,07:21:37,15,0,25.3,1.1,0.6,0.5,2,1,1.00,CYCLE,S
IND,208,6592,59453,16/01/2019,07:21:38,15,0,26.8,1.1,0.7,0.5,2,1,1.00,CYCLE,S
IND,208,6592,59453,16/01/2019,07:21:41,15,0,24.3,1.1,3.0,2.9,2,1,1.00,CYCLE,S
IND,208,6592,59453,16/01/2019,07:21:42,15,0,27.2,1.0,0.5,0.3,2,1,1.00,CYCLE,S
IND,208,6592,59453,16/01/2019,07:21:45,15,0,26.0,1.0,3.0,2.9,2,1,1.00,CYCLE,S
IND,208,6592,59452,16/01/2019,07:21:50,15,1,26.2,1.0,23.3,23.1,2,1,1.00,CYCLE,N
IND,208,6592,59453,16/01/2019,07:22:02,15,0,29.7,1.0,17.2,17.0,2,1,1.00,CYCLE,S
IND,208,6592,59453,16/01/2019,07:22:19,15,0,30.3,1.0,17.1,17.0,2,1,1.00,CYCLE,S
IND,208,6592,59453,16/01/2019,07:22:26,15,0,27.7,1.0,6.8,6.6,2,1,1.00,CYCLE,S
IND,208,6592,59453,16/01/2019,07:22:27,15,0,28.9,1.0,1.1,0.9,2,1,1.00,CYCLE,S
IND,208,6592,59453,16/01/2019,07:22:27,15,0,22.7,1.1,0.7,0.6,2,1,1.00,CYCLE,S
IND,208,6592,59453,16/01/2019,07:22:28,15,0,29.7,1.0,0.4,0.2,2,1,1.00,CYCLE,S
IND,208,6592,59453,16/01/2019,07:22:28,15,0,32.9,1.0,0.6,0.5,2,1,1.00,CYCLE,S
IND,208,6592,59453,16/01/2019,07:22:29,15,0,28.3,1.0,0.4,0.3,2,1,1.00,CYCLE,S
IND,208,6592,59453,16/01/2019,07:22:30,15,0,23.6,1.1,1.0,0.9,2,1,1.00,CYCLE,S
IND,208,6592,59453,16/01/2019,07:22:30,15,0,31.3,1.1,0.2,0.1,2,1,1.00,CYCLE,S
IND,208,6592,59453,16/01/2019,07:22:30,15,0,25.3,1.1,0.3,0.2,2,1,1.00,CYCLE,S
IND,208,6592,59453,16/01/2019,07:22:32,15,0,22.7,1.0,2.1,1.9,2,1,1.00,CYCLE,S
IND,208,6592,59453,16/01/2019,07:22:35,15,0,23.7,1.1,2.2,2.1,2,1,1.00,CYCLE,S
IND,208,6592,59453,16/01/2019,07:22:36,15,0,22.5,1.1,1.4,1.2,2,1,1.00,CYCLE,S
IND,208,6592,59453,16/01/2019,07:22:41,15,0,20.6,1.1,4.4,4.3,2,1,1.00,CYCLE,S
IND,208,6592,59453,16/01/2019,07:23:02,15,0,29.7,1.0,21.2,21.0,2,1,1.00,CYCLE,S
IND,208,6592,59453,16/01/2019,07:23:03,15,0,28.4,1.1,0.9,0.8,2,1,1.00,CYCLE,S
IND,208,6592,59453,16/01/2019,07:23:03,15,0,22.0,1.1,0.8,0.7,2,1,1.00,CYCLE,S
IND,208,6592,59453,16/01/2019,07:23:05,15,0,27.2,1.1,1.9,1.7,2,1,1.00,CYCLE,S
IND,208,6592,59453,16/01/2019,07:23:07,15,0,24.5,1.0,2.0,1.8,2,1,1.00,CYCLE,S
IND,208,6592,59453,16/01/2019,07:23:45,15,0,28.7,1.0,37.2,37.1,2,1,1.00,CYCLE,S
IND,208,6592,59453,16/01/2019,07:23:45,15,0,32.5,1.0,0.3,0.2,2,1,1.00,CYCLE,S
IND,208,6592,59453,16/01/2019,07:23:47,15,0,24.8,1.0,2.3,2.2,2,1,1.00,CYCLE,S
IND,208,6592,59453,16/01/2019,07:23:50,15,0,25.9,1.0,2.5,2.4,2,1,1.00,CYCLE,S
IND,208,6592,59453,16/01/2019,07:24:04,15,0,27.1,1.0,14.6,14.5,2,1,1.00,CYCLE,S
IND,208,6592,59453,16/01/2019,07:24:09,15,0,22.3,1.1,4.4,4.2,2,1,1.00,CYCLE,S
IND,208,6592,59453,16/01/2019,07:24:13,15,0,18.6,1.1,4.7,4.5,2,1,1.00,CYCLE,S
IND,208,6592,59453,16/01/2019,07:24:19,15,0,40.0,1.0,5.2,4.9,2,1,1.00,CYCLE,S
IND,208,6592,59453,16/01/2019,07:24:21,15,0,28.8,1.0,2.2,2.1,2,1,1.00,CYCLE,S
IND,208,6592,59453,16/01/2019,07:24:21,15,0,25.9,1.1,0.5,0.3,2,1,1.00,CYCLE,S
IND,208,6592,59453,16/01/2019,07:24:22,15,0,31.3,1.0,0.5,0.4,2,1,1.00,CYCLE,S
IND,208,6592,59453,16/01/2019,07:24:25,15,0,35.4,1.0,2.9,2.8,2,1,1.00,CYCLE,S
IND,208,6592,59453,16/01/2019,07:24:25,15,0,30.1,1.1,0.6,0.5,2,1,1.00,CYCLE,S
IND,208,6592,59453,16/01/2019,07:24:26,15,0,24.5,1.0,0.4,0.3,2,1,1.00,CYCLE,S
IND,208,6592,59453,16/01/2019,07:24:28,15,0,25.4,1.0,2.4,2.3,2,1,1.00,CYCLE,S
IND,208,6592,59453,16/01/2019,07:24:28,15,0,21.5,1.0,0.3,0.2,2,1,1.00,CYCLE,S
IND,208,6592,59453,16/01/2019,07:24:30,15,0,22.8,1.0,2.1,2.0,2,1,1.00,CYCLE,S
IND,208,6592,59453,16/01/2019,07:24:31,15,0,25.7,1.0,0.6,0.4,2,1,1.00,CYCLE,S
IND,208,6592,59453,16/01/2019,07:24:32,15,0,23.7,1.1,0.7,0.5,2,1,1.00,CYCLE,S
IND,208,6592,59453,16/01/2019,07:24:34,15,0,21.8,1.1,2.4,2.2,2,1,1.00,CYCLE,S
IND,208,6592,59453,16/01/2019,07:24:38,15,0,20.7,1.1,4.3,4.1,2,1,1.00,CYCLE,S
IND,208,6592,59453,16/01/2019,07:24:48,15,0,16.3,1.1,9.2,9.1,2,1,1.00,CYCLE,S
IND,208,6592,59453,16/01/2019,07:24:49,15,0,17.9,1.1,1.2,1.0,2,1,1.00,CYCLE,S
IND,208,6592,59453,16/01/2019,07:24:54,15,0,29.1,1.0,5.1,4.8,2,1,1.00,CYCLE,S
IND,208,6592,59453,16/01/2019,07:24:55,15,0,25.0,1.0,1.1,1.0,2,1,1.00,CYCLE,S
IND,208,6592,59453,16/01/2019,07:24:56,15,0,31.9,1.0,0.8,0.6,2,1,1.00,CYCLE,S
IND,208,6592,59453,16/01/2019,07:24:59,15,0,24.5,1.0,3.5,3.4,2,1,1.00,CYCLE,S
IND,208,6592,59453,16/01/2019,07:25:04,15,0,21.7,1.0,5.1,4.9,2,1,1.00,CYCLE,S
IND,208,6592,59453,16/01/2019,07:25:08,15,0,27.2,1.0,3.9,3.7,2,1,1.00,CYCLE,S
IND,208,6592,59453,16/01/2019,07:25:34,15,0,30.2,1.0,25.6,25.5,2,1,1.00,CYCLE,S
IND,208,6592,59452,16/01/2019,07:25:42,15,1,29.2,1.0,231.4,231.2,2,1,1.00,CYCLE,N
IND,208,6592,59452,16/01/2019,07:25:42,15,1,30.1,1.0,0.5,0.4,2,1,1.00,CYCLE,N
IND,208,6592,59453,16/01/2019,07:25:43,15,0,24.3,1.1,9.3,9.2,2,1,1.00,CYCLE,S
IND,208,6592,59453,16/01/2019,07:25:44,15,0,20.2,1.1,1.2,1.1,2,1,1.00,CYCLE,S
IND,208,6592,59453,16/01/2019,07:25:45,15,0,21.0,1.0,1.0,0.8,2,1,1.00,CYCLE,S
IND,208,6592,59453,16/01/2019,07:25:48,15,0,25.5,1.1,2.4,2.3,2,1,1.00,CYCLE,S
IND,208,6592,59453,16/01/2019,07:25:48,15,0,24.8,1.0,0.4,0.3,2,1,1.00,CYCLE,S
IND,208,6592,59453,16/01/2019,07:25:51,15,0,20.4,1.0,2.9,2.8,2,1,1.00,CYCLE,S
IND,208,6592,59452,16/01/2019,07:26:11,15,1,24.9,1.1,28.4,28.3,2,1,1.00,CYCLE,N
IND,208,6592,59453,16/01/2019,07:26:28,15,0,26.7,1.0,36.8,36.6,2,1,1.00,CYCLE,S
IND,208,6592,59453,16/01/2019,07:26:29,15,0,20.9,1.0,1.6,1.4,2,1,1.00,CYCLE,S
IND,208,6592,59453,16/01/2019,07:26:41,15,0,18.1,1.1,11.2,11.0,2,1,1.00,CYCLE,S
IND,208,6592,59453,16/01/2019,07:27:09,15,0,25.6,1.0,28.0,27.8,2,1,1.00,CYCLE,S
IND,208,6592,59453,16/01/2019,07:27:15,15,0,33.2,1.1,6.2,6.1,2,1,1.00,CYCLE,S
IND,208,6592,59453,16/01/2019,07:27:29,15,0,26.7,1.0,6.2,6.1,2,1,1.00,CYCLE,S
IND,208,6592,59453,16/01/2019,07:27:30,15,0,29.2,1.1,1.1,0.9,2,1,1.00,CYCLE,S
IND,208,6592,59453,16/01/2019,07:27:35,15,0,28.6,1.0,4.5,4.4,2,1,1.00,CYCLE,S
IND,208,6592,59452,16/01/2019,07:27:53,15,1,39.5,1.1,101.9,101.7,2,1,1.00,CYCLE,N
IND,208,6592,59453,16/01/2019,07:27:58,15,0,23.7,1.0,23.1,23.0,2,1,1.00,CYCLE,S
IND,208,6592,59452,16/01/2019,07:28:11,15,1,20.9,1.1,18.0,18.0,2,1,1.00,CYCLE,N
IND,208,6592,59453,16/01/2019,07:28:18,15,0,30.6,1.0,20.4,20.2,2,1,1.00,CYCLE,S
IND,208,6592,59453,16/01/2019,07:28:20,15,0,29.9,1.0,1.7,1.6,2,1,0.50,CYCLE,S
IND,208,6592,59452,16/01/2019,07:28:20,15,1,29.9,1.0,0.0,0.0,2,1,0.50,CYCLE,N
IND,208,6592,59453,16/01/2019,07:28:24,15,0,27.2,1.1,4.5,4.1,2,1,1.00,CYCLE,S
IND,208,6592,59453,16/01/2019,07:28:25,15,0,26.3,1.0,0.9,0.7,2,1,1.00,CYCLE,S
IND,208,6592,59453,16/01/2019,07:28:28,15,0,23.9,1.1,2.4,2.2,2,1,1.00,CYCLE,S
IND,208,6592,59453,16/01/2019,07:28:29,15,0,25.3,1.0,1.0,0.8,2,1,1.00,CYCLE,S
IND,208,6592,59453,16/01/2019,07:28:29,15,0,24.8,1.0,0.7,0.5,2,1,1.00,CYCLE,S
IND,208,6592,59453,16/01/2019,07:28:30,15,0,23.2,1.1,0.7,0.5,2,1,1.00,CYCLE,S
IND,208,6592,59453,16/01/2019,07:28:33,15,0,23.5,1.0,3.1,2.9,2,1,1.00,CYCLE,S
IND,208,6592,59453,16/01/2019,07:28:56,15,0,32.1,1.1,15.1,14.9,2,1,1.00,CYCLE,S
IND,208,6592,59453,16/01/2019,07:28:57,15,0,24.2,1.1,1.0,0.9,2,1,1.00,CYCLE,S
IND,208,6592,59453,16/01/2019,07:28:58,15,0,23.8,1.0,1.0,0.9,2,1,1.00,CYCLE,S
IND,208,6592,59453,16/01/2019,07:29:00,15,0,23.7,1.0,1.6,1.4,2,1,1.00,CYCLE,S
IND,208,6592,59453,16/01/2019,07:29:02,15,0,23.5,1.1,2.6,2.5,2,1,1.00,CYCLE,S
IND,208,6592,59452,16/01/2019,07:29:42,15,1,27.0,1.1,91.8,91.6,2,1,1.00,CYCLE,N
IND,208,6592,59453,16/01/2019,07:30:40,15,0,26.2,1.1,97.3,97.1,2,1,1.00,CYCLE,S
IND,208,6592,59453,16/01/2019,07:30:41,15,0,25.2,1.1,1.5,1.3,2,1,1.00,CYCLE,S
IND,208,6592,59453,16/01/2019,07:30:42,15,0,27.0,1.0,0.9,0.8,2,1,1.00,CYCLE,S
IND,208,6592,59453,16/01/2019,07:30:44,15,0,27.7,1.0,1.6,1.5,2,1,1.00,CYCLE,S
IND,208,6592,59453,16/01/2019,07:30:44,15,0,28.1,1.1,0.5,0.4,2,1,1.00,CYCLE,S
IND,208,6592,59453,16/01/2019,07:30:45,15,0,27.8,1.1,1.1,1.0,2,1,1.00,CYCLE,S
IND,208,6592,59453,16/01/2019,07:30:46,15,0,25.4,1.1,1.0,0.9,2,1,1.00,CYCLE,S
IND,208,6592,59453,16/01/2019,07:30:48,15,0,23.2,1.0,1.7,1.5,2,1,1.00,CYCLE,S
IND,208,6592,59453,16/01/2019,07:30:49,15,0,26.6,0.8,1.4,1.3,2,1,1.00,CYCLE,S
IND,208,6592,59453,16/01/2019,07:30:51,15,0,25.9,1.0,2.0,1.8,2,1,1.00,CYCLE,S
IND,208,6592,59453,16/01/2019,07:30:52,15,0,22.6,1.1,0.4,0.2,2,1,1.00,CYCLE,S
IND,208,6592,59453,16/01/2019,07:30:53,15,0,25.8,1.0,1.1,1.0,2,1,1.00,CYCLE,S
IND,208,6592,59453,16/01/2019,07:30:53,15,0,22.1,1.1,0.5,0.4,2,1,1.00,CYCLE,S
IND,208,6592,59453,16/01/2019,07:30:54,15,0,24.1,1.1,0.6,0.4,2,1,1.00,CYCLE,S
IND,208,6592,59453,16/01/2019,07:30:57,15,0,22.7,1.1,3.0,2.9,2,1,1.00,CYCLE,S
IND,208,6592,59453,16/01/2019,07:30:58,15,0,21.6,1.0,1.1,0.9,2,1,1.00,CYCLE,S
IND,208,6592,59453,16/01/2019,07:30:59,15,0,22.3,1.0,1.1,1.0,2,1,1.00,CYCLE,S
IND,208,6592,59453,16/01/2019,07:31:14,15,0,33.8,1.0,15.2,15.0,2,1,1.00,CYCLE,S
IND,208,6592,59453,16/01/2019,07:31:16,15,0,29.7,1.0,1.2,1.1,2,1,1.00,CYCLE,S
IND,208,6592,59453,16/01/2019,07:31:20,15,0,27.8,1.0,4.7,4.6,2,1,1.00,CYCLE,S
IND,208,6592,59453,16/01/2019,07:31:21,15,0,23.0,1.1,0.4,0.2,2,1,1.00,CYCLE,S
IND,208,6592,59453,16/01/2019,07:31:21,15,0,29.8,1.0,0.4,0.2,2,1,0.50,CYCLE,S
IND,208,6592,59452,16/01/2019,07:31:21,15,1,29.8,1.0,0.0,0.0,2,1,0.50,CYCLE,N
IND,208,6592,59453,16/01/2019,07:31:22,15,0,29.1,1.0,0.9,0.6,2,1,1.00,CYCLE,S
IND,208,6592,59453,16/01/2019,07:31:22,15,0,28.9,1.0,0.4,0.3,2,1,1.00,CYCLE,S
IND,208,6592,59453,16/01/2019,07:31:23,15,0,24.9,1.1,0.8,0.7,2,1,1.00,CYCLE,S
IND,208,6592,59453,16/01/2019,07:31:24,15,0,31.9,1.0,0.5,0.3,2,1,1.00,CYCLE,S
IND,208,6592,59453,16/01/2019,07:31:26,15,0,29.5,1.0,1.9,1.8,2,1,1.00,CYCLE,S
IND,208,6592,59453,16/01/2019,07:31:27,15,0,23.1,1.0,1.0,0.8,2,1,1.00,CYCLE,S
IND,208,6592,59453,16/01/2019,07:31:27,15,0,31.7,1.0,0.8,0.6,2,1,1.00,CYCLE,S
IND,208,6592,59453,16/01/2019,07:31:28,15,0,28.7,1.1,0.4,0.3,2,1,1.00,CYCLE,S
IND,208,6592,59453,16/01/2019,07:31:28,15,0,25.7,1.1,0.5,0.4,2,1,1.00,CYCLE,S
IND,208,6592,59453,16/01/2019,07:31:29,15,0,26.6,1.1,1.2,1.1,2,1,1.00,CYCLE,S
IND,208,6592,59452,16/01/2019,07:31:30,15,1,34.1,1.0,40.5,39.5,2,1,1.00,CYCLE,N
IND,208,6592,59453,16/01/2019,07:31:32,15,0,24.4,1.0,2.1,1.9,2,1,1.00,CYCLE,S
IND,208,6592,59453,16/01/2019,07:31:34,15,0,7.4,1.0,2.0,1.8,2,1,0.38,CYCLE,S
IND,208,6592,59453,16/01/2019,07:31:34,15,0,7.4,1.0,0.0,0.0,2,1,0.38,CYCLE,S
IND,208,6592,59453,16/01/2019,07:31:34,15,0,7.4,1.0,0.0,0.0,2,1,0.38,CYCLE,S
IND,208,6592,59453,16/01/2019,07:31:49,15,0,23.1,1.0,15.7,14.1,2,1,1.00,CYCLE,S
IND,208,6592,59453,16/01/2019,07:31:49,15,0,23.1,1.0,0.0,0.0,2,1,1.00,CYCLE,S
IND,208,6592,59453,16/01/2019,07:31:52,15,0,22.6,1.1,3.3,3.0,2,1,1.00,CYCLE,S
IND,208,6592,59453,16/01/2019,07:31:55,15,0,24.2,1.1,2.9,2.7,2,1,1.00,CYCLE,S
IND,208,6592,59453,16/01/2019,07:32:17,15,0,25.1,1.1,21.9,21.7,2,1,1.00,CYCLE,S
IND,208,6592,59453,16/01/2019,07:32:19,15,0,24.2,1.0,1.9,1.8,2,1,1.00,CYCLE,S
IND,208,6592,59453,16/01/2019,07:32:20,15,0,23.8,1.1,0.5,0.4,2,1,1.00,CYCLE,S
IND,208,6592,59453,16/01/2019,07:32:23,15,0,31.6,1.0,3.5,3.3,2,1,1.00,CYCLE,S
IND,208,6592,59453,16/01/2019,07:32:26,15,0,31.8,1.0,2.7,2.6,2,1,0.57,CYCLE,S
IND,208,6592,59453,16/01/2019,07:32:28,15,0,22.5,1.0,1.8,1.5,2,1,1.00,CYCLE,S
IND,208,6592,59453,16/01/2019,07:32:28,15,0,22.6,1.0,0.6,0.4,2,1,1.00,CYCLE,S
IND,208,6592,59453,16/01/2019,07:32:30,15,0,24.8,1.1,1.9,1.7,2,1,1.00,CYCLE,S
IND,208,6592,59453,16/01/2019,07:32:31,15,0,19.2,1.0,0.5,0.3,2,1,1.00,CYCLE,S
IND,208,6592,59453,16/01/2019,07:32:31,15,0,19.2,1.0,0.0,0.0,2,1,1.00,CYCLE,S
IND,208,6592,59453,16/01/2019,07:32:32,15,0,24.8,1.0,1.1,0.9,2,1,1.00,CYCLE,S
IND,208,6592,59453,16/01/2019,07:32:33,15,0,24.1,1.1,1.5,1.3,2,1,1.00,CYCLE,S
IND,208,6592,59453,16/01/2019,07:32:39,15,0,25.6,1.1,5.8,5.6,2,1,1.00,CYCLE,S
IND,208,6592,59453,16/01/2019,07:32:40,15,0,22.3,1.1,1.4,1.3,2,1,1.00,CYCLE,S
IND,208,6592,59453,16/01/2019,07:32:42,15,0,20.5,1.1,1.7,1.5,2,1,1.00,CYCLE,S
IND,208,6592,59453,16/01/2019,07:32:44,15,0,21.6,1.0,1.4,1.2,2,1,1.00,CYCLE,S
IND,208,6592,59453,16/01/2019,07:32:47,15,0,16.1,1.1,3.4,3.2,2,1,1.00,CYCLE,S
IND,208,6592,59453,16/01/2019,07:33:13,15,0,28.1,1.0,26.2,25.9,2,1,1.00,CYCLE,S
IND,208,6592,59453,16/01/2019,07:33:19,15,0,26.6,1.0,5.6,5.4,2,1,1.00,CYCLE,S
IND,208,6592,59453,16/01/2019,07:33:23,15,0,27.0,1.0,4.3,4.1,2,1,1.00,CYCLE,S
IND,208,6592,59452,16/01/2019,07:33:23,15,1,34.6,1.0,113.1,113.0,2,1,1.00,CYCLE,N
IND,208,6592,59453,16/01/2019,07:33:25,15,0,22.2,1.0,1.9,1.8,2,1,1.00,CYCLE,S
IND,208,6592,59453,16/01/2019,07:33:35,15,0,29.5,1.0,10.1,9.9,2,1,1.00,CYCLE,S
IND,208,6592,59453,16/01/2019,07:33:36,15,0,31.2,1.0,1.0,0.9,2,1,1.00,CYCLE,S
IND,208,6592,59453,16/01/2019,07:33:38,15,0,31.4,1.1,1.9,1.8,2,1,1.00,CYCLE,S
IND,208,6592,59453,16/01/2019,07:34:16,15,0,29.4,1.1,38.5,38.3,2,1,1.00,CYCLE,S
IND,208,6592,59453,16/01/2019,07:34:17,15,0,27.8,1.0,1.0,0.9,2,1,1.00,CYCLE,S
IND,208,6592,59453,16/01/2019,07:34:19,15,0,27.2,1.0,2.1,2.0,2,1,1.00,CYCLE,S
IND,208,6592,59453,16/01/2019,07:34:23,15,0,30.9,1.1,3.2,3.1,2,1,1.00,CYCLE,S
IND,208,6592,59453,16/01/2019,07:34:23,15,0,23.1,1.1,0.5,0.4,2,1,1.00,CYCLE,S
IND,208,6592,59453,16/01/2019,07:34:24,15,0,30.3,1.0,1.2,1.1,2,1,1.00,CYCLE,S
IND,208,6592,59453,16/01/2019,07:34:26,15,0,23.4,1.0,1.3,1.2,2,1,1.00,CYCLE,S
IND,208,6592,59453,16/01/2019,07:34:29,15,0,24.1,1.0,3.5,3.3,2,1,1.00,CYCLE,S
IND,208,6592,59453,16/01/2019,07:34:33,15,0,24.9,1.0,3.5,3.3,2,1,1.00,CYCLE,S
IND,208,6592,59453,16/01/2019,07:34:33,15,0,27.9,1.0,0.5,0.4,2,1,1.00,CYCLE,S
IND,208,6592,59453,16/01/2019,07:34:34,15,0,28.6,1.0,0.7,0.6,2,1,0.50,CYCLE,S
IND,208,6592,59452,16/01/2019,07:34:34,15,1,28.6,1.0,0.0,0.0,2,1,0.50,CYCLE,N
IND,208,6592,59453,16/01/2019,07:34:36,15,0,20.6,1.1,2.2,2.0,2,1,1.00,CYCLE,S
IND,208,6592,59453,16/01/2019,07:34:38,15,0,20.2,1.0,1.5,1.3,2,1,1.00,CYCLE,S
IND,208,6592,59453,16/01/2019,07:34:38,15,0,20.1,1.1,0.8,0.6,2,1,1.00,CYCLE,S
IND,208,6592,59453,16/01/2019,07:34:40,15,0,23.3,1.1,2.0,1.8,2,1,1.00,CYCLE,S
IND,208,6592,59453,16/01/2019,07:34:42,15,0,19.9,1.1,1.5,1.3,2,1,1.00,CYCLE,S
IND,208,6592,59453,16/01/2019,07:34:55,15,0,27.2,1.0,12.8,12.6,2,1,1.00,CYCLE,S
IND,208,6592,59453,16/01/2019,07:34:56,15,0,25.8,1.0,1.2,1.1,2,1,1.00,CYCLE,S
IND,208,6592,59453,16/01/2019,07:34:57,15,0,29.1,1.0,1.1,1.0,2,1,1.00,CYCLE,S
IND,208,6592,59453,16/01/2019,07:35:04,15,0,23.4,1.0,7.4,7.3,2,1,1.00,CYCLE,S
IND,208,6592,59453,16/01/2019,07:35:05,15,0,23.1,1.1,0.7,0.5,2,1,1.00,CYCLE,S
IND,208,6592,59453,16/01/2019,07:35:07,15,0,28.2,1.0,2.2,2.0,2,1,1.00,CYCLE,S
IND,208,6592,59453,16/01/2019,07:35:15,15,0,25.2,1.0,8.1,7.9,2,1,1.00,CYCLE,S
IND,208,6592,59453,16/01/2019,07:35:16,15,0,30.2,1.0,0.7,0.5,2,1,1.00,CYCLE,S
IND,208,6592,59453,16/01/2019,07:35:19,15,0,24.5,1.1,2.6,2.5,2,1,1.00,CYCLE,S
IND,208,6592,59453,16/01/2019,07:35:28,15,0,9.7,1.0,0.9,0.9,2,1,0.67,CYCLE,S
IND,208,6592,59453,16/01/2019,07:35:33,15,0,24.7,1.1,4.4,4.0,2,1,1.00,CYCLE,S
IND,208,6592,59452,16/01/2019,07:35:33,15,1,31.1,1.0,130.0,129.9,2,1,1.00,CYCLE,N
IND,208,6592,59453,16/01/2019,07:35:34,15,0,25.2,1.0,1.1,1.0,2,1,1.00,CYCLE,S
IND,208,6592,59453,16/01/2019,07:35:34,15,0,24.9,1.0,0.3,0.2,2,1,1.00,CYCLE,S
IND,208,6592,59453,16/01/2019,07:35:36,15,0,24.6,1.0,1.7,1.5,2,1,1.00,CYCLE,S
IND,208,6592,59453,16/01/2019,07:35:36,15,0,24.6,1.0,0.0,0.0,2,1,1.00,CYCLE,S
IND,208,6592,59452,16/01/2019,07:35:44,15,1,27.1,1.0,11.2,11.1,2,1,1.00,CYCLE,N
IND,208,6592,59453,16/01/2019,07:35:47,15,0,21.6,1.1,11.0,10.8,2,1,1.00,CYCLE,S
IND,208,6592,59453,16/01/2019,07:35:48,15,0,30.7,1.0,1.4,1.2,2,1,1.00,CYCLE,S
IND,208,6592,59453,16/01/2019,07:35:50,15,0,23.7,1.0,1.5,1.4,2,1,1.00,CYCLE,S
IND,208,6592,59453,16/01/2019,07:36:21,15,0,26.1,1.0,31.2,31.0,2,1,1.00,CYCLE,S
IND,208,6592,59453,16/01/2019,07:36:22,15,0,29.4,1.1,1.1,1.0,2,1,1.00,CYCLE,S
IND,208,6592,59453,16/01/2019,07:36:23,15,0,27.9,0.9,0.8,0.7,2,1,1.00,CYCLE,S
IND,208,6592,59453,16/01/2019,07:36:26,15,0,26.4,1.0,2.7,2.5,2,1,1.00,CYCLE,S
IND,208,6592,59453,16/01/2019,07:36:27,15,0,26.4,1.1,1.9,1.8,2,1,1.00,CYCLE,S
IND,208,6592,59453,16/01/2019,07:36:28,15,0,26.6,0.9,0.8,0.6,2,1,1.00,CYCLE,S
IND,208,6592,59453,16/01/2019,07:36:29,15,0,21.5,1.0,0.3,0.3,2,1,0.44,CYCLE,S
IND,208,6592,59453,16/01/2019,07:36:29,15,0,21.5,1.0,0.0,0.0,2,1,0.44,CYCLE,S
IND,208,6592,59453,16/01/2019,07:36:30,15,0,21.8,1.0,1.0,0.7,2,1,1.00,CYCLE,S
IND,208,6592,59453,16/01/2019,07:36:30,15,0,28.8,1.0,0.3,0.1,2,1,1.00,CYCLE,S
IND,208,6592,59453,16/01/2019,07:36:31,15,0,24.4,1.0,0.8,0.7,2,1,1.00,CYCLE,S
IND,208,6592,59453,16/01/2019,07:36:33,15,0,23.0,1.1,2.2,2.1,2,1,1.00,CYCLE,S
IND,208,6592,59453,16/01/2019,07:36:34,15,0,24.1,1.0,0.9,0.7,2,1,1.00,CYCLE,S
IND,208,6592,59453,16/01/2019,07:36:35,15,0,23.3,1.1,1.7,1.5,2,1,1.00,CYCLE,S
IND,208,6592,59453,16/01/2019,07:36:41,15,0,18.7,1.0,5.5,5.3,2,1,1.00,CYCLE,S
IND,208,6592,59453,16/01/2019,07:36:43,15,0,20.0,1.0,2.0,1.8,2,1,1.00,CYCLE,S
IND,208,6592,59453,16/01/2019,07:36:44,15,0,19.6,1.1,1.1,1.0,2,1,1.00,CYCLE,S
IND,208,6592,59453,16/01/2019,07:36:58,15,0,22.7,1.1,14.1,13.9,2,1,1.00,CYCLE,S
IND,208,6592,59453,16/01/2019,07:37:00,15,0,30.7,1.0,2.2,2.1,2,1,1.00,CYCLE,S
IND,208,6592,59453,16/01/2019,07:37:01,15,0,19.6,1.0,0.9,0.8,2,1,0.89,CYCLE,S
IND,208,6592,59453,16/01/2019,07:37:01,15,0,19.6,1.0,0.0,0.0,2,1,0.89,CYCLE,S
IND,208,6592,59453,16/01/2019,07:37:04,15,0,21.1,1.1,2.7,2.2,2,1,1.00,CYCLE,S
IND,208,6592,59453,16/01/2019,07:37:25,15,0,31.3,1.0,21.2,21.1,2,1,1.00,CYCLE,S
IND,208,6592,59453,16/01/2019,07:37:27,15,0,33.7,1.0,1.8,1.7,2,1,1.00,CYCLE,S
IND,208,6592,59453,16/01/2019,07:37:28,15,0,29.2,1.0,1.5,1.4,2,1,1.00,CYCLE,S
IND,208,6592,59453,16/01/2019,07:37:31,15,0,28.8,1.1,2.2,2.1,2,1,1.00,CYCLE,S
IND,208,6592,59453,16/01/2019,07:37:34,15,0,26.7,1.0,3.3,3.2,2,1,1.00,CYCLE,S
IND,208,6592,59453,16/01/2019,07:37:37,15,0,35.8,1.0,3.1,3.0,2,1,1.00,CYCLE,S
IND,208,6592,59452,16/01/2019,07:37:43,15,1,27.2,1.0,118.8,118.6,2,1,1.00,CYCLE,N
IND,208,6592,59452,16/01/2019,07:37:43,15,1,25.3,1.1,0.2,0.1,2,1,1.00,CYCLE,N
IND,208,6592,59453,16/01/2019,07:37:44,15,0,27.9,1.0,6.6,6.5,2,1,1.00,CYCLE,S
IND,208,6592,59453,16/01/2019,07:37:46,15,0,26.7,1.1,1.9,1.8,2,1,1.00,CYCLE,S
IND,208,6592,59453,16/01/2019,07:38:16,15,0,34.8,1.0,30.7,30.5,2,1,1.00,CYCLE,S
IND,208,6592,59453,16/01/2019,07:38:23,15,0,30.8,1.0,6.5,6.4,2,1,1.00,CYCLE,S
IND,208,6592,59453,16/01/2019,07:38:24,15,0,29.3,1.1,1.4,1.3,2,1,1.00,CYCLE,S
IND,208,6592,59453,16/01/2019,07:38:27,15,0,20.3,1.1,3.1,3.0,2,1,1.00,CYCLE,S
IND,208,6592,59453,16/01/2019,07:38:29,15,0,21.8,1.0,1.3,1.1,2,1,1.00,CYCLE,S
IND,208,6592,59453,16/01/2019,07:38:29,15,0,26.2,1.1,0.6,0.4,2,1,1.00,CYCLE,S
IND,208,6592,59453,16/01/2019,07:38:31,15,0,23.3,1.1,1.7,1.5,2,1,1.00,CYCLE,S
IND,208,6592,59453,16/01/2019,07:38:32,15,0,25.3,1.1,1.0,0.9,2,1,1.00,CYCLE,S
IND,208,6592,59453,16/01/2019,07:38:33,15,0,25.3,1.0,1.5,1.3,2,1,1.00,CYCLE,S
IND,208,6592,59453,16/01/2019,07:38:34,15,0,24.3,1.0,0.5,0.4,2,1,1.00,CYCLE,S
IND,208,6592,59453,16/01/2019,07:38:36,15,0,20.5,1.1,2.1,1.9,2,1,1.00,CYCLE,S
IND,208,6592,59453,16/01/2019,07:38:53,15,0,32.6,1.0,17.0,16.8,2,1,1.00,CYCLE,S
IND,208,6592,59453,16/01/2019,07:38:53,15,0,31.8,1.0,0.3,0.2,2,1,1.00,CYCLE,S
IND,208,6592,59453,16/01/2019,07:38:59,15,0,28.9,1.1,6.1,6.0,2,1,1.00,CYCLE,S
IND,208,6592,59453,16/01/2019,07:39:04,15,0,26.1,1.1,4.6,4.4,2,1,1.00,CYCLE,S
IND,208,6592,59453,16/01/2019,07:39:09,15,0,29.3,1.0,5.2,5.1,2,1,1.00,CYCLE,S
IND,208,6592,59453,16/01/2019,07:39:11,15,0,27.1,1.0,1.6,1.4,2,1,1.00,CYCLE,S
IND,208,6592,59453,16/01/2019,07:39:31,15,0,33.1,1.0,20.3,20.2,2,1,1.00,CYCLE,S
IND,208,6592,59453,16/01/2019,07:39:37,15,0,31.3,1.0,5.7,5.6,2,1,1.00,CYCLE,S
IND,208,6592,59453,16/01/2019,07:39:40,15,0,24.1,1.1,2.9,2.8,2,1,1.00,CYCLE,S
IND,208,6592,59453,16/01/2019,07:39:44,15,0,23.8,1.1,4.6,4.4,2,1,1.00,CYCLE,S
IND,208,6592,59453,16/01/2019,07:39:47,15,0,21.9,1.0,2.2,2.0,2,1,1.00,CYCLE,S
IND,208,6592,59452,16/01/2019,07:39:50,15,1,27.5,1.0,126.9,126.8,2,1,1.00,CYCLE,N
IND,208,6592,59453,16/01/2019,07:40:18,15,0,27.9,1.0,31.7,31.6,2,1,1.00,CYCLE,S
IND,208,6592,59453,16/01/2019,07:40:25,15,0,27.4,1.1,6.4,6.2,2,1,1.00,CYCLE,S
IND,208,6592,59453,16/01/2019,07:40:26,15,0,23.3,1.0,1.1,1.0,2,1,1.00,CYCLE,S
IND,208,6592,59453,16/01/2019,07:40:28,15,0,30.8,1.0,2.4,2.2,2,1,1.00,CYCLE,S
IND,208,6592,59453,16/01/2019,07:40:32,15,0,25.1,1.1,3.5,3.4,2,1,1.00,CYCLE,S
IND,208,6592,59453,16/01/2019,07:40:35,15,0,26.3,1.0,2.9,2.8,2,1,0.57,CYCLE,S
IND,208,6592,59453,16/01/2019,07:40:36,15,0,19.1,1.0,1.3,1.0,2,1,0.57,CYCLE,S
IND,208,6592,59453,16/01/2019,07:40:38,15,0,18.8,1.1,2.0,1.6,2,1,1.00,CYCLE,S
IND,208,6592,59453,16/01/2019,07:40:38,15,0,23.9,1.1,0.5,0.3,2,1,1.00,CYCLE,S
IND,208,6592,59453,16/01/2019,07:40:40,15,0,21.4,1.0,2.0,1.8,2,1,1.00,CYCLE,S
IND,208,6592,59453,16/01/2019,07:40:41,15,0,20.8,1.0,0.9,0.8,2,1,1.00,CYCLE,S
IND,208,6592,59453,16/01/2019,07:40:43,15,0,20.8,1.1,1.8,1.6,2,1,1.00,CYCLE,S
IND,208,6592,59453,16/01/2019,07:40:46,15,0,21.1,1.0,3.3,3.1,2,1,1.00,CYCLE,S
IND,208,6592,59453,16/01/2019,07:41:10,15,0,27.0,1.0,23.5,23.3,2,1,1.00,CYCLE,S
IND,208,6592,59453,16/01/2019,07:41:13,15,0,25.2,1.1,2.7,2.5,2,1,1.00,CYCLE,S
IND,208,6592,59453,16/01/2019,07:41:23,15,0,28.7,1.1,10.4,10.2,2,1,1.00,CYCLE,S
IND,208,6592,59453,16/01/2019,07:41:24,15,0,24.1,1.1,0.6,0.5,2,1,1.00,CYCLE,S
IND,208,6592,59453,16/01/2019,07:41:25,15,0,22.6,1.1,1.5,1.4,2,1,1.00,CYCLE,S
IND,208,6592,59453,16/01/2019,07:41:32,15,0,34.1,1.0,7.0,6.9,2,1,1.00,CYCLE,S
IND,208,6592,59453,16/01/2019,07:41:35,15,0,24.4,0.9,2.7,2.6,2,1,1.00,CYCLE,S
IND,208,6592,59452,16/01/2019,07:41:41,15,1,34.6,1.0,110.3,110.2,2,1,1.00,CYCLE,N
IND,208,6592,59452,16/01/2019,07:41:45,15,1,29.8,1.0,4.5,4.4,2,1,1.00,CYCLE,N
IND,208,6592,59453,16/01/2019,07:41:49,15,0,29.2,1.0,14.6,14.5,2,1,1.00,CYCLE,S
IND,208,6592,59452,16/01/2019,07:41:53,15,1,25.0,1.0,8.1,8.0,2,1,1.00,CYCLE,N
IND,208,6592,59452,16/01/2019,07:41:54,15,1,26.5,1.0,0.3,0.2,2,1,1.00,CYCLE,N
IND,208,6592,59452,16/01/2019,07:42:10,15,1,24.6,1.0,16.8,16.7,2,1,1.00,CYCLE,N
IND,208,6592,59453,16/01/2019,07:42:22,15,0,27.6,1.0,32.4,32.2,2,1,1.00,CYCLE,S
IND,208,6592,59453,16/01/2019,07:42:23,15,0,25.7,1.0,1.5,1.3,2,1,1.00,CYCLE,S
IND,208,6592,59453,16/01/2019,07:42:25,15,0,24.0,1.1,1.4,1.2,2,1,1.00,CYCLE,S
IND,208,6592,59453,16/01/2019,07:42:25,15,0,27.1,1.1,0.7,0.5,2,1,1.00,CYCLE,S
IND,208,6592,59453,16/01/2019,07:42:26,15,0,28.8,1.0,0.7,0.6,2,1,1.00,CYCLE,S
IND,208,6592,59453,16/01/2019,07:42:30,15,0,22.6,1.1,3.7,3.6,2,1,1.00,CYCLE,S
IND,208,6592,59453,16/01/2019,07:42:30,15,0,24.0,1.0,0.2,0.1,2,1,1.00,CYCLE,S
IND,208,6592,59453,16/01/2019,07:42:35,15,0,21.7,1.1,4.8,4.7,2,1,1.00,CYCLE,S
IND,208,6592,59453,16/01/2019,07:42:36,15,0,21.3,1.1,1.4,1.3,2,1,1.00,CYCLE,S
IND,208,6592,59453,16/01/2019,07:42:38,15,0,21.6,1.0,2.3,2.1,2,1,1.00,CYCLE,S
IND,208,6592,59453,16/01/2019,07:42:57,15,0,27.3,1.1,18.5,18.3,2,1,1.00,CYCLE,S
IND,208,6592,59453,16/01/2019,07:42:59,15,0,28.4,1.0,1.7,1.5,2,1,1.00,CYCLE,S
IND,208,6592,59453,16/01/2019,07:43:09,15,0,23.3,1.0,10.4,10.3,2,1,1.00,CYCLE,S
IND,208,6592,59453,16/01/2019,07:43:23,15,0,25.4,1.0,14.0,13.9,2,1,1.00,CYCLE,S
IND,208,6592,59452,16/01/2019,07:43:56,15,1,24.8,1.0,54.6,54.2,2,1,1.00,CYCLE,N
IND,208,6592,59452,16/01/2019,07:44:02,15,1,23.3,1.1,6.3,6.1,2,1,1.00,CYCLE,N
IND,208,6592,59453,16/01/2019,07:44:36,15,0,28.8,1.0,73.1,72.9,2,1,1.00,CYCLE,S
IND,208,6592,59453,16/01/2019,07:44:38,15,0,23.0,1.0,1.6,1.4,2,1,1.00,CYCLE,S
IND,208,6592,59453,16/01/2019,07:44:38,15,0,21.9,1.0,0.5,0.3,2,1,1.00,CYCLE,S
IND,208,6592,59453,16/01/2019,07:44:39,15,0,26.7,1.0,0.5,0.3,2,1,1.00,CYCLE,S
IND,208,6592,59453,16/01/2019,07:44:42,15,0,28.1,1.0,3.1,3.0,2,1,1.00,CYCLE,S
IND,208,6592,59453,16/01/2019,07:44:42,15,0,27.0,1.1,0.6,0.5,2,1,1.00,CYCLE,S
IND,208,6592,59453,16/01/2019,07:44:43,15,0,22.9,1.1,0.9,0.7,2,1,1.00,CYCLE,S
IND,208,6592,59453,16/01/2019,07:44:44,15,0,27.6,1.1,1.1,0.9,2,1,1.00,CYCLE,S
IND,208,6592,59453,16/01/2019,07:44:45,15,0,27.0,1.1,0.8,0.6,2,1,1.00,CYCLE,S
IND,208,6592,59453,16/01/2019,07:44:46,15,0,24.2,1.1,0.7,0.6,2,1,1.00,CYCLE,S
IND,208,6592,59453,16/01/2019,07:45:01,15,0,39.7,1.0,15.3,15.2,2,1,1.00,CYCLE,S
IND,208,6592,59453,16/01/2019,07:45:09,15,0,33.2,1.0,7.8,7.7,2,1,1.00,CYCLE,S
IND,208,6592,59453,16/01/2019,07:45:10,15,0,40.2,1.0,0.9,0.8,2,1,1.00,CYCLE,S
IND,208,6592,59453,16/01/2019,07:45:10,15,0,34.1,1.0,0.6,0.5,2,1,1.00,CYCLE,S
IND,208,6592,59453,16/01/2019,07:45:13,15,0,29.8,1.1,1.0,1.0,2,1,1.00,CYCLE,S
IND,208,6592,59453,16/01/2019,07:45:14,15,0,25.4,1.1,0.7,0.5,2,1,1.00,CYCLE,S
IND,208,6592,59453,16/01/2019,07:45:15,15,0,28.9,1.0,1.4,1.3,2,1,1.00,CYCLE,S
IND,208,6592,59453,16/01/2019,07:45:17,15,0,29.1,1.0,1.7,1.6,2,1,1.00,CYCLE,S
IND,208,6592,59453,16/01/2019,07:45:22,15,0,21.7,1.0,5.5,5.3,2,1,1.00,CYCLE,S
IND,208,6592,59453,16/01/2019,07:45:25,15,0,27.0,1.0,2.8,2.6,2,1,1.00,CYCLE,S
IND,208,6592,59453,16/01/2019,07:45:38,15,0,33.9,1.0,13.4,13.3,2,1,1.00,CYCLE,S
IND,208,6592,59453,16/01/2019,07:45:43,15,0,28.7,1.1,4.4,4.3,2,1,1.00,CYCLE,S
IND,208,6592,59453,16/01/2019,07:45:45,15,0,28.4,1.0,2.1,1.9,2,1,1.00,CYCLE,S
IND,208,6592,59453,16/01/2019,07:45:57,15,0,19.1,1.1,11.8,11.7,2,1,1.00,CYCLE,S
IND,208,6592,59452,16/01/2019,07:45:57,15,1,24.6,1.1,14.1,13.8,2,1,1.00,CYCLE,N
IND,208,6592,59453,16/01/2019,07:46:15,15,0,21.2,1.1,18.3,18.1,2,1,1.00,CYCLE,S
IND,208,6592,59453,16/01/2019,07:46:19,15,0,25.8,1.0,4.1,3.9,2,1,1.00,CYCLE,S
IND,208,6592,59453,16/01/2019,07:46:21,15,0,19.0,1.1,2.4,2.2,2,1,1.00,CYCLE,S
IND,208,6592,59453,16/01/2019,07:46:24,15,0,23.9,1.1,2.5,2.3,2,1,1.00,CYCLE,S
IND,208,6592,59453,16/01/2019,07:46:25,15,0,21.6,1.1,1.0,0.9,2,1,1.00,CYCLE,S
IND,208,6592,59453,16/01/2019,07:46:28,15,0,25.3,1.0,3.0,2.9,2,1,1.00,CYCLE,S
IND,208,6592,59453,16/01/2019,07:46:28,15,0,24.6,1.0,0.3,0.2,2,1,1.00,CYCLE,S
IND,208,6592,59453,16/01/2019,07:46:31,15,0,27.9,1.0,2.5,2.4,2,1,1.00,CYCLE,S
IND,208,6592,59453,16/01/2019,07:46:31,15,0,22.5,1.0,0.7,0.6,2,1,1.00,CYCLE,S
IND,208,6592,59453,16/01/2019,07:46:32,15,0,28.0,1.0,0.8,0.6,2,1,1.00,CYCLE,S
IND,208,6592,59453,16/01/2019,07:46:35,15,0,24.5,1.1,2.3,2.1,2,1,1.00,CYCLE,S
IND,208,6592,59453,16/01/2019,07:46:36,15,0,24.3,1.0,1.2,1.0,2,1,1.00,CYCLE,S
IND,208,6592,59453,16/01/2019,07:46:40,15,0,18.5,1.0,4.1,4.0,2,1,1.00,CYCLE,S
IND,208,6592,59453,16/01/2019,07:46:49,15,0,16.7,1.1,9.5,9.3,2,1,1.00,CYCLE,S
IND,208,6592,59453,16/01/2019,07:47:05,15,0,29.0,1.1,15.2,14.9,2,1,1.00,CYCLE,S
IND,208,6592,59452,16/01/2019,07:47:30,15,1,30.6,1.1,92.8,92.6,2,1,1.00,CYCLE,N
IND,208,6592,59452,16/01/2019,07:47:31,15,1,30.1,1.0,1.0,0.9,2,1,1.00,CYCLE,N
IND,208,6592,59452,16/01/2019,07:47:33,15,1,21.9,1.1,2.0,1.9,2,1,1.00,CYCLE,N
IND,208,6592,59452,16/01/2019,07:47:34,15,1,20.0,1.0,1.5,1.3,2,1,1.00,CYCLE,N
IND,208,6592,59452,16/01/2019,07:47:36,15,1,29.2,1.1,1.9,1.7,2,1,1.00,CYCLE,N
IND,208,6592,59453,16/01/2019,07:47:48,15,0,24.9,1.0,43.2,43.0,2,1,1.00,CYCLE,S
IND,208,6592,59453,16/01/2019,07:47:51,15,0,26.0,1.1,3.0,2.8,2,1,1.00,CYCLE,S
IND,208,6592,59453,16/01/2019,07:47:52,15,0,21.8,1.1,0.9,0.8,2,1,1.00,CYCLE,S
IND,208,6592,59453,16/01/2019,07:47:57,15,0,19.6,1.0,5.3,5.1,2,1,1.00,CYCLE,S
IND,208,6592,59453,16/01/2019,07:47:58,15,0,18.9,1.0,1.5,1.3,2,1,1.00,CYCLE,S
IND,208,6592,59453,16/01/2019,07:47:59,15,0,26.8,1.1,0.5,0.3,2,1,1.00,CYCLE,S
IND,208,6592,59453,16/01/2019,07:48:20,15,0,26.8,1.0,21.5,21.4,2,1,1.00,CYCLE,S
IND,208,6592,59453,16/01/2019,07:48:22,15,0,28.0,1.0,1.5,1.4,2,1,1.00,CYCLE,S
IND,208,6592,59453,16/01/2019,07:48:24,15,0,24.0,1.0,2.6,2.5,2,1,1.00,CYCLE,S
IND,208,6592,59453,16/01/2019,07:48:26,15,0,30.3,1.0,1.1,1.0,2,1,1.00,CYCLE,S
IND,208,6592,59453,16/01/2019,07:48:26,15,0,24.9,1.1,0.7,0.5,2,1,1.00,CYCLE,S
IND,208,6592,59453,16/01/2019,07:48:29,15,0,23.8,1.1,2.8,2.6,2,1,1.00,CYCLE,S
IND,208,6592,59453,16/01/2019,07:48:32,15,0,22.9,1.1,2.5,2.3,2,1,1.00,CYCLE,S
IND,208,6592,59453,16/01/2019,07:48:34,15,0,26.0,1.1,2.5,2.4,2,1,1.00,CYCLE,S
IND,208,6592,59453,16/01/2019,07:48:35,15,0,17.8,1.0,1.1,0.9,2,1,1.00,CYCLE,S
IND,208,6592,59453,16/01/2019,07:48:36,15,0,22.2,1.1,1.3,1.0,2,1,1.00,CYCLE,S
IND,208,6592,59453,16/01/2019,07:48:39,15,0,21.2,1.1,2.4,2.2,2,1,1.00,CYCLE,S
IND,208,6592,59453,16/01/2019,07:48:46,15,0,14.9,1.0,6.8,6.6,2,1,1.00,CYCLE,S
IND,208,6592,59453,16/01/2019,07:48:58,15,0,28.9,1.0,12.0,11.8,2,1,1.00,CYCLE,S
IND,208,6592,59453,16/01/2019,07:49:05,15,0,20.6,1.1,7.0,6.8,2,1,1.00,CYCLE,S
IND,208,6592,59453,16/01/2019,07:49:09,15,0,19.3,1.0,4.5,4.4,2,1,0.50,CYCLE,S
IND,208,6592,59452,16/01/2019,07:49:09,15,1,19.3,1.0,0.0,0.0,2,1,0.50,CYCLE,N
IND,208,6592,59453,16/01/2019,07:49:12,15,0,24.4,1.1,2.9,2.5,2,1,1.00,CYCLE,S
IND,208,6592,59453,16/01/2019,07:49:20,15,0,24.9,1.0,8.0,7.9,2,1,1.00,CYCLE,S
IND,208,6592,59453,16/01/2019,07:49:21,15,0,29.6,1.1,1.4,1.3,2,1,1.00,CYCLE,S
IND,208,6592,59453,16/01/2019,07:49:46,15,0,28.6,1.0,24.2,24.1,2,1,1.00,CYCLE,S
IND,208,6592,59453,16/01/2019,07:49:46,15,0,27.4,1.1,0.4,0.2,2,1,1.00,CYCLE,S
IND,208,6592,59452,16/01/2019,07:49:47,15,1,25.8,1.1,130.3,130.1,2,1,1.00,CYCLE,N
IND,208,6592,59452,16/01/2019,07:50:10,15,1,23.1,1.0,23.9,23.8,2,1,1.00,CYCLE,N
IND,208,6592,59452,16/01/2019,07:50:10,15,1,23.1,1.0,0.0,0.0,2,1,1.00,CYCLE,N
IND,208,6592,59453,16/01/2019,07:50:16,15,0,30.6,1.0,30.5,30.3,2,1,1.00,CYCLE,S
IND,208,6592,59453,16/01/2019,07:50:21,15,0,26.2,1.0,4.5,4.4,2,1,1.00,CYCLE,S
IND,208,6592,59453,16/01/2019,07:50:23,15,0,23.8,1.0,2.0,1.9,2,1,1.00,CYCLE,S
IND,208,6592,59453,16/01/2019,07:50:23,15,0,23.8,1.0,0.4,0.3,2,1,1.00,CYCLE,S
IND,208,6592,59453,16/01/2019,07:50:25,15,0,25.5,1.0,1.8,1.6,2,1,1.00,CYCLE,S
IND,208,6592,59453,16/01/2019,07:50:26,15,0,25.7,1.1,0.5,0.3,2,1,1.00,CYCLE,S
IND,208,6592,59453,16/01/2019,07:50:28,15,0,25.0,1.0,2.3,2.1,2,1,1.00,CYCLE,S
IND,208,6592,59453,16/01/2019,07:50:29,15,0,25.2,1.0,1.0,0.9,2,1,1.00,CYCLE,S
IND,208,6592,59453,16/01/2019,07:50:32,15,0,23.0,1.1,3.0,2.8,2,1,1.00,CYCLE,S
IND,208,6592,59453,16/01/2019,07:50:36,15,0,21.3,1.0,4.2,4.0,2,1,1.00,CYCLE,S
IND,208,6592,59453,16/01/2019,07:50:40,15,0,20.4,1.1,3.6,3.5,2,1,1.00,CYCLE,S
IND,208,6592,59453,16/01/2019,07:51:04,15,0,29.1,1.0,24.7,24.5,2,1,1.00,CYCLE,S
IND,208,6592,59453,16/01/2019,07:51:08,15,0,28.4,1.1,3.5,3.4,2,1,1.00,CYCLE,S
IND,208,6592,59453,16/01/2019,07:51:27,15,0,25.6,1.1,19.4,19.3,2,1,1.00,CYCLE,S
IND,208,6592,59452,16/01/2019,07:51:50,15,1,27.9,1.1,99.4,99.2,2,1,1.00,CYCLE,N
IND,208,6592,59453,16/01/2019,07:52:21,15,0,27.8,1.1,54.0,53.9,2,1,1.00,CYCLE,S
IND,208,6592,59453,16/01/2019,07:52:22,15,0,27.9,1.0,0.5,0.4,2,1,1.00,CYCLE,S
IND,208,6592,59453,16/01/2019,07:52:23,15,0,24.5,1.0,1.1,0.9,2,1,1.00,CYCLE,S
IND,208,6592,59453,16/01/2019,07:52:28,15,0,24.4,1.1,4.7,4.6,2,1,1.00,CYCLE,S
IND,208,6592,59453,16/01/2019,07:52:30,15,0,22.8,1.1,2.5,2.4,2,1,1.00,CYCLE,S
IND,208,6592,59453,16/01/2019,07:52:31,15,0,22.1,1.0,1.0,0.9,2,1,1.00,CYCLE,S
IND,208,6592,59453,16/01/2019,07:52:32,15,0,23.2,1.1,0.5,0.3,2,1,1.00,CYCLE,S
IND,208,6592,59453,16/01/2019,07:52:54,15,0,28.7,1.0,22.6,22.4,2,1,1.00,CYCLE,S
IND,208,6592,59453,16/01/2019,07:53:01,15,0,21.6,1.1,6.6,6.5,2,1,1.00,CYCLE,S
IND,208,6592,59453,16/01/2019,07:53:05,15,0,35.6,1.0,3.6,3.4,2,1,1.00,CYCLE,S
IND,208,6592,59453,16/01/2019,07:53:07,15,0,20.7,1.0,2.2,2.1,2,1,1.00,CYCLE,S
IND,208,6592,59453,16/01/2019,07:53:28,15,0,31.3,1.0,21.5,21.3,2,1,1.00,CYCLE,S
IND,208,6592,59453,16/01/2019,07:53:33,15,0,20.2,1.1,5.0,4.9,2,1,1.00,CYCLE,S
IND,208,6592,59453,16/01/2019,07:53:35,15,0,23.2,1.1,1.8,1.6,2,1,1.00,CYCLE,S
IND,208,6592,59452,16/01/2019,07:53:45,15,1,27.4,1.0,115.4,115.3,2,1,1.00,CYCLE,N
IND,208,6592,59452,16/01/2019,07:53:47,15,1,30.1,1.1,1.8,1.7,2,1,1.00,CYCLE,N
IND,208,6592,59453,16/01/2019,07:53:49,15,0,31.2,1.0,13.6,13.5,2,1,1.00,CYCLE,S
IND,208,6592,59453,16/01/2019,07:53:49,15,0,31.2,1.0,0.0,0.0,2,1,1.00,CYCLE,S
IND,208,6592,59453,16/01/2019,07:53:53,15,0,19.1,1.0,4.1,3.9,2,1,1.00,CYCLE,S
IND,208,6592,59452,16/01/2019,07:54:08,15,1,25.6,1.1,20.8,20.6,2,1,1.00,CYCLE,N
IND,208,6592,59453,16/01/2019,07:54:39,15,0,31.2,1.0,45.9,45.7,2,1,1.00,CYCLE,S
IND,208,6592,59453,16/01/2019,07:54:40,15,0,30.1,1.0,0.8,0.7,2,1,1.00,CYCLE,S
IND,208,6592,59453,16/01/2019,07:54:51,15,0,21.2,1.1,11.4,11.3,2,1,1.00,CYCLE,S
IND,208,6592,59453,16/01/2019,07:54:54,15,0,20.2,1.1,2.8,2.6,2,1,1.00,CYCLE,S
IND,208,6592,59453,16/01/2019,07:54:55,15,0,20.1,1.0,1.3,1.1,2,1,1.00,CYCLE,S
IND,208,6592,59453,16/01/2019,07:54:56,15,0,20.3,1.1,1.0,0.8,2,1,1.00,CYCLE,S
IND,208,6592,59453,16/01/2019,07:55:00,15,0,21.5,1.0,3.7,3.5,2,1,1.00,CYCLE,S
IND,208,6592,59453,16/01/2019,07:55:10,15,0,29.7,1.0,10.3,10.1,2,1,1.00,CYCLE,S
IND,208,6592,59453,16/01/2019,07:55:13,15,0,27.9,1.0,2.6,2.5,2,1,1.00,CYCLE,S
IND,208,6592,59453,16/01/2019,07:55:20,15,0,24.2,1.0,7.1,7.0,2,1,1.00,CYCLE,S
IND,208,6592,59453,16/01/2019,07:55:24,15,0,21.0,1.0,3.9,3.7,2,1,1.00,CYCLE,S
IND,208,6592,59453,16/01/2019,07:55:38,15,0,22.6,1.1,14.0,13.9,2,1,1.00,CYCLE,S
IND,208,6592,59453,16/01/2019,07:55:42,15,0,27.9,1.1,4.5,4.3,2,1,1.00,CYCLE,S
IND,208,6592,59453,16/01/2019,07:56:52,15,0,22.9,1.0,70.0,69.8,2,1,1.00,CYCLE,S
IND,208,6592,59453,16/01/2019,07:56:52,15,0,26.5,1.0,0.2,0.1,2,1,1.00,CYCLE,S
IND,208,6592,59453,16/01/2019,07:56:57,15,0,22.8,1.0,4.5,4.4,2,1,1.00,CYCLE,S
IND,208,6592,59453,16/01/2019,07:57:01,15,0,24.6,1.0,3.7,3.5,2,1,1.00,CYCLE,S
IND,208,6592,59453,16/01/2019,07:57:01,15,0,21.2,1.0,0.2,0.1,2,1,1.00,CYCLE,S
IND,208,6592,59453,16/01/2019,07:57:02,15,0,23.6,1.0,1.6,1.5,2,1,1.00,CYCLE,S
IND,208,6592,59453,16/01/2019,07:57:21,15,0,27.7,1.1,18.3,18.2,2,1,1.00,CYCLE,S
IND,208,6592,59452,16/01/2019,07:57:31,15,1,33.3,1.0,202.9,202.7,2,1,1.00,CYCLE,N
IND,208,6592,59453,16/01/2019,07:57:38,15,0,18.1,1.1,16.9,16.8,2,1,1.00,CYCLE,S
IND,208,6592,59453,16/01/2019,07:57:38,15,0,19.3,1.0,0.6,0.4,2,1,1.00,CYCLE,S
IND,208,6592,59453,16/01/2019,07:57:44,15,0,32.5,1.0,6.0,5.9,2,1,1.00,CYCLE,S
IND,208,6592,59453,16/01/2019,07:57:45,15,0,26.6,1.1,0.8,0.7,2,1,1.00,CYCLE,S
IND,208,6592,59453,16/01/2019,07:57:48,15,0,27.3,1.1,2.6,2.5,2,1,1.00,CYCLE,S
IND,208,6592,59453,16/01/2019,07:58:01,15,0,25.5,1.1,13.1,13.0,2,1,1.00,CYCLE,S
IND,208,6592,59452,16/01/2019,07:58:08,15,1,20.5,1.1,36.9,36.9,2,1,1.00,CYCLE,N
IND,208,6592,59453,16/01/2019,07:58:52,15,0,27.6,1.0,51.1,50.9,2,1,1.00,CYCLE,S
IND,208,6592,59453,16/01/2019,07:58:53,15,0,23.5,1.0,1.1,1.0,2,1,1.00,CYCLE,S
IND,208,6592,59453,16/01/2019,07:58:55,15,0,26.0,1.0,1.7,1.6,2,1,1.00,CYCLE,S
IND,208,6592,59453,16/01/2019,07:58:56,15,0,25.1,1.1,0.8,0.7,2,1,1.00,CYCLE,S
IND,208,6592,59453,16/01/2019,07:59:01,15,0,22.3,1.1,5.8,5.6,2,1,1.00,CYCLE,S
IND,208,6592,59453,16/01/2019,07:59:02,15,0,22.7,1.0,1.0,0.8,2,1,1.00,CYCLE,S
IND,208,6592,59453,16/01/2019,07:59:22,15,0,28.4,1.0,19.3,19.1,2,1,1.00,CYCLE,S
IND,208,6592,59453,16/01/2019,07:59:22,15,0,28.4,1.1,0.3,0.2,2,1,1.00,CYCLE,S
IND,208,6592,59453,16/01/2019,07:59:24,15,0,28.7,1.0,2.1,2.0,2,1,1.00,CYCLE,S
IND,208,6592,59453,16/01/2019,07:59:28,15,0,24.9,1.0,4.2,4.1,2,1,0.86,CYCLE,S
IND,208,6592,59453,16/01/2019,07:59:32,15,0,25.4,1.1,3.4,3.1,2,1,1.00,CYCLE,S
IND,208,6592,59453,16/01/2019,07:59:34,15,0,25.4,1.1,1.9,1.7,2,1,1.00,CYCLE,S
IND,208,6592,59453,16/01/2019,07:59:34,15,0,27.0,1.0,0.6,0.5,2,1,1.00,CYCLE,S
IND,208,6592,59452,16/01/2019,07:59:42,15,1,27.5,1.1,94.6,94.3,2,1,1.00,CYCLE,N
IND,208,6592,59453,16/01/2019,08:00:12,15,0,22.4,1.1,37.6,37.4,2,1,1.00,CYCLE,S
IND,208,6592,59453,16/01/2019,08:00:50,15,0,26.2,1.1,38.7,38.5,2,1,1.00,CYCLE,S
IND,208,6592,59453,16/01/2019,08:01:02,15,0,18.9,1.1,11.3,11.1,2,1,1.00,CYCLE,S
IND,208,6592,59453,16/01/2019,08:01:03,15,0,18.9,1.1,1.0,0.8,2,1,1.00,CYCLE,S
IND,208,6592,59452,16/01/2019,08:01:44,15,1,26.5,1.0,121.8,121.7,2,1,1.00,CYCLE,N
IND,208,6592,59453,16/01/2019,08:01:45,15,0,20.2,1.1,42.4,42.2,2,1,1.00,CYCLE,S
IND,208,6592,59453,16/01/2019,08:01:46,15,0,31.6,1.0,1.3,1.1,2,1,1.00,CYCLE,S
IND,208,6592,59453,16/01/2019,08:01:47,15,0,30.8,1.1,0.4,0.3,2,1,1.00,CYCLE,S
IND,208,6592,59452,16/01/2019,08:01:49,15,1,32.6,1.1,4.5,4.4,2,1,1.00,CYCLE,N
IND,208,6592,59453,16/01/2019,08:02:35,15,0,33.5,1.0,47.8,47.6,2,1,1.00,CYCLE,S
IND,208,6592,59453,16/01/2019,08:02:40,15,0,32.7,1.0,5.0,4.9,2,1,1.00,CYCLE,S
IND,208,6592,59453,16/01/2019,08:02:43,15,0,24.6,1.0,3.3,3.2,2,1,1.00,CYCLE,S
IND,208,6592,59453,16/01/2019,08:02:44,15,0,27.4,1.1,0.9,0.7,2,1,1.00,CYCLE,S
IND,208,6592,59453,16/01/2019,08:02:45,15,0,23.7,1.0,0.8,0.7,2,1,1.00,CYCLE,S
IND,208,6592,59453,16/01/2019,08:02:47,15,0,27.0,1.1,2.0,1.8,2,1,1.00,CYCLE,S
IND,208,6592,59453,16/01/2019,08:02:54,15,0,21.4,1.0,6.9,6.8,2,1,1.00,CYCLE,S
IND,208,6592,59453,16/01/2019,08:02:56,15,0,19.6,1.0,2.4,2.2,2,1,1.00,CYCLE,S
IND,208,6592,59453,16/01/2019,08:03:17,15,0,28.8,1.1,20.7,20.5,2,1,1.00,CYCLE,S
IND,208,6592,59453,16/01/2019,08:03:24,15,0,25.2,1.0,7.0,6.9,2,1,1.00,CYCLE,S
IND,208,6592,59453,16/01/2019,08:03:24,15,0,25.4,1.1,0.8,0.7,2,1,1.00,CYCLE,S
IND,208,6592,59453,16/01/2019,08:03:37,15,0,22.5,1.0,12.9,12.8,2,1,1.00,CYCLE,S
IND,208,6592,59453,16/01/2019,08:03:40,15,0,23.5,1.0,2.5,2.3,2,1,1.00,CYCLE,S
IND,208,6592,59453,16/01/2019,08:03:47,15,0,25.9,1.0,6.8,6.6,2,1,1.00,CYCLE,S
IND,208,6592,59453,16/01/2019,08:04:22,15,0,23.2,1.0,35.1,34.9,2,1,1.00,CYCLE,S
IND,208,6592,59453,16/01/2019,08:04:27,15,0,22.1,1.0,5.1,4.9,2,1,1.00,CYCLE,S
IND,208,6592,59453,16/01/2019,08:04:28,15,0,20.0,1.0,0.9,0.8,2,1,1.00,CYCLE,S
IND,208,6592,59453,16/01/2019,08:04:33,15,0,20.1,1.0,3.7,3.5,2,1,1.00,CYCLE,S
IND,208,6592,59453,16/01/2019,08:04:51,15,0,29.5,1.1,17.5,17.4,2,1,1.00,CYCLE,S
IND,208,6592,59453,16/01/2019,08:04:51,15,0,28.1,1.1,0.4,0.2,2,1,1.00,CYCLE,S
IND,208,6592,59453,16/01/2019,08:05:29,15,0,28.9,1.0,37.8,37.7,2,1,1.00,CYCLE,S
IND,208,6592,59452,16/01/2019,08:05:44,15,1,30.6,0.9,235.2,235.0,2,1,1.00,CYCLE,N
IND,208,6592,59453,16/01/2019,08:05:48,15,0,22.9,1.0,19.1,19.0,2,1,1.00,CYCLE,S
IND,208,6592,59453,16/01/2019,08:05:50,15,0,28.9,1.0,1.6,1.5,2,1,1.00,CYCLE,S
IND,208,6592,59453,16/01/2019,08:05:52,15,0,28.6,1.0,1.6,1.5,2,1,1.00,CYCLE,S
IND,208,6592,59453,16/01/2019,08:06:11,15,0,23.9,1.1,19.6,19.4,2,1,1.00,CYCLE,S
IND,208,6592,59453,16/01/2019,08:06:39,15,0,26.6,1.1,28.2,28.0,2,1,1.00,CYCLE,S
IND,208,6592,59453,16/01/2019,08:07:22,15,0,26.1,1.1,42.5,42.4,2,1,1.00,CYCLE,S
IND,208,6592,59453,16/01/2019,08:07:53,15,0,20.7,1.1,30.9,30.7,2,1,1.00,CYCLE,S
IND,208,6592,59453,16/01/2019,08:08:34,15,0,18.8,1.0,40.8,40.6,2,1,1.00,CYCLE,S
IND,208,6592,59453,16/01/2019,08:08:36,15,0,32.0,1.0,2.5,2.3,2,1,1.00,CYCLE,S
IND,208,6592,59453,16/01/2019,08:08:39,15,0,25.9,1.1,2.8,2.7,2,1,1.00,CYCLE,S
IND,208,6592,59453,16/01/2019,08:08:46,15,0,24.7,1.1,6.8,6.6,2,1,1.00,CYCLE,S
IND,208,6592,59453,16/01/2019,08:08:47,15,0,20.6,1.0,1.1,0.9,2,1,0.80,CYCLE,S
IND,208,6592,59453,16/01/2019,08:08:49,15,0,23.9,1.1,2.2,2.0,2,1,1.00,CYCLE,S
IND,208,6592,59453,16/01/2019,08:08:51,15,0,22.6,1.0,2.0,1.8,2,1,1.00,CYCLE,S
IND,208,6592,59453,16/01/2019,08:08:57,15,0,19.7,1.1,5.9,5.7,2,1,1.00,CYCLE,S
IND,208,6592,59453,16/01/2019,08:09:18,15,0,35.6,1.0,21.6,21.4,2,1,1.00,CYCLE,S
IND,208,6592,59453,16/01/2019,08:09:28,15,0,24.0,1.0,10.1,10.0,2,1,1.00,CYCLE,S
IND,208,6592,59453,16/01/2019,08:09:57,15,0,26.5,1.0,28.8,28.6,2,1,1.00,CYCLE,S
IND,208,6592,59453,16/01/2019,08:10:23,15,0,26.8,1.0,26.2,26.1,2,1,1.00,CYCLE,S
IND,208,6592,59453,16/01/2019,08:10:26,15,0,24.6,1.1,2.3,2.2,2,1,1.00,CYCLE,S
IND,208,6592,59453,16/01/2019,08:10:31,15,0,24.9,1.0,5.4,5.2,2,1,1.00,CYCLE,S
IND,208,6592,59453,16/01/2019,08:10:33,15,0,20.1,1.0,2.5,2.3,2,1,1.00,CYCLE,S
IND,208,6592,59453,16/01/2019,08:11:13,15,0,27.5,1.0,39.1,38.9,2,1,1.00,CYCLE,S
IND,208,6592,59453,16/01/2019,08:11:18,15,0,24.0,1.1,5.7,5.6,2,1,1.00,CYCLE,S
IND,208,6592,59452,16/01/2019,08:11:21,15,1,24.4,1.1,337.1,337.0,2,1,1.00,CYCLE,N
IND,208,6592,59453,16/01/2019,08:11:23,15,0,25.1,1.1,4.6,4.4,2,1,1.00,CYCLE,S
IND,208,6592,59453,16/01/2019,08:12:15,15,0,29.8,1.1,51.9,51.8,2,1,1.00,CYCLE,S
IND,208,6592,59453,16/01/2019,08:12:17,15,0,29.4,1.1,2.0,1.9,2,1,1.00,CYCLE,S
IND,208,6592,59453,16/01/2019,08:12:20,15,0,25.5,1.1,2.9,2.8,2,1,1.00,CYCLE,S
IND,208,6592,59453,16/01/2019,08:12:21,15,0,25.0,1.0,1.6,1.5,2,1,1.00,CYCLE,S
IND,208,6592,59453,16/01/2019,08:12:51,15,0,21.7,1.0,30.0,29.9,2,1,1.00,CYCLE,S
IND,208,6592,59453,16/01/2019,08:13:38,15,0,34.2,1.0,46.8,46.6,2,1,1.00,CYCLE,S
IND,208,6592,59453,16/01/2019,08:13:39,15,0,33.9,1.1,1.1,1.0,2,1,1.00,CYCLE,S
IND,208,6592,59453,16/01/2019,08:13:44,15,0,22.3,1.0,5.2,5.1,2,1,1.00,CYCLE,S
IND,208,6592,59452,16/01/2019,08:13:46,15,1,27.4,1.0,145.3,145.1,2,1,1.00,CYCLE,N
IND,208,6592,59453,16/01/2019,08:14:21,15,0,21.2,1.0,36.9,36.7,2,1,1.00,CYCLE,S
IND,208,6592,59453,16/01/2019,08:14:22,15,0,28.1,1.0,0.8,0.6,2,1,1.00,CYCLE,S
IND,208,6592,59453,16/01/2019,08:14:23,15,0,23.2,1.1,0.7,0.6,2,1,1.00,CYCLE,S
IND,208,6592,59453,16/01/2019,08:14:23,15,0,27.3,1.1,0.3,0.1,2,1,1.00,CYCLE,S
IND,208,6592,59453,16/01/2019,08:14:24,15,0,21.5,1.1,1.2,1.1,2,1,1.00,CYCLE,S
IND,208,6592,59453,16/01/2019,08:14:27,15,0,20.9,1.1,2.7,2.5,2,1,1.00,CYCLE,S
IND,208,6592,59453,16/01/2019,08:15:22,15,0,31.0,1.0,54.8,54.6,2,1,1.00,CYCLE,S
IND,208,6592,59453,16/01/2019,08:16:11,15,0,27.8,1.0,49.7,49.5,2,1,1.00,CYCLE,S
IND,208,6592,59453,16/01/2019,08:16:15,15,0,26.9,1.0,4.0,3.9,2,1,1.00,CYCLE,S
IND,208,6592,59453,16/01/2019,08:16:22,15,0,24.0,1.0,6.7,6.5,2,1,1.00,CYCLE,S
IND,208,6592,59453,16/01/2019,08:16:23,15,0,24.5,1.0,0.6,0.5,2,1,1.00,CYCLE,S
IND,208,6592,59453,16/01/2019,08:16:33,15,0,15.6,1.0,9.8,9.7,2,1,1.00,CYCLE,S
IND,208,6592,59452,16/01/2019,08:17:50,15,1,25.9,1.0,244.0,243.9,2,1,1.00,CYCLE,N
IND,208,6592,59452,16/01/2019,08:17:55,15,1,25.9,1.0,4.4,4.3,2,1,1.00,CYCLE,N
IND,208,6592,59453,16/01/2019,08:18:12,15,0,24.7,1.0,99.8,99.6,2,1,1.00,CYCLE,S
IND,208,6592,59453,16/01/2019,08:18:17,15,0,22.0,1.0,4.6,4.4,2,1,1.00,CYCLE,S
IND,208,6592,59453,16/01/2019,08:18:17,15,0,25.0,1.0,0.6,0.4,2,1,1.00,CYCLE,S
IND,208,6592,59453,16/01/2019,08:18:28,15,0,13.2,1.0,10.1,9.9,2,1,1.00,CYCLE,S
IND,208,6592,59453,16/01/2019,08:18:44,15,0,29.5,1.0,16.3,16.0,2,1,1.00,CYCLE,S
IND,208,6592,59453,16/01/2019,08:18:49,15,0,25.3,1.2,4.8,4.7,2,1,1.00,CYCLE,S
IND,208,6592,59453,16/01/2019,08:18:49,15,0,25.4,1.0,0.3,0.1,2,1,1.00,CYCLE,S
IND,208,6592,59453,16/01/2019,08:18:55,15,0,29.8,1.0,6.4,6.2,2,1,1.00,CYCLE,S
IND,208,6592,59453,16/01/2019,08:19:06,15,0,24.9,1.1,10.5,10.3,2,1,1.00,CYCLE,S
IND,208,6592,59453,16/01/2019,08:19:11,15,0,28.3,1.0,5.3,5.2,2,1,1.00,CYCLE,S
IND,208,6592,59453,16/01/2019,08:20:05,15,0,21.5,1.1,53.9,53.8,2,1,1.00,CYCLE,S
IND,208,6592,59453,16/01/2019,08:20:11,15,0,27.5,1.0,6.2,6.0,2,1,1.00,CYCLE,S
IND,208,6592,59453,16/01/2019,08:20:12,15,0,27.8,1.0,1.1,1.0,2,1,1.00,CYCLE,S
IND,208,6592,59453,16/01/2019,08:20:28,15,0,17.9,1.1,15.8,15.6,2,1,1.00,CYCLE,S
IND,208,6592,59453,16/01/2019,08:20:46,15,0,25.9,1.0,17.5,17.3,2,1,1.00,CYCLE,S
IND,208,6592,59453,16/01/2019,08:20:48,15,0,30.9,1.0,2.6,2.4,2,1,1.00,CYCLE,S
IND,208,6592,59453,16/01/2019,08:21:12,15,0,33.5,1.0,24.1,24.0,2,1,0.29,CYCLE,S
IND,208,6592,59453,16/01/2019,08:21:14,15,0,31.9,1.0,1.9,1.6,2,1,1.00,CYCLE,S
IND,208,6592,59453,16/01/2019,08:21:24,15,0,30.3,1.1,9.7,9.6,2,1,1.00,CYCLE,S
IND,208,6592,59453,16/01/2019,08:22:06,15,0,25.0,1.0,42.6,42.4,2,1,1.00,CYCLE,S
IND,208,6592,59453,16/01/2019,08:22:07,15,0,25.7,1.1,0.6,0.5,2,1,1.00,CYCLE,S
IND,208,6592,59453,16/01/2019,08:22:14,15,0,25.5,1.0,6.6,6.5,2,1,1.00,CYCLE,S
IND,208,6592,59453,16/01/2019,08:22:53,15,0,23.8,1.0,39.3,39.1,2,1,1.00,CYCLE,S
IND,208,6592,59453,16/01/2019,08:23:02,15,0,22.5,1.0,9.1,8.9,2,1,1.00,CYCLE,S
IND,208,6592,59453,16/01/2019,08:23:02,15,0,22.5,1.0,0.0,0.0,2,1,1.00,CYCLE,S
IND,208,6592,59453,16/01/2019,08:24:14,15,0,26.8,1.0,71.7,71.5,2,1,1.00,CYCLE,S
IND,208,6592,59453,16/01/2019,08:24:16,15,0,23.7,1.0,2.1,2.0,2,1,1.00,CYCLE,S
IND,208,6592,59453,16/01/2019,08:24:17,15,0,21.9,1.1,1.0,0.9,2,1,1.00,CYCLE,S
IND,208,6592,59453,16/01/2019,08:24:20,15,0,20.5,1.1,3.7,3.5,2,1,1.00,CYCLE,S
IND,208,6592,59453,16/01/2019,08:24:50,15,0,29.4,1.0,29.1,28.9,2,1,1.00,CYCLE,S
IND,208,6592,59453,16/01/2019,08:25:11,15,0,27.8,1.1,21.2,21.1,2,1,1.00,CYCLE,S
IND,208,6592,59453,16/01/2019,08:26:42,15,0,24.5,1.0,91.5,91.3,2,1,1.00,CYCLE,S
IND,208,6592,59453,16/01/2019,08:26:44,15,0,24.5,1.1,2.1,2.0,2,1,1.00,CYCLE,S
IND,208,6592,59453,16/01/2019,08:27:56,15,0,25.2,1.0,71.1,71.0,2,1,1.00,CYCLE,S
IND,208,6592,59453,16/01/2019,08:28:05,15,0,26.5,1.0,9.1,9.0,2,1,1.00,CYCLE,S
IND,208,6592,59453,16/01/2019,08:28:06,15,0,25.9,1.1,1.4,1.3,2,1,1.00,CYCLE,S
IND,208,6592,59453,16/01/2019,08:28:12,15,0,23.5,1.0,5.5,5.3,2,1,1.00,CYCLE,S
IND,208,6592,59453,16/01/2019,08:28:47,15,0,34.3,1.0,35.3,35.1,2,1,1.00,CYCLE,S
IND,208,6592,59453,16/01/2019,08:28:47,15,0,34.0,1.0,0.3,0.2,2,1,1.00,CYCLE,S
IND,208,6592,59453,16/01/2019,08:28:48,15,0,33.3,1.0,1.1,1.0,2,1,1.00,CYCLE,S
IND,208,6592,59452,16/01/2019,08:29:05,15,1,24.9,1.0,414.8,414.2,2,1,1.00,CYCLE,N
IND,208,6592,59452,16/01/2019,08:29:10,15,1,20.4,1.1,5.3,5.2,2,1,1.00,CYCLE,N
IND,208,6592,59452,16/01/2019,08:29:48,15,1,28.3,1.0,37.1,36.9,2,1,1.00,CYCLE,N
IND,208,6592,59453,16/01/2019,08:30:03,15,0,25.7,1.0,74.8,74.7,2,1,1.00,CYCLE,S
IND,208,6592,59453,16/01/2019,08:30:04,15,0,26.4,1.0,1.1,0.9,2,1,1.00,CYCLE,S
IND,208,6592,59453,16/01/2019,08:30:06,15,0,25.6,1.0,1.6,1.4,2,1,1.00,CYCLE,S
IND,208,6592,59453,16/01/2019,08:30:07,15,0,25.0,1.1,1.8,1.6,2,1,1.00,CYCLE,S
IND,208,6592,59453,16/01/2019,08:30:19,15,0,18.2,1.1,11.3,11.2,2,1,1.00,CYCLE,S
IND,208,6592,59453,16/01/2019,08:31:02,15,0,24.8,1.1,42.7,42.5,2,1,1.00,CYCLE,S
IND,208,6592,59453,16/01/2019,08:31:58,15,0,27.7,1.0,56.8,56.7,2,1,1.00,CYCLE,S
IND,208,6592,59453,16/01/2019,08:32:00,15,0,25.8,1.0,2.1,1.9,2,1,1.00,CYCLE,S
IND,208,6592,59453,16/01/2019,08:32:29,15,0,29.6,1.0,28.2,28.0,2,1,1.00,CYCLE,S
IND,208,6592,59453,16/01/2019,08:34:02,15,0,20.7,1.0,93.2,93.1,2,1,1.00,CYCLE,S
IND,208,6592,59453,16/01/2019,08:34:05,15,0,25.4,1.0,3.2,3.0,2,1,0.86,CYCLE,S
IND,208,6592,59453,16/01/2019,08:35:17,15,0,25.1,1.0,71.8,71.6,2,1,1.00,CYCLE,S
IND,208,6592,59453,16/01/2019,08:35:21,15,0,19.9,1.0,4.2,4.1,2,1,1.00,CYCLE,S
IND,208,6592,59453,16/01/2019,08:36:26,15,0,24.2,1.1,65.0,64.8,2,1,1.00,CYCLE,S
IND,208,6592,59452,16/01/2019,08:36:44,15,1,18.0,1.1,416.0,415.9,2,1,1.00,CYCLE,N
IND,208,6592,59452,16/01/2019,08:36:44,15,1,17.8,1.0,0.4,0.2,2,1,1.00,CYCLE,N
IND,208,6592,59452,16/01/2019,08:36:45,15,1,17.0,1.0,0.7,0.5,2,1,1.00,CYCLE,N
IND,208,6592,59452,16/01/2019,08:36:45,15,1,18.4,1.0,0.7,0.5,2,1,1.00,CYCLE,N
IND,208,6592,59452,16/01/2019,08:36:46,15,1,17.3,1.1,0.7,0.6,2,1,1.00,CYCLE,N
IND,208,6592,59452,16/01/2019,08:36:48,15,1,17.8,1.0,1.9,1.6,2,1,1.00,CYCLE,N
IND,208,6592,59452,16/01/2019,08:36:49,15,1,16.9,1.0,0.8,0.6,2,1,1.00,CYCLE,N
IND,208,6592,59452,16/01/2019,08:36:49,15,1,16.9,1.0,0.0,0.0,2,1,1.00,CYCLE,N
IND,208,6592,59452,16/01/2019,08:36:50,15,1,16.5,1.0,1.2,0.9,2,1,1.00,CYCLE,N
IND,208,6592,59452,16/01/2019,08:36:51,15,1,17.5,1.0,1.0,0.8,2,1,1.00,CYCLE,N
IND,208,6592,59452,16/01/2019,08:36:52,15,1,17.3,1.1,1.5,1.2,2,1,1.00,CYCLE,N
IND,208,6592,59452,16/01/2019,08:36:53,15,1,17.8,1.0,1.0,0.8,2,1,1.00,CYCLE,N
IND,208,6592,59452,16/01/2019,08:36:55,15,1,17.0,1.1,1.7,1.5,2,1,1.00,CYCLE,N
IND,208,6592,59453,16/01/2019,08:37:56,15,0,28.2,1.0,89.8,89.6,2,1,1.00,CYCLE,S
IND,208,6592,59453,16/01/2019,08:37:57,15,0,26.1,1.0,1.6,1.4,2,1,1.00,CYCLE,S
IND,208,6592,59452,16/01/2019,08:38:40,15,1,19.6,1.1,104.6,104.4,2,1,1.00,CYCLE,N
IND,208,6592,59452,16/01/2019,08:38:41,15,1,19.3,1.0,0.8,0.6,2,1,1.00,CYCLE,N
IND,208,6592,59452,16/01/2019,08:38:43,15,1,19.6,1.1,2.8,2.6,2,1,1.00,CYCLE,N
IND,208,6592,59452,16/01/2019,08:38:45,15,1,19.7,1.0,1.4,1.2,2,1,1.00,CYCLE,N
IND,208,6592,59452,16/01/2019,08:38:45,15,1,19.7,1.0,0.0,0.0,2,1,1.00,CYCLE,N
IND,208,6592,59452,16/01/2019,08:38:50,15,1,16.1,1.0,4.9,4.6,2,1,1.00,CYCLE,N
IND,208,6592,59453,16/01/2019,08:39:29,15,0,20.2,1.0,91.4,91.2,2,1,1.00,CYCLE,S
IND,208,6592,59453,16/01/2019,08:39:53,15,0,26.2,1.0,24.3,24.1,2,1,1.00,CYCLE,S
IND,208,6592,59453,16/01/2019,08:41:14,15,0,25.0,1.1,81.4,81.3,2,1,1.00,CYCLE,S
IND,208,6592,59453,16/01/2019,08:41:28,15,0,27.9,1.1,13.3,13.2,2,1,1.00,CYCLE,S
IND,208,6592,59453,16/01/2019,08:41:58,15,0,23.6,1.0,30.4,30.2,2,1,1.00,CYCLE,S
IND,208,6592,59452,16/01/2019,08:42:15,15,1,25.1,1.0,205.7,205.5,2,1,1.00,CYCLE,N
IND,208,6592,59453,16/01/2019,08:42:38,15,0,27.3,1.0,40.2,40.0,2,1,1.00,CYCLE,S
IND,208,6592,59452,16/01/2019,08:42:46,15,1,25.2,1.0,30.9,30.8,2,1,1.00,CYCLE,N
IND,208,6592,59453,16/01/2019,08:42:58,15,0,27.2,1.1,20.0,19.9,2,1,1.00,CYCLE,S
IND,208,6592,59453,16/01/2019,08:43:14,15,0,28.5,1.1,15.3,15.2,2,1,1.00,CYCLE,S
IND,208,6592,59453,16/01/2019,08:43:18,15,0,25.4,1.1,4.3,4.2,2,1,1.00,CYCLE,S
IND,208,6592,59453,16/01/2019,08:43:26,15,0,24.9,1.0,8.0,7.8,2,1,1.00,CYCLE,S
IND,208,6592,59453,16/01/2019,08:43:28,15,0,25.7,1.0,1.7,1.5,2,1,1.00,CYCLE,S
IND,208,6592,59453,16/01/2019,08:44:09,15,0,25.5,1.0,41.7,41.6,2,1,1.00,CYCLE,S
IND,208,6592,59452,16/01/2019,08:44:48,15,1,22.6,1.1,121.2,121.1,2,1,1.00,CYCLE,N
IND,208,6592,59453,16/01/2019,08:44:56,15,0,17.5,1.1,46.7,46.5,2,1,1.00,CYCLE,S
IND,208,6592,59453,16/01/2019,08:45:51,15,0,29.4,1.0,55.2,55.0,2,1,1.00,CYCLE,S
IND,208,6592,59452,16/01/2019,08:46:40,15,1,30.3,1.1,112.0,111.8,2,1,1.00,CYCLE,N
IND,208,6592,59452,16/01/2019,08:46:43,15,1,24.2,1.1,3.0,2.9,2,1,1.00,CYCLE,N
IND,208,6592,59452,16/01/2019,08:46:44,15,1,26.0,1.1,1.3,1.1,2,1,1.00,CYCLE,N
IND,208,6592,59452,16/01/2019,08:47:44,15,1,20.7,1.1,59.9,59.8,2,1,1.00,CYCLE,N
IND,208,6592,59453,16/01/2019,08:47:49,15,0,28.6,1.0,117.5,117.4,2,1,1.00,CYCLE,S
IND,208,6592,59452,16/01/2019,08:47:52,15,1,27.5,1.0,7.7,7.5,2,1,1.00,CYCLE,N
IND,208,6592,59453,16/01/2019,08:48:03,15,0,18.7,1.1,14.1,13.9,2,1,1.00,CYCLE,S
IND,208,6592,59453,16/01/2019,08:49:30,15,0,28.7,1.0,87.0,86.8,2,1,1.00,CYCLE,S
IND,208,6592,59453,16/01/2019,08:49:33,15,0,24.7,1.0,3.0,2.9,2,1,1.00,CYCLE,S
IND,208,6592,59453,16/01/2019,08:50:36,15,0,19.3,1.0,63.2,63.0,2,1,1.00,CYCLE,S
IND,208,6592,59452,16/01/2019,08:50:49,15,1,24.3,1.1,177.5,177.4,2,1,1.00,CYCLE,N
IND,208,6592,59452,16/01/2019,08:50:59,15,1,18.3,1.1,9.8,9.7,2,1,1.00,CYCLE,N
IND,208,6592,59453,16/01/2019,08:51:59,15,0,25.4,1.0,83.1,82.9,2,1,1.00,CYCLE,S
IND,208,6592,59453,16/01/2019,08:52:21,15,0,32.0,1.0,22.2,22.0,2,1,1.00,CYCLE,S
IND,208,6592,59453,16/01/2019,08:52:22,15,0,33.8,1.1,0.5,0.4,2,1,1.00,CYCLE,S
IND,208,6592,59453,16/01/2019,08:53:50,15,0,23.3,1.1,88.3,88.2,2,1,1.00,CYCLE,S
IND,208,6592,59453,16/01/2019,08:53:54,15,0,23.0,1.1,3.4,3.2,2,1,1.00,CYCLE,S
IND,208,6592,59453,16/01/2019,08:55:21,15,0,26.1,1.0,87.8,87.6,2,1,1.00,CYCLE,S
IND,208,6592,59453,16/01/2019,08:56:04,15,0,24.2,1.0,42.8,42.6,2,1,1.00,CYCLE,S
IND,208,6592,59453,16/01/2019,08:56:15,15,0,22.4,1.0,10.8,10.6,2,1,1.00,CYCLE,S
IND,208,6592,59452,16/01/2019,08:56:44,15,1,27.3,1.0,345.0,344.7,2,1,1.00,CYCLE,N
IND,208,6592,59453,16/01/2019,08:57:03,15,0,25.7,1.0,48.1,47.9,2,1,1.00,CYCLE,S
IND,208,6592,59453,16/01/2019,08:59:07,15,0,36.3,1.1,124.5,124.3,2,1,1.00,CYCLE,S
IND,208,6592,59452,16/01/2019,08:59:14,15,1,28.0,1.0,149.8,149.7,2,1,1.00,CYCLE,N
IND,208,6592,59453,16/01/2019,08:59:58,15,0,22.4,1.0,50.4,50.3,2,1,1.00,CYCLE,S
IND,208,6592,59453,16/01/2019,09:02:10,15,0,23.7,1.1,132.3,132.1,2,1,1.00,CYCLE,S
IND,208,6592,59453,16/01/2019,09:02:47,15,0,19.8,1.1,36.4,36.2,2,1,1.00,CYCLE,S
IND,208,6592,59452,16/01/2019,09:03:20,15,1,23.9,1.0,246.9,246.8,2,1,1.00,CYCLE,N
IND,208,6592,59453,16/01/2019,09:03:29,15,0,24.1,1.0,42.9,42.7,2,1,1.00,CYCLE,S
IND,208,6592,59453,16/01/2019,09:04:03,15,0,29.7,1.1,34.0,33.8,2,1,1.00,CYCLE,S
IND,208,6592,59453,16/01/2019,09:04:07,15,0,23.2,1.1,3.2,3.0,2,1,1.00,CYCLE,S
IND,208,6592,59453,16/01/2019,09:04:10,15,0,25.2,1.1,3.3,3.1,2,1,1.00,CYCLE,S
IND,208,6592,59453,16/01/2019,09:04:15,15,0,20.9,1.0,4.9,4.8,2,1,1.00,CYCLE,S
IND,208,6592,59453,16/01/2019,09:04:21,15,0,22.4,1.1,6.1,5.9,2,1,1.00,CYCLE,S
IND,208,6592,59453,16/01/2019,09:04:26,15,0,20.0,1.1,5.0,4.8,2,1,1.00,CYCLE,S
IND,208,6592,59452,16/01/2019,09:05:20,15,1,25.6,1.0,119.2,119.1,2,1,1.00,CYCLE,N
IND,208,6592,59453,16/01/2019,09:06:02,15,0,29.0,1.0,96.0,95.8,2,1,1.00,CYCLE,S
IND,208,6592,59452,16/01/2019,09:06:12,15,1,16.9,1.0,51.8,51.7,2,1,1.00,CYCLE,N
IND,208,6592,59453,16/01/2019,09:06:25,15,0,15.4,1.1,23.4,23.3,2,1,1.00,CYCLE,S
IND,208,6592,59452,16/01/2019,09:06:36,15,1,21.8,1.1,24.6,24.4,2,1,1.00,CYCLE,N
IND,208,6592,59453,16/01/2019,09:07:02,15,0,20.9,1.1,36.5,36.3,2,1,1.00,CYCLE,S
IND,208,6592,59453,16/01/2019,09:07:41,15,0,19.5,1.0,38.7,38.5,2,1,1.00,CYCLE,S
IND,208,6592,59453,16/01/2019,09:07:44,15,0,18.0,1.1,3.9,3.7,2,1,1.00,CYCLE,S
IND,208,6592,59453,16/01/2019,09:07:46,15,0,24.0,1.0,1.7,1.5,2,1,1.00,CYCLE,S
IND,208,6592,59453,16/01/2019,09:07:51,15,0,17.0,1.1,5.3,5.2,2,1,1.00,CYCLE,S
IND,208,6592,59453,16/01/2019,09:08:12,15,0,25.4,1.0,20.7,20.5,2,1,1.00,CYCLE,S
IND,208,6592,59453,16/01/2019,09:09:03,15,0,21.4,0.9,50.7,50.6,2,1,1.00,CYCLE,S
IND,208,6592,59453,16/01/2019,09:09:07,15,0,20.0,1.0,4.5,4.3,2,1,1.00,CYCLE,S
IND,208,6592,59453,16/01/2019,09:09:32,15,0,25.1,1.0,24.3,24.1,2,1,1.00,CYCLE,S
IND,208,6592,59453,16/01/2019,09:09:32,15,0,25.1,1.0,0.0,0.0,2,1,1.00,CYCLE,S
IND,208,6592,59453,16/01/2019,09:09:33,15,0,25.2,1.0,0.8,0.6,2,1,1.00,CYCLE,S
IND,208,6592,59453,16/01/2019,09:10:12,15,0,25.7,1.0,39.9,39.7,2,1,1.00,CYCLE,S
IND,208,6592,59452,16/01/2019,09:10:19,15,1,30.5,1.1,111.3,111.1,2,1,1.00,CYCLE,N
IND,208,6592,59453,16/01/2019,09:11:24,15,0,23.9,1.1,71.3,71.1,2,1,1.00,CYCLE,S
IND,208,6592,59453,16/01/2019,09:13:48,15,0,28.4,1.1,144.0,143.8,2,1,1.00,CYCLE,S
IND,208,6592,59453,16/01/2019,09:14:30,15,0,22.7,1.0,42.2,42.1,2,1,1.00,CYCLE,S
IND,208,6592,59453,16/01/2019,09:15:27,15,0,25.4,1.1,57.3,57.2,2,1,1.00,CYCLE,S
IND,208,6592,59453,16/01/2019,09:17:34,15,0,19.3,1.0,127.3,127.1,2,1,1.00,CYCLE,S
IND,208,6592,59453,16/01/2019,09:17:41,15,0,23.4,1.1,7.0,6.8,2,1,1.00,CYCLE,S
IND,208,6592,59453,16/01/2019,09:17:54,15,0,29.2,1.0,12.9,12.7,2,1,1.00,CYCLE,S
IND,208,6592,59453,16/01/2019,09:17:55,15,0,28.1,1.0,0.6,0.5,2,1,1.00,CYCLE,S
IND,208,6592,59453,16/01/2019,09:18:40,15,0,20.0,1.2,44.9,44.8,2,1,1.00,CYCLE,S
IND,208,6592,59453,16/01/2019,09:21:08,15,0,23.3,1.1,148.0,147.8,2,1,1.00,CYCLE,S
IND,208,6592,59452,16/01/2019,09:22:45,15,1,28.4,1.0,746.1,746.0,2,1,1.00,CYCLE,N
IND,208,6592,59453,16/01/2019,09:23:15,15,0,24.0,1.0,127.7,127.6,2,1,1.00,CYCLE,S
IND,208,6592,59453,16/01/2019,09:23:49,15,0,30.6,1.0,33.3,33.1,2,1,1.00,CYCLE,S
IND,208,6592,59452,16/01/2019,09:24:16,15,1,25.0,1.0,90.9,90.8,2,1,1.00,CYCLE,N
IND,208,6592,59453,16/01/2019,09:24:17,15,0,27.3,1.1,28.7,28.5,2,1,1.00,CYCLE,S
IND,208,6592,59453,16/01/2019,09:25:11,15,0,23.3,1.1,54.1,53.9,2,1,1.00,CYCLE,S
IND,208,6592,59452,16/01/2019,09:25:46,15,1,19.9,1.1,90.1,90.0,2,1,1.00,CYCLE,N
IND,208,6592,59452,16/01/2019,09:25:48,15,1,22.7,1.0,2.0,1.8,2,1,1.00,CYCLE,N
IND,208,6592,59452,16/01/2019,09:25:49,15,1,23.2,1.0,0.5,0.3,2,1,1.00,CYCLE,N
IND,208,6592,59453,16/01/2019,09:26:20,15,0,18.0,1.1,68.6,68.5,2,1,1.00,CYCLE,S
IND,208,6592,59452,16/01/2019,09:28:02,15,1,20.9,1.1,133.0,132.8,2,1,1.00,CYCLE,N
IND,208,6592,59453,16/01/2019,09:28:08,15,0,19.4,1.0,108.3,108.1,2,1,1.00,CYCLE,S
IND,208,6592,59453,16/01/2019,09:28:09,15,0,18.7,1.0,0.4,0.2,2,1,1.00,CYCLE,S
IND,208,6592,59453,16/01/2019,09:28:12,15,0,28.2,1.0,2.9,2.7,2,1,1.00,CYCLE,S
IND,208,6592,59453,16/01/2019,09:28:24,15,0,30.0,1.0,12.4,12.3,2,1,1.00,CYCLE,S
IND,208,6592,59452,16/01/2019,09:29:55,15,1,19.3,1.0,113.5,113.4,2,1,1.00,CYCLE,N
IND,208,6592,59452,16/01/2019,09:29:55,15,1,19.3,1.0,0.0,0.0,2,1,1.00,CYCLE,N
IND,208,6592,59452,16/01/2019,09:30:12,15,1,25.9,1.1,16.5,16.2,2,1,1.00,CYCLE,N
IND,208,6592,59453,16/01/2019,09:31:08,15,0,18.4,1.1,163.4,163.3,2,1,1.00,CYCLE,S
IND,208,6592,59453,16/01/2019,09:32:20,15,0,29.7,1.0,72.1,71.9,2,1,1.00,CYCLE,S
IND,208,6592,59453,16/01/2019,09:33:20,15,0,25.1,1.0,60.5,60.3,2,1,1.00,CYCLE,S
IND,208,6592,59453,16/01/2019,09:33:36,15,0,29.5,1.0,15.8,15.7,2,1,1.00,CYCLE,S
IND,208,6592,59452,16/01/2019,09:33:40,15,1,31.8,1.1,208.4,208.3,2,1,1.00,CYCLE,N
IND,208,6592,59452,16/01/2019,09:33:50,15,1,24.1,1.1,9.3,9.2,2,1,1.00,CYCLE,N
IND,208,6592,59452,16/01/2019,09:34:26,15,1,24.2,1.0,36.6,36.4,2,1,1.00,CYCLE,N
IND,208,6592,59452,16/01/2019,09:36:41,15,1,24.5,1.1,134.4,134.3,2,1,1.00,CYCLE,N
IND,208,6592,59453,16/01/2019,09:36:50,15,0,21.4,1.0,193.7,193.5,2,1,1.00,CYCLE,S
IND,208,6592,59453,16/01/2019,09:36:51,15,0,20.6,1.1,1.9,1.7,2,1,1.00,CYCLE,S
IND,208,6592,59452,16/01/2019,09:37:50,15,1,17.0,1.1,69.5,69.4,2,1,1.00,CYCLE,N
IND,208,6592,59452,16/01/2019,09:39:18,15,1,25.9,1.0,87.6,87.4,2,1,1.00,CYCLE,N
IND,208,6592,59453,16/01/2019,09:40:04,15,0,32.1,1.0,192.9,192.7,2,1,1.00,CYCLE,S
IND,208,6592,59453,16/01/2019,09:40:05,15,0,28.2,1.0,0.6,0.5,2,1,1.00,CYCLE,S
IND,208,6592,59452,16/01/2019,09:40:11,15,1,29.0,1.0,53.5,53.4,2,1,1.00,CYCLE,N
IND,208,6592,59453,16/01/2019,09:40:36,15,0,21.9,1.0,31.1,31.0,2,1,1.00,CYCLE,S
IND,208,6592,59453,16/01/2019,09:40:37,15,0,20.9,1.0,1.3,1.2,2,1,1.00,CYCLE,S
IND,208,6592,59453,16/01/2019,09:40:43,15,0,20.8,1.1,5.9,5.7,2,1,1.00,CYCLE,S
IND,208,6592,59453,16/01/2019,09:41:04,15,0,12.8,1.1,21.0,20.8,2,1,1.00,CYCLE,S
IND,208,6592,59453,16/01/2019,09:42:49,15,0,14.3,1.0,104.5,104.2,2,1,1.00,CYCLE,S
IND,208,6592,59453,16/01/2019,09:42:50,15,0,13.8,1.0,1.0,0.7,2,1,1.00,CYCLE,S
IND,208,6592,59453,16/01/2019,09:42:55,15,0,14.7,1.0,4.9,4.7,2,1,1.00,CYCLE,S
IND,208,6592,59453,16/01/2019,09:42:57,15,0,12.4,1.1,2.6,2.4,2,1,1.00,CYCLE,S
IND,208,6592,59453,16/01/2019,09:43:14,15,0,19.7,1.1,16.2,15.9,2,1,1.00,CYCLE,S
IND,208,6592,59452,16/01/2019,09:43:19,15,1,27.7,1.0,187.9,187.8,2,1,1.00,CYCLE,N
IND,208,6592,59453,16/01/2019,09:46:19,15,0,18.0,1.1,185.8,185.6,2,1,1.00,CYCLE,S
IND,208,6592,59453,16/01/2019,09:46:59,15,0,24.7,1.0,39.6,39.4,2,1,1.00,CYCLE,S
IND,208,6592,59453,16/01/2019,09:47:00,15,0,25.7,1.0,0.6,0.5,2,1,1.00,CYCLE,S
IND,208,6592,59453,16/01/2019,09:48:28,15,0,19.2,1.0,88.3,88.1,2,1,1.00,CYCLE,S
IND,208,6592,59453,16/01/2019,09:50:03,15,0,26.2,1.0,95.1,94.9,2,1,1.00,CYCLE,S
IND,208,6592,59453,16/01/2019,09:50:10,15,0,23.9,1.0,6.8,6.6,2,1,1.00,CYCLE,S
IND,208,6592,59453,16/01/2019,09:52:05,15,0,21.4,1.0,115.5,115.3,2,1,1.00,CYCLE,S
IND,208,6592,59452,16/01/2019,09:52:20,15,1,15.4,1.1,541.3,541.2,2,1,1.00,CYCLE,N
IND,208,6592,59452,16/01/2019,09:53:40,15,1,24.9,1.0,79.3,79.0,2,1,1.00,CYCLE,N
IND,208,6592,59452,16/01/2019,09:55:06,15,1,23.2,1.0,86.1,85.9,2,1,1.00,CYCLE,N
IND,208,6592,59452,16/01/2019,09:55:14,15,1,19.1,1.1,8.2,8.1,2,1,1.00,CYCLE,N
IND,208,6592,59452,16/01/2019,09:55:16,15,1,19.2,1.1,1.7,1.4,2,1,1.00,CYCLE,N
IND,208,6592,59453,16/01/2019,09:55:25,15,0,13.9,1.0,199.4,199.2,2,1,1.00,CYCLE,S
IND,208,6592,59453,16/01/2019,09:55:25,15,0,13.9,1.0,0.0,0.0,2,1,1.00,CYCLE,S
IND,208,6592,59453,16/01/2019,09:58:00,15,0,21.1,1.1,154.9,154.4,2,1,1.00,CYCLE,S
IND,208,6592,59452,16/01/2019,09:59:27,15,1,19.9,1.0,251.8,251.6,2,1,1.00,CYCLE,N
IND,208,6592,59452,16/01/2019,09:59:32,15,1,20.2,1.0,4.2,4.0,2,1,0.67,CYCLE,N
IND,208,6592,59452,16/01/2019,09:59:32,15,1,20.2,1.0,0.0,0.0,2,1,0.67,CYCLE,N
IND,208,6592,59453,16/01/2019,10:00:34,15,0,15.4,1.1,154.1,153.9,2,1,1.00,CYCLE,S
IND,208,6592,59452,16/01/2019,10:01:48,15,1,26.0,1.2,136.6,136.4,2,1,1.00,CYCLE,N
IND,208,6592,59453,16/01/2019,10:02:16,15,0,21.2,1.1,102.7,102.4,2,1,1.00,CYCLE,S
IND,208,6592,59453,16/01/2019,10:04:15,15,0,26.7,1.1,119.0,118.8,2,1,1.00,CYCLE,S
IND,208,6592,59453,16/01/2019,10:04:17,15,0,15.5,1.0,1.8,1.7,2,1,1.00,CYCLE,S
IND,208,6592,59453,16/01/2019,10:04:18,15,0,15.5,1.0,0.5,0.3,2,1,1.00,CYCLE,S
IND,208,6592,59453,16/01/2019,10:05:31,15,0,28.8,1.1,73.5,72.7,2,1,1.00,CYCLE,S
IND,208,6592,59453,16/01/2019,10:05:49,15,0,25.2,1.0,17.5,17.4,2,1,1.00,CYCLE,S
IND,208,6592,59453,16/01/2019,10:07:45,15,0,20.9,1.0,116.7,116.6,2,1,1.00,CYCLE,S
IND,208,6592,59453,16/01/2019,10:08:07,15,0,22.4,1.0,21.3,21.1,2,1,1.00,CYCLE,S
IND,208,6592,59453,16/01/2019,10:09:52,15,0,25.8,1.0,105.8,105.7,2,1,1.00,CYCLE,S
IND,208,6592,59452,16/01/2019,10:12:10,15,1,21.7,1.1,492.6,492.3,2,1,1.00,CYCLE,N
IND,208,6592,59453,16/01/2019,10:12:24,15,0,15.5,1.1,151.0,150.9,2,1,1.00,CYCLE,S
IND,208,6592,59453,16/01/2019,10:13:58,15,0,19.9,1.2,16.9,16.7,2,1,1.00,CYCLE,S
IND,208,6592,59452,16/01/2019,10:15:42,15,1,19.1,1.0,212.4,212.2,2,1,1.00,CYCLE,N
IND,208,6592,59452,16/01/2019,10:15:48,15,1,16.4,1.1,6.0,5.9,2,1,1.00,CYCLE,N
IND,208,6592,59453,16/01/2019,10:17:23,15,0,23.5,1.1,205.6,205.4,2,1,1.00,CYCLE,S
IND,208,6592,59453,16/01/2019,10:17:48,15,0,26.5,1.1,24.7,24.5,2,1,1.00,CYCLE,S
IND,208,6592,59453,16/01/2019,10:17:53,15,0,19.7,1.1,5.4,5.2,2,1,1.00,CYCLE,S
IND,208,6592,59452,16/01/2019,10:17:58,15,1,25.0,1.0,129.8,129.5,2,1,1.00,CYCLE,N
IND,208,6592,59453,16/01/2019,10:18:12,15,0,26.6,1.0,18.1,18.0,2,1,1.00,CYCLE,S
IND,208,6592,59452,16/01/2019,10:18:28,15,1,25.5,1.0,30.0,29.8,2,1,1.00,CYCLE,N
IND,208,6592,59452,16/01/2019,10:19:07,15,1,28.0,1.0,38.8,38.7,2,1,1.00,CYCLE,N
IND,208,6592,59453,16/01/2019,10:22:07,15,0,26.1,1.0,13.4,13.1,2,1,1.00,CYCLE,S
IND,208,6592,59453,16/01/2019,10:22:17,15,0,16.5,1.1,9.9,9.8,2,1,1.00,CYCLE,S
IND,208,6592,59453,16/01/2019,10:25:05,15,0,24.3,1.1,168.8,168.6,2,1,1.00,CYCLE,S
IND,208,6592,59452,16/01/2019,10:25:50,15,1,16.5,1.0,403.6,403.5,2,1,0.80,CYCLE,N
IND,208,6592,59453,16/01/2019,10:26:57,15,0,23.4,1.1,111.7,111.5,2,1,1.00,CYCLE,S
IND,208,6592,59453,16/01/2019,10:27:00,15,0,23.6,1.0,2.8,2.7,2,1,1.00,CYCLE,S
IND,208,6592,59452,16/01/2019,10:31:00,15,1,27.2,1.0,309.4,309.1,2,1,1.00,CYCLE,N
IND,208,6592,59453,16/01/2019,10:32:30,15,0,17.6,1.0,330.5,330.3,2,1,1.00,CYCLE,S
IND,208,6592,59453,16/01/2019,10:34:19,15,0,31.5,1.0,108.8,108.5,2,1,1.00,CYCLE,S
IND,208,6592,59453,16/01/2019,10:34:24,15,0,25.1,1.0,4.7,4.6,2,1,1.00,CYCLE,S
IND,208,6592,59452,16/01/2019,10:34:58,15,1,22.8,1.0,238.2,238.1,2,1,1.00,CYCLE,N
IND,208,6592,59452,16/01/2019,10:34:59,15,1,25.3,1.1,1.0,0.8,2,1,1.00,CYCLE,N
IND,208,6592,59453,16/01/2019,10:36:08,15,0,22.0,1.0,104.4,104.3,2,1,1.00,CYCLE,S
IND,208,6592,59453,16/01/2019,10:37:52,15,0,23.4,1.1,104.0,103.8,2,1,1.00,CYCLE,S
IND,208,6592,59453,16/01/2019,10:37:59,15,0,28.5,1.0,7.0,6.8,2,1,1.00,CYCLE,S
IND,208,6592,59453,16/01/2019,10:38:08,15,0,22.5,1.0,9.2,9.1,2,1,1.00,CYCLE,S
IND,208,6592,59453,16/01/2019,10:38:10,15,0,22.9,1.1,1.7,1.5,2,1,1.00,CYCLE,S
IND,208,6592,59453,16/01/2019,10:38:26,15,0,23.3,1.1,15.6,15.4,2,1,1.00,CYCLE,S
IND,208,6592,59453,16/01/2019,10:42:26,15,0,22.7,1.0,240.3,240.2,2,1,1.00,CYCLE,S
IND,208,6592,59452,16/01/2019,10:42:51,15,1,17.6,1.0,471.9,471.8,2,1,1.00,CYCLE,N
IND,208,6592,59453,16/01/2019,10:42:57,15,0,18.8,1.0,31.2,31.1,2,1,1.00,CYCLE,S
IND,208,6592,59452,16/01/2019,10:43:28,15,1,35.1,1.0,37.3,37.0,2,1,1.00,CYCLE,N
IND,208,6592,59452,16/01/2019,10:43:41,15,1,28.4,1.0,12.6,12.5,2,1,1.00,CYCLE,N
IND,208,6592,59452,16/01/2019,10:43:41,15,1,28.4,1.0,0.0,0.0,2,1,1.00,CYCLE,N
IND,208,6592,59452,16/01/2019,10:43:45,15,1,28.7,1.0,3.8,3.6,2,1,1.00,CYCLE,N
IND,208,6592,59452,16/01/2019,10:43:50,15,1,28.2,1.0,5.3,5.2,2,1,1.00,CYCLE,N
IND,208,6592,59452,16/01/2019,10:44:23,15,1,17.9,1.1,33.0,32.9,2,1,1.00,CYCLE,N
IND,208,6592,59452,16/01/2019,10:44:24,15,1,16.9,1.1,1.1,0.9,2,1,1.00,CYCLE,N
IND,208,6592,59452,16/01/2019,10:46:46,15,1,19.5,1.0,142.0,141.7,2,1,1.00,CYCLE,N
IND,208,6592,59452,16/01/2019,10:46:48,15,1,19.0,1.0,1.7,1.5,2,1,1.00,CYCLE,N
IND,208,6592,59452,16/01/2019,10:46:48,15,1,18.2,1.0,0.8,0.6,2,1,1.00,CYCLE,N
IND,208,6592,59452,16/01/2019,10:46:53,15,1,18.3,1.1,4.5,4.3,2,1,1.00,CYCLE,N
IND,208,6592,59452,16/01/2019,10:46:56,15,1,17.7,1.0,2.6,2.4,2,1,1.00,CYCLE,N
IND,208,6592,59452,16/01/2019,10:46:56,15,1,17.7,1.0,0.0,0.0,2,1,1.00,CYCLE,N
IND,208,6592,59452,16/01/2019,10:47:00,15,1,15.9,1.0,4.8,4.5,2,1,1.00,CYCLE,N
IND,208,6592,59452,16/01/2019,10:47:07,15,1,11.6,1.0,6.3,6.1,2,1,1.00,CYCLE,N
IND,208,6592,59453,16/01/2019,10:48:09,15,0,4.7,1.0,311.8,311.7,2,1,0.13,CYCLE,S
IND,208,6592,59453,16/01/2019,10:48:09,15,0,4.7,1.0,0.0,0.0,2,1,0.13,CYCLE,S
IND,208,6592,59453,16/01/2019,10:48:09,15,0,4.7,1.0,0.0,0.0,2,1,0.13,CYCLE,S
IND,208,6592,59452,16/01/2019,10:48:20,15,1,20.3,1.0,73.7,73.3,2,1,1.00,CYCLE,N
IND,208,6592,59452,16/01/2019,10:48:21,15,1,20.1,1.0,0.7,0.5,2,1,1.00,CYCLE,N
IND,208,6592,59452,16/01/2019,10:48:22,15,1,20.0,1.0,0.7,0.6,2,1,1.00,CYCLE,N
IND,208,6592,59452,16/01/2019,10:48:22,15,1,20.2,1.1,0.6,0.5,2,1,1.00,CYCLE,N
IND,208,6592,59452,16/01/2019,10:48:24,15,1,19.4,1.1,1.8,1.6,2,1,1.00,CYCLE,N
IND,208,6592,59452,16/01/2019,10:48:26,15,1,19.3,1.1,1.6,1.4,2,1,1.00,CYCLE,N
IND,208,6592,59453,16/01/2019,10:49:20,15,0,24.9,1.0,71.0,68.4,2,1,1.00,CYCLE,S
IND,208,6592,59452,16/01/2019,10:50:31,15,1,22.2,1.1,125.3,125.1,2,1,1.00,CYCLE,N
IND,208,6592,59453,16/01/2019,10:50:47,15,0,19.7,1.1,87.3,87.2,2,1,1.00,CYCLE,S
IND,208,6592,59453,16/01/2019,10:51:31,15,0,21.5,1.1,43.4,43.2,2,1,1.00,CYCLE,S
IND,208,6592,59453,16/01/2019,10:52:28,15,0,21.6,1.1,57.4,57.2,2,1,1.00,CYCLE,S
IND,208,6592,59452,16/01/2019,10:54:11,15,1,17.1,1.1,220.0,219.9,2,1,1.00,CYCLE,N
IND,208,6592,59452,16/01/2019,10:56:26,15,1,21.9,1.1,31.7,31.6,2,1,1.00,CYCLE,N
IND,208,6592,59453,16/01/2019,10:57:16,15,0,20.8,1.1,287.7,287.6,2,1,1.00,CYCLE,S
IND,208,6592,59453,16/01/2019,11:00:20,15,0,22.8,1.1,184.4,184.2,2,1,1.00,CYCLE,S
IND,208,6592,59453,16/01/2019,11:01:35,15,0,17.5,1.1,74.5,74.3,2,1,1.00,CYCLE,S
IND,208,6592,59453,16/01/2019,11:01:38,15,0,17.2,1.1,3.4,3.1,2,1,1.00,CYCLE,S
IND,208,6592,59453,16/01/2019,11:05:10,15,0,27.8,1.0,212.3,212.0,2,1,1.00,CYCLE,S
IND,208,6592,59453,16/01/2019,11:07:02,15,0,20.7,1.0,111.6,111.4,2,1,1.00,CYCLE,S
IND,208,6592,59453,16/01/2019,11:08:12,15,0,11.9,0.9,70.0,69.8,2,1,1.00,CYCLE,S
IND,208,6592,59453,16/01/2019,11:08:19,15,0,9.6,0.7,6.9,6.6,2,1,1.00,CYCLE,S
IND,208,6592,59453,16/01/2019,11:08:21,15,0,8.4,1.0,2.6,2.3,2,1,1.00,CYCLE,S
IND,208,6592,59453,16/01/2019,11:08:21,15,0,8.4,1.0,0.0,0.0,2,1,1.00,CYCLE,S
IND,208,6592,59453,16/01/2019,11:08:46,15,0,19.3,1.1,24.8,24.2,2,1,1.00,CYCLE,S
IND,208,6592,59453,16/01/2019,11:08:52,15,0,29.3,1.0,6.0,5.8,2,1,1.00,CYCLE,S
IND,208,6592,59453,16/01/2019,11:10:00,15,0,22.0,1.0,67.5,67.3,2,1,1.00,CYCLE,S
IND,208,6592,59453,16/01/2019,11:12:09,15,0,29.3,1.0,128.9,128.8,2,1,1.00,CYCLE,S
IND,208,6592,59453,16/01/2019,11:14:14,15,0,28.6,1.1,125.0,124.9,2,1,1.00,CYCLE,S
IND,208,6592,59453,16/01/2019,11:14:23,15,0,22.4,1.0,9.2,9.1,2,1,1.00,CYCLE,S
IND,208,6592,59452,16/01/2019,11:17:57,15,1,21.3,1.1,1291.1,1290.9,2,1,1.00,CYCLE,N
IND,208,6592,59453,16/01/2019,11:19:39,15,0,16.0,1.1,315.7,315.6,2,1,1.00,CYCLE,S
IND,208,6592,59452,16/01/2019,11:19:52,15,1,20.9,1.1,114.8,114.6,2,1,1.00,CYCLE,N
IND,208,6592,59452,16/01/2019,11:19:53,15,1,21.1,1.1,1.2,1.0,2,1,1.00,CYCLE,N
IND,208,6592,59452,16/01/2019,11:19:54,15,1,18.1,1.1,0.9,0.7,2,1,1.00,CYCLE,N
IND,208,6592,59453,16/01/2019,11:20:00,15,0,17.8,1.0,21.7,21.4,2,1,1.00,CYCLE,S
IND,208,6592,59453,16/01/2019,11:20:00,15,0,17.8,1.0,0.0,0.0,2,1,1.00,CYCLE,S
IND,208,6592,59453,16/01/2019,11:20:01,15,0,18.2,1.1,1.0,0.7,2,1,1.00,CYCLE,S
IND,208,6592,59453,16/01/2019,11:20:03,15,0,18.9,1.0,1.4,1.2,2,1,1.00,CYCLE,S
IND,208,6592,59453,16/01/2019,11:20:03,15,0,18.9,1.0,0.0,0.0,2,1,1.00,CYCLE,S
IND,208,6592,59453,16/01/2019,11:20:04,15,0,18.9,1.1,1.4,1.1,2,1,1.00,CYCLE,S
IND,208,6592,59452,16/01/2019,11:20:48,15,1,21.8,1.0,54.0,53.7,2,1,1.00,CYCLE,N
IND,208,6592,59453,16/01/2019,11:20:59,15,0,21.4,1.1,54.7,54.5,2,1,1.00,CYCLE,S
IND,208,6592,59453,16/01/2019,11:21:39,15,0,19.7,1.0,40.7,40.5,2,1,1.00,CYCLE,S
IND,208,6592,59452,16/01/2019,11:22:13,15,1,26.3,1.1,85.8,85.6,2,1,1.00,CYCLE,N
IND,208,6592,59452,16/01/2019,11:22:29,15,1,23.1,1.0,15.9,15.8,2,1,1.00,CYCLE,N
IND,208,6592,59453,16/01/2019,11:24:36,15,0,29.0,1.0,176.8,176.6,2,1,1.00,CYCLE,S
IND,208,6592,59453,16/01/2019,11:27:21,15,0,20.3,1.0,164.4,164.2,2,1,1.00,CYCLE,S
IND,208,6592,59453,16/01/2019,11:27:22,15,0,23.5,1.0,1.8,1.6,2,1,1.00,CYCLE,S
IND,208,6592,59453,16/01/2019,11:27:27,15,0,21.0,1.1,4.7,4.6,2,1,1.00,CYCLE,S
IND,208,6592,59452,16/01/2019,11:27:48,15,1,20.2,1.1,318.4,318.2,2,1,1.00,CYCLE,N
IND,208,6592,59452,16/01/2019,11:27:48,15,1,20.5,1.0,0.3,0.1,2,1,1.00,CYCLE,N
IND,208,6592,59452,16/01/2019,11:28:07,15,1,24.0,1.0,18.8,18.6,2,1,1.00,CYCLE,N
IND,208,6592,59452,16/01/2019,11:29:15,15,1,33.6,1.0,67.9,67.7,2,1,1.00,CYCLE,N
IND,208,6592,59452,16/01/2019,11:29:27,15,1,24.4,1.1,12.1,12.0,2,1,1.00,CYCLE,N
IND,208,6592,59452,16/01/2019,11:29:37,15,1,23.8,1.1,9.9,9.7,2,1,1.00,CYCLE,N
IND,208,6592,59452,16/01/2019,11:32:55,15,1,18.1,1.1,198.7,198.6,2,1,1.00,CYCLE,N
IND,208,6592,59453,16/01/2019,11:34:10,15,0,31.4,1.0,403.2,403.0,2,1,1.00,CYCLE,S
IND,208,6592,59453,16/01/2019,11:35:05,15,0,14.9,1.1,54.6,54.5,2,1,1.00,CYCLE,S
IND,208,6592,59452,16/01/2019,11:35:26,15,1,26.2,1.2,151.0,150.8,2,1,1.00,CYCLE,N
IND,208,6592,59453,16/01/2019,11:38:44,15,0,25.3,1.0,219.0,218.7,2,1,0.86,CYCLE,S
IND,208,6592,59452,16/01/2019,11:41:08,15,1,18.0,1.1,341.1,340.9,2,1,1.00,CYCLE,N
IND,208,6592,59453,16/01/2019,11:41:48,15,0,21.3,1.1,184.2,184.1,2,1,1.00,CYCLE,S
IND,208,6592,59452,16/01/2019,11:42:06,15,1,10.9,1.0,58.8,58.6,2,1,1.00,CYCLE,N
IND,208,6592,59453,16/01/2019,11:42:38,15,0,24.9,1.0,49.7,49.5,2,1,1.00,CYCLE,S
IND,208,6592,59453,16/01/2019,11:42:43,15,0,16.4,1.0,5.7,5.5,2,1,1.00,CYCLE,S
IND,208,6592,59453,16/01/2019,11:42:52,15,0,23.7,1.1,8.6,8.4,2,1,1.00,CYCLE,S
IND,208,6592,59452,16/01/2019,11:42:54,15,1,20.4,1.1,47.6,47.2,2,1,1.00,CYCLE,N
IND,208,6592,59452,16/01/2019,11:42:57,15,1,18.9,1.0,3.3,3.2,2,1,1.00,CYCLE,N
IND,208,6592,59453,16/01/2019,11:44:45,15,0,21.5,1.1,112.7,112.6,2,1,1.00,CYCLE,S
IND,208,6592,59452,16/01/2019,11:46:41,15,1,21.6,1.0,223.7,223.5,2,1,1.00,CYCLE,N
IND,208,6592,59453,16/01/2019,11:47:37,15,0,20.8,1.1,171.9,171.7,2,1,1.00,CYCLE,S
IND,208,6592,59452,16/01/2019,11:47:48,15,1,1.6,0.0,66.6,67.2,2,1,1.00,CYCLE,N
IND,208,6592,59452,16/01/2019,11:47:59,15,1,24.9,1.0,11.0,10.0,2,1,1.00,CYCLE,N
IND,208,6592,59453,16/01/2019,11:48:10,15,0,25.6,1.0,33.6,33.4,2,1,1.00,CYCLE,S
IND,208,6592,59452,16/01/2019,11:49:45,15,1,27.7,1.0,106.0,105.9,2,1,1.00,CYCLE,N
IND,208,6592,59453,16/01/2019,11:52:09,15,0,31.0,1.0,238.7,238.5,2,1,1.00,CYCLE,S
IND,208,6592,59452,16/01/2019,11:52:20,15,1,18.8,1.1,155.7,155.6,2,1,1.00,CYCLE,N
IND,208,6592,59453,16/01/2019,11:54:06,15,0,40.5,1.0,116.8,116.6,2,1,1.00,CYCLE,S
IND,208,6592,59453,16/01/2019,11:54:07,15,0,31.9,1.0,1.3,1.2,2,1,1.00,CYCLE,S
IND,208,6592,59453,16/01/2019,11:54:10,15,0,24.3,1.1,2.7,2.5,2,1,1.00,CYCLE,S
IND,208,6592,59453,16/01/2019,11:54:18,15,0,26.3,1.0,8.5,8.4,2,1,1.00,CYCLE,S
IND,208,6592,59453,16/01/2019,11:54:19,15,0,27.0,1.1,0.7,0.6,2,1,1.00,CYCLE,S
IND,208,6592,59453,16/01/2019,11:54:19,15,0,21.7,1.0,0.2,0.1,2,1,1.00,CYCLE,S
IND,208,6592,59453,16/01/2019,11:54:23,15,0,17.3,1.1,4.0,3.8,2,1,1.00,CYCLE,S
IND,208,6592,59452,16/01/2019,11:55:56,15,1,21.7,1.0,215.9,215.7,2,1,1.00,CYCLE,N
IND,208,6592,59453,16/01/2019,11:57:47,15,0,16.6,1.1,204.2,203.9,2,1,1.00,CYCLE,S
IND,208,6592,59452,16/01/2019,11:58:26,15,1,23.0,1.1,149.6,149.4,2,1,1.00,CYCLE,N
IND,208,6592,59452,16/01/2019,11:59:05,15,1,16.7,1.1,39.2,39.0,2,1,1.00,CYCLE,N
IND,208,6592,59453,16/01/2019,12:00:08,15,0,31.5,1.0,140.6,140.4,2,1,1.00,CYCLE,S
IND,208,6592,59453,16/01/2019,12:00:22,15,0,23.7,1.0,13.9,13.8,2,1,1.00,CYCLE,S
IND,208,6592,59452,16/01/2019,12:02:19,15,1,19.0,1.0,194.4,194.2,2,1,1.00,CYCLE,N
IND,208,6592,59452,16/01/2019,12:03:47,15,1,27.8,1.0,88.0,87.8,2,1,1.00,CYCLE,N
IND,208,6592,59452,16/01/2019,12:06:11,15,1,22.4,1.1,143.6,143.5,2,1,1.00,CYCLE,N
IND,208,6592,59453,16/01/2019,12:07:04,15,0,24.8,1.0,402.2,402.1,2,1,1.00,CYCLE,S
IND,208,6592,59452,16/01/2019,12:11:35,15,1,23.4,1.0,324.4,324.2,2,1,1.00,CYCLE,N
IND,208,6592,59453,16/01/2019,12:12:01,15,0,28.2,1.0,296.7,296.5,2,1,1.00,CYCLE,S
IND,208,6592,59453,16/01/2019,12:13:01,15,0,23.7,1.1,59.8,59.7,2,1,1.00,CYCLE,S
IND,208,6592,59452,16/01/2019,12:15:25,15,1,28.2,1.1,229.3,229.1,2,1,1.00,CYCLE,N
IND,208,6592,59453,16/01/2019,12:15:58,15,0,26.2,1.0,177.2,177.0,2,1,1.00,CYCLE,S
IND,208,6592,59453,16/01/2019,12:18:36,15,0,17.5,1.0,158.2,158.1,2,1,1.00,CYCLE,S
IND,208,6592,59453,16/01/2019,12:18:36,15,0,17.5,1.0,0.0,0.0,2,1,1.00,CYCLE,S
IND,208,6592,59452,16/01/2019,12:19:15,15,1,15.2,1.0,230.1,230.0,2,1,1.00,CYCLE,N
IND,208,6592,59452,16/01/2019,12:19:16,15,1,14.6,1.0,1.6,1.4,2,1,1.00,CYCLE,N
IND,208,6592,59453,16/01/2019,12:20:16,15,0,21.5,1.0,99.6,99.4,2,1,1.00,CYCLE,S
IND,208,6592,59453,16/01/2019,12:20:17,15,0,22.4,1.0,1.9,1.7,2,1,1.00,CYCLE,S
IND,208,6592,59453,16/01/2019,12:20:57,15,0,24.0,1.1,39.9,39.8,2,1,1.00,CYCLE,S
IND,208,6592,59452,16/01/2019,12:21:32,15,1,27.2,1.0,135.6,135.4,2,1,1.00,CYCLE,N
IND,208,6592,59452,16/01/2019,12:21:36,15,1,22.6,1.1,3.5,3.4,2,1,1.00,CYCLE,N
IND,208,6592,59453,16/01/2019,12:23:10,15,0,4.5,1.0,133.0,132.9,2,1,0.80,CYCLE,S
IND,208,6592,59453,16/01/2019,12:23:43,15,0,20.2,1.2,32.8,31.8,2,1,1.00,CYCLE,S
IND,208,6592,59453,16/01/2019,12:23:44,15,0,19.4,1.2,0.9,0.7,2,1,1.00,CYCLE,S
IND,208,6592,59453,16/01/2019,12:24:28,15,0,13.2,0.8,43.7,43.4,2,1,1.00,CYCLE,S
IND,208,6592,59453,16/01/2019,12:24:48,15,0,19.5,1.1,19.9,19.7,2,1,1.00,CYCLE,S
IND,208,6592,59452,16/01/2019,12:25:31,15,1,22.6,1.1,235.6,235.4,2,1,1.00,CYCLE,N
IND,208,6592,59453,16/01/2019,12:26:46,15,0,21.1,1.1,117.9,117.7,2,1,1.00,CYCLE,S
IND,208,6592,59453,16/01/2019,12:28:07,15,0,25.3,1.0,81.7,81.5,2,1,1.00,CYCLE,S
IND,208,6592,59452,16/01/2019,12:29:09,15,1,26.4,1.1,218.3,218.1,2,1,1.00,CYCLE,N
IND,208,6592,59452,16/01/2019,12:29:23,15,1,22.2,1.1,13.3,13.2,2,1,1.00,CYCLE,N
IND,208,6592,59453,16/01/2019,12:35:57,15,0,21.6,1.0,469.9,469.8,2,1,1.00,CYCLE,S
IND,208,6592,59452,16/01/2019,12:36:45,15,1,25.2,1.0,442.1,441.9,2,1,1.00,CYCLE,N
IND,208,6592,59453,16/01/2019,12:36:48,15,0,20.1,1.1,50.8,50.6,2,1,1.00,CYCLE,S
IND,208,6592,59453,16/01/2019,12:37:14,15,0,21.9,1.0,25.9,25.7,2,1,1.00,CYCLE,S
IND,208,6592,59453,16/01/2019,12:37:32,15,0,23.8,1.1,18.4,18.3,2,1,1.00,CYCLE,S
IND,208,6592,59452,16/01/2019,12:38:26,15,1,24.3,1.0,100.6,100.5,2,1,1.00,CYCLE,N
IND,208,6592,59453,16/01/2019,12:38:30,15,0,20.9,1.1,57.5,57.4,2,1,1.00,CYCLE,S
IND,208,6592,59452,16/01/2019,12:38:34,15,1,23.4,1.0,8.3,8.2,2,1,1.00,CYCLE,N
IND,208,6592,59453,16/01/2019,12:42:34,15,0,22.2,1.1,244.2,244.0,2,1,1.00,CYCLE,S
IND,208,6592,59452,16/01/2019,12:43:07,15,1,17.3,1.1,273.3,273.2,2,1,1.00,CYCLE,N
IND,208,6592,59453,16/01/2019,12:43:29,15,0,22.1,1.0,54.5,54.3,2,1,1.00,CYCLE,S
IND,208,6592,59452,16/01/2019,12:44:40,15,1,26.0,1.0,92.4,92.2,2,1,1.00,CYCLE,N
IND,208,6592,59452,16/01/2019,12:46:13,15,1,25.6,1.0,93.4,93.2,2,1,1.00,CYCLE,N
IND,208,6592,59452,16/01/2019,12:46:26,15,1,24.0,1.1,13.1,13.0,2,1,1.00,CYCLE,N
IND,208,6592,59453,16/01/2019,12:46:28,15,0,29.5,1.0,179.6,179.5,2,1,1.00,CYCLE,S
IND,208,6592,59453,16/01/2019,12:46:30,15,0,32.3,1.0,1.4,1.2,2,1,1.00,CYCLE,S
IND,208,6592,59452,16/01/2019,12:48:25,15,1,24.2,1.0,118.7,118.5,2,1,1.00,CYCLE,N
IND,208,6592,59453,16/01/2019,12:50:38,15,0,22.3,1.1,248.9,248.8,2,1,1.00,CYCLE,S
IND,208,6592,59453,16/01/2019,12:50:49,15,0,23.3,1.1,10.5,10.3,2,1,1.00,CYCLE,S
IND,208,6592,59452,16/01/2019,12:51:53,15,1,24.7,1.0,208.1,208.0,2,1,1.00,CYCLE,N
IND,208,6592,59452,16/01/2019,12:51:54,15,1,25.2,1.0,1.4,1.3,2,1,1.00,CYCLE,N
IND,208,6592,59452,16/01/2019,12:51:56,15,1,25.6,1.0,1.5,1.3,2,1,1.00,CYCLE,N
IND,208,6592,59453,16/01/2019,12:52:11,15,0,15.8,1.0,82.0,81.8,2,1,1.00,CYCLE,S
IND,208,6592,59453,16/01/2019,12:54:02,15,0,19.5,1.1,111.3,111.0,2,1,1.00,CYCLE,S
IND,208,6592,59452,16/01/2019,12:56:21,15,1,19.2,1.1,264.7,264.6,2,1,1.00,CYCLE,N
IND,208,6592,59452,16/01/2019,12:56:22,15,1,18.3,1.0,1.3,1.1,2,1,1.00,CYCLE,N
IND,208,6592,59452,16/01/2019,12:59:40,15,1,25.5,1.0,198.3,198.1,2,1,1.00,CYCLE,N
IND,208,6592,59452,16/01/2019,12:59:40,15,1,25.6,1.0,0.3,0.1,2,1,1.00,CYCLE,N
IND,208,6592,59452,16/01/2019,13:02:08,15,1,21.1,1.1,147.3,147.2,2,1,1.00,CYCLE,N
IND,208,6592,59452,16/01/2019,13:03:12,15,1,35.4,1.0,64.0,63.7,2,1,1.00,CYCLE,N
IND,208,6592,59452,16/01/2019,13:06:01,15,1,20.4,1.0,168.9,168.8,2,1,1.00,CYCLE,N
IND,208,6592,59452,16/01/2019,13:06:03,15,1,21.3,1.1,1.9,1.8,2,1,1.00,CYCLE,N
IND,208,6592,59453,16/01/2019,13:06:03,15,0,23.3,1.1,721.2,721.0,2,1,1.00,CYCLE,S
IND,208,6592,59452,16/01/2019,13:07:31,15,1,11.3,1.0,88.4,88.2,2,1,1.00,CYCLE,N
IND,208,6592,59452,16/01/2019,13:07:31,15,1,11.3,1.0,0.0,0.0,2,1,1.00,CYCLE,N
IND,208,6592,59453,16/01/2019,13:09:04,15,0,27.3,1.1,181.2,181.0,2,1,1.00,CYCLE,S
IND,208,6592,59452,16/01/2019,13:09:24,15,1,18.5,1.1,113.3,112.8,2,1,1.00,CYCLE,N
IND,208,6592,59452,16/01/2019,13:09:26,15,1,17.0,1.1,2.2,2.0,2,1,1.00,CYCLE,N
IND,208,6592,59452,16/01/2019,13:09:55,15,1,22.4,1.0,28.3,28.0,2,1,1.00,CYCLE,N
IND,208,6592,59453,16/01/2019,13:10:55,15,0,25.5,1.1,110.2,110.1,2,1,1.00,CYCLE,S
IND,208,6592,59453,16/01/2019,13:11:16,15,0,25.3,1.1,21.6,21.5,2,1,1.00,CYCLE,S
IND,208,6592,59453,16/01/2019,13:11:29,15,0,17.6,1.1,13.1,12.9,2,1,1.00,CYCLE,S
IND,208,6592,59452,16/01/2019,13:11:44,15,1,28.7,1.1,109.3,109.1,2,1,1.00,CYCLE,N
IND,208,6592,59452,16/01/2019,13:11:50,15,1,28.7,1.0,5.9,5.8,2,1,1.00,CYCLE,N
IND,208,6592,59453,16/01/2019,13:13:54,15,0,20.3,1.1,145.1,144.9,2,1,1.00,CYCLE,S
IND,208,6592,59453,16/01/2019,13:14:10,15,0,21.9,1.1,15.8,15.6,2,1,1.00,CYCLE,S
IND,208,6592,59452,16/01/2019,13:15:37,15,1,17.9,1.1,226.7,226.6,2,1,1.00,CYCLE,N
IND,208,6592,59452,16/01/2019,13:15:40,15,1,20.2,1.1,3.8,3.6,2,1,1.00,CYCLE,N
IND,208,6592,59453,16/01/2019,13:17:07,15,0,23.4,1.0,176.6,176.5,2,1,1.00,CYCLE,S
IND,208,6592,59452,16/01/2019,13:17:15,15,1,29.7,1.0,95.1,94.8,2,1,1.00,CYCLE,N
IND,208,6592,59453,16/01/2019,13:17:36,15,0,18.7,1.0,29.4,29.3,2,1,1.00,CYCLE,S
IND,208,6592,59452,16/01/2019,13:18:56,15,1,28.7,1.0,101.0,100.9,2,1,1.00,CYCLE,N
IND,208,6592,59452,16/01/2019,13:19:33,15,1,22.2,1.0,36.7,36.6,2,1,1.00,CYCLE,N
IND,208,6592,59452,16/01/2019,13:19:33,15,1,22.2,1.0,0.0,0.0,2,1,1.00,CYCLE,N
IND,208,6592,59453,16/01/2019,13:20:17,15,0,19.2,1.0,160.8,160.6,2,1,1.00,CYCLE,S
IND,208,6592,59453,16/01/2019,13:20:18,15,0,17.8,1.0,0.9,0.7,2,1,1.00,CYCLE,S
IND,208,6592,59453,16/01/2019,13:20:20,15,0,17.2,1.0,1.8,1.6,2,1,1.00,CYCLE,S
IND,208,6592,59453,16/01/2019,13:20:22,15,0,16.7,1.1,2.4,2.2,2,1,1.00,CYCLE,S
IND,208,6592,59453,16/01/2019,13:20:23,15,0,17.3,1.0,0.5,0.3,2,1,1.00,CYCLE,S
IND,208,6592,59453,16/01/2019,13:20:24,15,0,16.2,1.0,1.3,1.1,2,1,1.00,CYCLE,S
IND,208,6592,59453,16/01/2019,13:20:25,15,0,16.2,1.0,0.8,0.5,2,1,1.00,CYCLE,S
IND,208,6592,59453,16/01/2019,13:20:30,15,0,16.7,1.0,4.8,4.6,2,1,0.67,CYCLE,S
IND,208,6592,59453,16/01/2019,13:20:30,15,0,16.7,1.0,0.0,0.0,2,1,0.67,CYCLE,S
IND,208,6592,59453,16/01/2019,13:20:32,15,0,16.9,1.0,2.6,2.3,2,1,1.00,CYCLE,S
IND,208,6592,59453,16/01/2019,13:20:32,15,0,16.9,1.0,0.0,0.0,2,1,1.00,CYCLE,S
IND,208,6592,59453,16/01/2019,13:20:32,15,0,16.9,1.0,0.0,0.0,2,1,1.00,CYCLE,S
IND,208,6592,59453,16/01/2019,13:20:32,15,0,16.9,1.0,0.0,0.0,2,1,1.00,CYCLE,S
IND,208,6592,59453,16/01/2019,13:20:37,15,0,30.4,1.1,4.6,2.9,2,1,1.00,CYCLE,S
IND,208,6592,59452,16/01/2019,13:21:15,15,1,31.0,1.0,47.5,47.5,2,1,1.00,CYCLE,N
IND,208,6592,59452,16/01/2019,13:21:21,15,1,24.4,1.1,6.3,6.2,2,1,1.00,CYCLE,N
IND,208,6592,59453,16/01/2019,13:21:59,15,0,25.2,1.0,81.7,81.6,2,1,1.00,CYCLE,S
IND,208,6592,59452,16/01/2019,13:23:00,15,1,18.0,1.1,98.7,98.6,2,1,1.00,CYCLE,N
IND,208,6592,59452,16/01/2019,13:24:58,15,1,23.8,1.1,117.9,117.6,2,1,1.00,CYCLE,N
IND,208,6592,59453,16/01/2019,13:26:09,15,0,23.5,1.1,250.8,250.6,2,1,1.00,CYCLE,S
IND,208,6592,59452,16/01/2019,13:26:58,15,1,27.7,1.0,119.9,119.7,2,1,1.00,CYCLE,N
IND,208,6592,59452,16/01/2019,13:27:19,15,1,21.9,1.0,21.2,21.1,2,1,1.00,CYCLE,N
IND,208,6592,59453,16/01/2019,13:27:35,15,0,16.0,1.0,86.1,85.9,2,1,1.00,CYCLE,S
IND,208,6592,59453,16/01/2019,13:28:44,15,0,20.6,1.0,68.8,68.6,2,1,1.00,CYCLE,S
IND,208,6592,59453,16/01/2019,13:30:23,15,0,21.3,1.1,99.2,99.0,2,1,1.00,CYCLE,S
IND,208,6592,59452,16/01/2019,13:30:39,15,1,27.8,1.1,199.6,199.4,2,1,1.00,CYCLE,N
IND,208,6592,59452,16/01/2019,13:34:31,15,1,33.9,1.1,232.6,232.4,2,1,1.00,CYCLE,N
IND,208,6592,59452,16/01/2019,13:34:34,15,1,28.4,1.1,2.8,2.7,2,1,1.00,CYCLE,N
IND,208,6592,59453,16/01/2019,13:37:02,15,0,24.2,1.1,398.4,398.3,2,1,1.00,CYCLE,S
IND,208,6592,59452,16/01/2019,13:41:57,15,1,28.7,1.0,442.8,442.6,2,1,1.00,CYCLE,N
IND,208,6592,59452,16/01/2019,13:42:07,15,1,20.4,1.0,10.3,10.2,2,1,1.00,CYCLE,N
IND,208,6592,59453,16/01/2019,13:42:26,15,0,13.6,1.0,324.0,323.9,2,1,1.00,CYCLE,S
IND,208,6592,59453,16/01/2019,13:42:47,15,0,18.2,1.1,21.2,20.9,2,1,1.00,CYCLE,S
IND,208,6592,59453,16/01/2019,13:42:49,15,0,18.7,1.1,1.5,1.3,2,1,1.00,CYCLE,S
IND,208,6592,59452,16/01/2019,13:43:14,15,1,12.2,1.0,67.0,66.8,2,1,1.00,CYCLE,N
IND,208,6592,59452,16/01/2019,13:43:18,15,1,13.1,0.9,3.7,3.4,2,1,1.00,CYCLE,N
IND,208,6592,59452,16/01/2019,13:44:57,15,1,28.1,1.1,99.1,98.8,2,1,1.00,CYCLE,N
IND,208,6592,59452,16/01/2019,13:46:31,15,1,25.1,1.1,94.6,94.5,2,1,1.00,CYCLE,N
IND,208,6592,59452,16/01/2019,13:46:43,15,1,28.6,1.0,11.4,11.3,2,1,1.00,CYCLE,N
IND,208,6592,59453,16/01/2019,13:47:48,15,0,21.1,1.0,299.4,299.2,2,1,1.00,CYCLE,S
IND,208,6592,59453,16/01/2019,13:48:21,15,0,21.5,1.2,32.5,32.4,2,1,1.00,CYCLE,S
IND,208,6592,59453,16/01/2019,13:48:26,15,0,15.7,1.0,5.0,4.8,2,1,1.00,CYCLE,S
IND,208,6592,59452,16/01/2019,13:49:59,15,1,32.1,1.0,196.1,195.9,2,1,1.00,CYCLE,N
IND,208,6592,59453,16/01/2019,13:50:21,15,0,22.3,1.0,115.5,115.3,2,1,1.00,CYCLE,S
IND,208,6592,59452,16/01/2019,13:51:52,15,1,31.6,1.0,112.9,112.8,2,1,1.00,CYCLE,N
IND,208,6592,59452,16/01/2019,13:51:58,15,1,26.0,1.1,6.3,6.2,2,1,1.00,CYCLE,N
IND,208,6592,59452,16/01/2019,13:52:20,15,1,18.7,1.1,21.5,21.4,2,1,1.00,CYCLE,N
IND,208,6592,59452,16/01/2019,13:52:36,15,1,18.4,1.1,16.6,16.4,2,1,1.00,CYCLE,N
IND,208,6592,59452,16/01/2019,13:53:46,15,1,24.1,1.0,69.4,69.1,2,1,1.00,CYCLE,N
IND,208,6592,59453,16/01/2019,13:56:00,15,0,24.4,1.0,339.3,339.1,2,1,1.00,CYCLE,S
IND,208,6592,59452,16/01/2019,13:57:51,15,1,13.7,1.0,245.6,245.5,2,1,1.00,CYCLE,N
IND,208,6592,59452,16/01/2019,14:00:36,15,1,25.3,1.0,165.1,164.8,2,1,1.00,CYCLE,N
IND,208,6592,59452,16/01/2019,14:01:26,15,1,22.0,1.1,2.0,2.0,2,1,1.00,CYCLE,N
IND,208,6592,59452,16/01/2019,14:02:25,15,1,27.6,1.1,58.7,58.5,2,1,1.00,CYCLE,N
IND,208,6592,59452,16/01/2019,14:02:26,15,1,26.8,1.1,0.9,0.8,2,1,1.00,CYCLE,N
IND,208,6592,59452,16/01/2019,14:04:32,15,1,23.5,1.0,125.7,125.5,2,1,1.00,CYCLE,N
IND,208,6592,59453,16/01/2019,14:06:08,15,0,15.1,1.0,607.2,607.1,2,1,1.00,CYCLE,S
IND,208,6592,59452,16/01/2019,14:06:16,15,1,30.4,1.0,104.2,104.1,2,1,1.00,CYCLE,N
IND,208,6592,59452,16/01/2019,14:06:16,15,1,26.8,1.1,0.6,0.5,2,1,1.00,CYCLE,N
IND,208,6592,59452,16/01/2019,14:08:18,15,1,25.4,1.1,121.4,121.3,2,1,1.00,CYCLE,N
IND,208,6592,59453,16/01/2019,14:09:07,15,0,15.5,1.0,179.0,178.8,2,1,1.00,CYCLE,S
IND,208,6592,59453,16/01/2019,14:09:31,15,0,30.9,1.0,24.9,24.6,2,1,1.00,CYCLE,S
IND,208,6592,59453,16/01/2019,14:09:37,15,0,27.4,1.1,5.4,5.3,2,1,1.00,CYCLE,S
IND,208,6592,59452,16/01/2019,14:10:03,15,1,30.4,1.0,104.9,104.7,2,1,1.00,CYCLE,N
IND,208,6592,59453,16/01/2019,14:11:07,15,0,21.5,1.1,90.6,90.5,2,1,1.00,CYCLE,S
IND,208,6592,59453,16/01/2019,14:11:47,15,0,26.6,1.0,39.4,39.2,2,1,1.00,CYCLE,S
IND,208,6592,59452,16/01/2019,14:11:55,15,1,32.3,1.1,112.8,112.6,2,1,1.00,CYCLE,N
IND,208,6592,59452,16/01/2019,14:12:11,15,1,25.0,1.0,15.7,15.6,2,1,1.00,CYCLE,N
IND,208,6592,59452,16/01/2019,14:14:23,15,1,26.1,1.0,132.3,132.1,2,1,1.00,CYCLE,N
IND,208,6592,59452,16/01/2019,14:14:56,15,1,19.4,1.1,32.8,32.7,2,1,1.00,CYCLE,N
IND,208,6592,59453,16/01/2019,14:15:46,15,0,23.5,1.0,238.7,238.5,2,1,1.00,CYCLE,S
IND,208,6592,59453,16/01/2019,14:15:57,15,0,23.7,1.1,11.2,11.1,2,1,1.00,CYCLE,S
IND,208,6592,59453,16/01/2019,14:16:00,15,0,25.8,1.0,3.7,3.5,2,1,1.00,CYCLE,S
IND,208,6592,59452,16/01/2019,14:17:18,15,1,26.1,1.0,141.3,141.0,2,1,1.00,CYCLE,N
IND,208,6592,59452,16/01/2019,14:17:19,15,1,26.8,1.1,1.8,1.7,2,1,1.00,CYCLE,N
IND,208,6592,59452,16/01/2019,14:17:21,15,1,25.3,1.0,1.8,1.7,2,1,1.00,CYCLE,N
IND,208,6592,59452,16/01/2019,14:17:24,15,1,20.7,1.1,2.3,2.2,2,1,1.00,CYCLE,N
IND,208,6592,59453,16/01/2019,14:17:43,15,0,21.4,1.0,102.2,102.0,2,1,1.00,CYCLE,S
IND,208,6592,59453,16/01/2019,14:17:45,15,0,20.0,1.0,2.8,2.6,2,1,1.00,CYCLE,S
IND,208,6592,59452,16/01/2019,14:19:45,15,1,27.7,1.1,141.2,141.0,2,1,1.00,CYCLE,N
IND,208,6592,59452,16/01/2019,14:19:54,15,1,31.3,1.0,9.4,9.3,2,1,1.00,CYCLE,N
IND,208,6592,59452,16/01/2019,14:19:55,15,1,16.8,1.0,1.3,1.2,2,1,1.00,CYCLE,N
IND,208,6592,59452,16/01/2019,14:21:26,15,1,25.5,1.1,90.7,90.5,2,1,1.00,CYCLE,N
IND,208,6592,59452,16/01/2019,14:21:27,15,1,27.5,1.1,1.1,0.9,2,1,1.00,CYCLE,N
IND,208,6592,59452,16/01/2019,14:21:32,15,1,21.9,1.0,4.4,4.3,2,1,1.00,CYCLE,N
IND,208,6592,59453,16/01/2019,14:22:18,15,0,21.7,1.0,272.5,272.4,2,1,0.86,CYCLE,S
IND,208,6592,59453,16/01/2019,14:22:19,15,0,20.2,1.1,1.3,0.9,2,1,1.00,CYCLE,S
IND,208,6592,59452,16/01/2019,14:23:30,15,1,22.9,1.0,118.0,117.8,2,1,1.00,CYCLE,N
IND,208,6592,59452,16/01/2019,14:24:13,15,1,26.9,1.1,43.4,43.3,2,1,1.00,CYCLE,N
IND,208,6592,59452,16/01/2019,14:24:14,15,1,26.8,1.0,1.2,1.1,2,1,1.00,CYCLE,N
IND,208,6592,59452,16/01/2019,14:24:18,15,1,20.4,1.1,3.7,3.6,2,1,1.00,CYCLE,N
IND,208,6592,59453,16/01/2019,14:25:49,15,0,27.2,1.0,210.0,209.8,2,1,1.00,CYCLE,S
IND,208,6592,59452,16/01/2019,14:27:37,15,1,27.0,0.8,198.8,198.6,2,1,1.00,CYCLE,N
IND,208,6592,59452,16/01/2019,14:27:38,15,1,22.5,1.1,1.2,1.1,2,1,1.00,CYCLE,N
IND,208,6592,59452,16/01/2019,14:28:02,15,1,30.8,1.0,24.0,23.8,2,1,1.00,CYCLE,N
IND,208,6592,59453,16/01/2019,14:30:02,15,0,29.9,1.0,253.0,252.9,2,1,1.00,CYCLE,S
IND,208,6592,59453,16/01/2019,14:30:07,15,0,29.9,1.1,4.5,4.4,2,1,1.00,CYCLE,S
IND,208,6592,59452,16/01/2019,14:30:08,15,1,26.6,1.1,126.1,126.0,2,1,1.00,CYCLE,N
IND,208,6592,59452,16/01/2019,14:30:17,15,1,24.0,1.1,1.1,0.9,2,1,1.00,CYCLE,N
IND,208,6592,59452,16/01/2019,14:31:31,15,1,21.2,1.1,74.4,74.3,2,1,1.00,CYCLE,N
IND,208,6592,59452,16/01/2019,14:31:49,15,1,28.5,1.0,17.3,17.1,2,1,1.00,CYCLE,N
IND,208,6592,59452,16/01/2019,14:31:57,15,1,25.9,1.1,8.4,8.3,2,1,1.00,CYCLE,N
IND,208,6592,59452,16/01/2019,14:31:58,15,1,25.6,1.1,0.5,0.3,2,1,1.00,CYCLE,N
IND,208,6592,59453,16/01/2019,14:34:51,15,0,12.5,1.0,284.0,284.1,2,1,0.91,CYCLE,S
IND,208,6592,59453,16/01/2019,14:34:51,15,0,12.5,1.0,0.0,0.0,2,1,0.91,CYCLE,S
IND,208,6592,59452,16/01/2019,14:35:12,15,1,22.1,1.1,194.8,194.6,2,1,1.00,CYCLE,N
IND,208,6592,59453,16/01/2019,14:35:16,15,0,21.0,1.0,25.2,23.4,2,1,1.00,CYCLE,S
IND,208,6592,59453,16/01/2019,14:36:05,15,0,22.3,1.0,48.9,48.8,2,1,1.00,CYCLE,S
IND,208,6592,59453,16/01/2019,14:37:22,15,0,28.0,1.1,77.7,77.5,2,1,1.00,CYCLE,S
IND,208,6592,59452,16/01/2019,14:37:37,15,1,23.0,1.0,144.4,144.2,2,1,1.00,CYCLE,N
IND,208,6592,59452,16/01/2019,14:37:38,15,1,32.0,1.0,1.3,1.1,2,1,1.00,CYCLE,N
IND,208,6592,59452,16/01/2019,14:37:41,15,1,29.8,1.1,3.2,3.1,2,1,1.00,CYCLE,N
IND,208,6592,59452,16/01/2019,14:38:47,15,1,15.8,1.1,65.8,65.7,2,1,1.00,CYCLE,N
IND,208,6592,59452,16/01/2019,14:38:50,15,1,15.3,1.1,2.4,2.1,2,1,1.00,CYCLE,N
IND,208,6592,59452,16/01/2019,14:39:40,15,1,26.7,1.0,50.6,50.3,2,1,1.00,CYCLE,N
IND,208,6592,59452,16/01/2019,14:39:40,15,1,26.7,1.0,0.0,0.0,2,1,1.00,CYCLE,N
IND,208,6592,59452,16/01/2019,14:39:59,15,1,22.7,1.1,19.3,19.1,2,1,1.00,CYCLE,N
IND,208,6592,59452,16/01/2019,14:40:02,15,1,23.2,1.1,2.3,2.1,2,1,1.00,CYCLE,N
IND,208,6592,59452,16/01/2019,14:40:27,15,1,27.6,1.1,25.3,25.2,2,1,1.00,CYCLE,N
IND,208,6592,59452,16/01/2019,14:40:38,15,1,19.0,1.0,10.5,10.4,2,1,1.00,CYCLE,N
IND,208,6592,59452,16/01/2019,14:41:30,15,1,30.3,1.1,52.0,51.7,2,1,1.00,CYCLE,N
IND,208,6592,59452,16/01/2019,14:41:46,15,1,24.0,1.1,16.6,16.5,2,1,1.00,CYCLE,N
IND,208,6592,59452,16/01/2019,14:41:48,15,1,31.5,1.1,1.8,1.6,2,1,1.00,CYCLE,N
IND,208,6592,59452,16/01/2019,14:43:03,15,1,24.9,1.0,74.8,74.7,2,1,1.00,CYCLE,N
IND,208,6592,59452,16/01/2019,14:43:05,15,1,19.9,1.1,2.5,2.4,2,1,1.00,CYCLE,N
IND,208,6592,59453,16/01/2019,14:43:08,15,0,22.8,1.0,345.2,345.1,2,1,1.00,CYCLE,S
IND,208,6592,59453,16/01/2019,14:43:58,15,0,26.3,1.1,50.2,50.1,2,1,1.00,CYCLE,S
IND,208,6592,59452,16/01/2019,14:45:40,15,1,32.7,1.1,154.8,154.6,2,1,1.00,CYCLE,N
IND,208,6592,59452,16/01/2019,14:45:43,15,1,31.3,1.0,2.5,2.4,2,1,1.00,CYCLE,N
IND,208,6592,59452,16/01/2019,14:45:48,15,1,28.1,1.0,5.8,5.7,2,1,1.00,CYCLE,N
IND,208,6592,59452,16/01/2019,14:46:28,15,1,23.1,1.1,39.3,39.1,2,1,1.00,CYCLE,N
IND,208,6592,59453,16/01/2019,14:47:00,15,0,23.3,1.0,181.7,181.5,2,1,1.00,CYCLE,S
IND,208,6592,59452,16/01/2019,14:47:02,15,1,25.6,1.0,34.4,34.2,2,1,1.00,CYCLE,N
IND,208,6592,59452,16/01/2019,14:47:05,15,1,21.8,1.1,3.3,3.2,2,1,1.00,CYCLE,N
IND,208,6592,59452,16/01/2019,14:47:22,15,1,30.8,1.0,17.0,16.8,2,1,1.00,CYCLE,N
IND,208,6592,59452,16/01/2019,14:47:39,15,1,24.9,1.1,16.6,16.5,2,1,1.00,CYCLE,N
IND,208,6592,59452,16/01/2019,14:47:52,15,1,23.5,1.0,12.9,12.7,2,1,1.00,CYCLE,N
IND,208,6592,59452,16/01/2019,14:48:04,15,1,22.6,1.0,12.1,12.0,2,1,1.00,CYCLE,N
IND,208,6592,59452,16/01/2019,14:49:14,15,1,30.1,1.1,70.0,69.8,2,1,1.00,CYCLE,N
IND,208,6592,59452,16/01/2019,14:49:18,15,1,31.3,1.0,4.2,4.1,2,1,1.00,CYCLE,N
IND,208,6592,59452,16/01/2019,14:49:19,15,1,32.1,1.1,0.3,0.1,2,1,1.00,CYCLE,N
IND,208,6592,59452,16/01/2019,14:49:36,15,1,26.3,1.1,17.6,17.5,2,1,1.00,CYCLE,N
IND,208,6592,59452,16/01/2019,14:49:52,15,1,20.6,1.1,15.4,15.3,2,1,1.00,CYCLE,N
IND,208,6592,59452,16/01/2019,14:49:53,15,1,23.2,1.1,1.1,0.9,2,1,1.00,CYCLE,N
IND,208,6592,59452,16/01/2019,14:50:31,15,1,28.1,1.0,38.1,37.9,2,1,1.00,CYCLE,N
IND,208,6592,59453,16/01/2019,14:50:54,15,0,23.1,1.0,234.2,234.0,2,1,1.00,CYCLE,S
IND,208,6592,59452,16/01/2019,14:51:35,15,1,26.6,1.1,64.4,64.3,2,1,1.00,CYCLE,N
IND,208,6592,59452,16/01/2019,14:52:53,15,1,22.9,1.1,77.6,77.5,2,1,1.00,CYCLE,N
IND,208,6592,59452,16/01/2019,14:53:29,15,1,31.2,1.0,36.1,35.9,2,1,1.00,CYCLE,N
IND,208,6592,59452,16/01/2019,14:53:32,15,1,30.7,1.0,2.7,2.6,2,1,1.00,CYCLE,N
IND,208,6592,59452,16/01/2019,14:53:35,15,1,29.3,1.0,3.2,3.1,2,1,1.00,CYCLE,N
IND,208,6592,59452,16/01/2019,14:53:39,15,1,31.5,1.0,3.7,3.6,2,1,1.00,CYCLE,N
IND,208,6592,59453,16/01/2019,14:53:45,15,0,17.7,1.1,171.0,170.9,2,1,1.00,CYCLE,S
IND,208,6592,59452,16/01/2019,14:54:52,15,1,26.7,1.0,73.8,73.7,2,1,1.00,CYCLE,N
IND,208,6592,59453,16/01/2019,14:55:06,15,0,25.3,1.0,81.0,80.8,2,1,1.00,CYCLE,S
IND,208,6592,59452,16/01/2019,14:55:35,15,1,33.8,1.1,42.8,42.7,2,1,1.00,CYCLE,N
IND,208,6592,59452,16/01/2019,14:55:43,15,1,32.4,1.0,7.8,7.7,2,1,1.00,CYCLE,N
IND,208,6592,59452,16/01/2019,14:56:08,15,1,26.2,1.0,24.7,24.6,2,1,1.00,CYCLE,N
IND,208,6592,59453,16/01/2019,14:56:52,15,0,23.0,1.0,106.3,106.2,2,1,1.00,CYCLE,S
IND,208,6592,59452,16/01/2019,14:56:59,15,1,22.3,1.0,50.8,50.7,2,1,1.00,CYCLE,N
IND,208,6592,59452,16/01/2019,14:57:33,15,1,33.3,1.0,34.6,34.5,2,1,1.00,CYCLE,N
IND,208,6592,59453,16/01/2019,14:57:40,15,0,22.0,1.1,48.1,47.9,2,1,1.00,CYCLE,S
IND,208,6592,59452,16/01/2019,14:58:38,15,1,30.4,1.0,64.4,64.3,2,1,1.00,CYCLE,N
IND,208,6592,59452,16/01/2019,14:58:39,15,1,29.9,1.0,1.2,1.1,2,1,1.00,CYCLE,N
IND,208,6592,59452,16/01/2019,14:58:43,15,1,23.8,1.1,4.5,4.4,2,1,1.00,CYCLE,N
IND,208,6592,59452,16/01/2019,14:58:47,15,1,22.5,1.0,3.6,3.5,2,1,1.00,CYCLE,N
IND,208,6592,59452,16/01/2019,14:58:49,15,1,22.2,1.0,1.8,1.6,2,1,1.00,CYCLE,N
IND,208,6592,59452,16/01/2019,14:59:32,15,1,29.9,1.1,43.1,42.9,2,1,1.00,CYCLE,N
IND,208,6592,59452,16/01/2019,14:59:32,15,1,31.2,1.0,0.6,0.5,2,1,1.00,CYCLE,N
IND,208,6592,59452,16/01/2019,14:59:34,15,1,32.8,1.0,1.2,1.1,2,1,1.00,CYCLE,N
IND,208,6592,59452,16/01/2019,14:59:36,15,1,31.9,1.0,2.7,2.6,2,1,1.00,CYCLE,N
IND,208,6592,59453,16/01/2019,15:00:11,15,0,25.8,1.0,150.6,150.4,2,1,1.00,CYCLE,S
IND,208,6592,59453,16/01/2019,15:00:45,15,0,31.0,1.0,33.6,33.5,2,1,1.00,CYCLE,S
IND,208,6592,59452,16/01/2019,15:00:47,15,1,23.2,1.1,70.4,70.3,2,1,1.00,CYCLE,N
IND,208,6592,59452,16/01/2019,15:01:19,15,1,31.1,1.1,32.2,32.0,2,1,1.00,CYCLE,N
IND,208,6592,59452,16/01/2019,15:01:24,15,1,27.7,1.1,4.8,4.7,2,1,1.00,CYCLE,N
IND,208,6592,59453,16/01/2019,15:01:38,15,0,24.0,1.1,53.9,53.8,2,1,1.00,CYCLE,S
IND,208,6592,59452,16/01/2019,15:01:43,15,1,23.2,1.1,18.9,18.8,2,1,1.00,CYCLE,N
IND,208,6592,59453,16/01/2019,15:01:54,15,0,25.9,1.0,15.6,15.4,2,1,1.00,CYCLE,S
IND,208,6592,59452,16/01/2019,15:02:31,15,1,24.7,1.0,48.0,47.8,2,1,1.00,CYCLE,N
IND,208,6592,59452,16/01/2019,15:02:48,15,1,24.4,1.0,17.8,17.6,2,1,1.00,CYCLE,N
IND,208,6592,59452,16/01/2019,15:03:11,15,1,30.8,1.0,22.5,22.3,2,1,1.00,CYCLE,N
IND,208,6592,59452,16/01/2019,15:03:11,15,1,30.6,1.0,0.4,0.3,2,1,1.00,CYCLE,N
IND,208,6592,59453,16/01/2019,15:03:18,15,0,26.8,1.1,83.5,83.4,2,1,1.00,CYCLE,S
IND,208,6592,59452,16/01/2019,15:03:46,15,1,23.2,1.1,35.3,35.2,2,1,1.00,CYCLE,N
IND,208,6592,59452,16/01/2019,15:03:54,15,1,27.0,1.1,7.6,7.4,2,1,1.00,CYCLE,N
IND,208,6592,59452,16/01/2019,15:03:58,15,1,17.4,1.0,3.8,3.7,2,1,1.00,CYCLE,N
IND,208,6592,59452,16/01/2019,15:05:02,15,1,35.9,1.0,64.1,63.8,2,1,1.00,CYCLE,N
IND,208,6592,59452,16/01/2019,15:05:21,15,1,29.7,1.0,19.2,19.2,2,1,1.00,CYCLE,N
IND,208,6592,59453,16/01/2019,15:05:53,15,0,18.5,1.0,155.3,155.2,2,1,0.67,CYCLE,S
IND,208,6592,59453,16/01/2019,15:05:53,15,0,18.5,1.0,0.0,0.0,2,1,0.67,CYCLE,S
IND,208,6592,59452,16/01/2019,15:07:05,15,1,21.5,1.1,103.9,103.8,2,1,1.00,CYCLE,N
IND,208,6592,59452,16/01/2019,15:07:21,15,1,37.6,1.0,15.5,15.3,2,1,1.00,CYCLE,N
IND,208,6592,59452,16/01/2019,15:07:25,15,1,32.1,1.0,4.2,4.1,2,1,1.00,CYCLE,N
IND,208,6592,59452,16/01/2019,15:07:30,15,1,29.6,1.0,5.6,5.5,2,1,1.00,CYCLE,N
IND,208,6592,59452,16/01/2019,15:07:36,15,1,29.9,1.0,5.4,5.3,2,1,1.00,CYCLE,N
IND,208,6592,59452,16/01/2019,15:07:42,15,1,29.0,1.1,6.2,6.0,2,1,1.00,CYCLE,N
IND,208,6592,59453,16/01/2019,15:09:07,15,0,25.6,1.1,194.1,193.8,2,1,1.00,CYCLE,S
IND,208,6592,59453,16/01/2019,15:09:49,15,0,19.6,1.1,36.5,36.3,2,1,1.00,CYCLE,S
IND,208,6592,59452,16/01/2019,15:10:33,15,1,26.2,1.1,66.9,66.8,2,1,1.00,CYCLE,N
IND,208,6592,59452,16/01/2019,15:10:35,15,1,23.6,1.0,1.8,1.7,2,1,1.00,CYCLE,N
IND,208,6592,59452,16/01/2019,15:10:39,15,1,20.4,1.1,4.3,4.1,2,1,1.00,CYCLE,N
IND,208,6592,59452,16/01/2019,15:10:42,15,1,20.1,1.1,2.8,2.6,2,1,1.00,CYCLE,N
IND,208,6592,59452,16/01/2019,15:11:16,15,1,28.3,1.0,34.8,34.5,2,1,1.00,CYCLE,N
IND,208,6592,59452,16/01/2019,15:11:18,15,1,27.3,1.1,1.8,1.7,2,1,1.00,CYCLE,N
IND,208,6592,59452,16/01/2019,15:11:25,15,1,27.6,1.0,6.8,6.6,2,1,1.00,CYCLE,N
IND,208,6592,59452,16/01/2019,15:11:57,15,1,17.1,1.1,32.1,32.0,2,1,1.00,CYCLE,N
IND,208,6592,59453,16/01/2019,15:13:02,15,0,25.7,1.1,193.4,193.2,2,1,1.00,CYCLE,S
IND,208,6592,59452,16/01/2019,15:13:08,15,1,28.5,1.0,71.1,70.8,2,1,1.00,CYCLE,N
IND,208,6592,59452,16/01/2019,15:13:28,15,1,23.7,1.0,19.8,19.7,2,1,1.00,CYCLE,N
IND,208,6592,59452,16/01/2019,15:13:33,15,1,25.2,1.1,4.8,4.6,2,1,1.00,CYCLE,N
IND,208,6592,59452,16/01/2019,15:13:54,15,1,25.4,1.1,21.2,21.0,2,1,1.00,CYCLE,N
IND,208,6592,59453,16/01/2019,15:14:48,15,0,24.6,1.0,105.2,105.1,2,1,1.00,CYCLE,S
IND,208,6592,59452,16/01/2019,15:15:06,15,1,41.2,1.1,72.0,71.9,2,1,1.00,CYCLE,N
IND,208,6592,59452,16/01/2019,15:15:12,15,1,34.6,1.0,5.7,5.7,2,1,1.00,CYCLE,N
IND,208,6592,59452,16/01/2019,15:15:23,15,1,43.2,1.0,11.5,11.4,2,1,1.00,CYCLE,N
IND,208,6592,59452,16/01/2019,15:15:24,15,1,29.5,1.1,0.4,0.4,2,1,1.00,CYCLE,N
IND,208,6592,59452,16/01/2019,15:15:25,15,1,27.7,1.1,1.2,1.1,2,1,1.00,CYCLE,N
IND,208,6592,59452,16/01/2019,15:15:29,15,1,25.9,1.1,4.2,4.0,2,1,1.00,CYCLE,N
IND,208,6592,59452,16/01/2019,15:15:32,15,1,25.4,1.1,2.6,2.5,2,1,1.00,CYCLE,N
IND,208,6592,59453,16/01/2019,15:15:54,15,0,21.5,1.1,65.9,65.8,2,1,1.00,CYCLE,S
IND,208,6592,59452,16/01/2019,15:16:54,15,1,28.9,1.1,82.0,81.8,2,1,1.00,CYCLE,N
IND,208,6592,59452,16/01/2019,15:16:58,15,1,26.6,1.1,4.2,4.1,2,1,1.00,CYCLE,N
IND,208,6592,59452,16/01/2019,15:16:59,15,1,20.2,1.1,0.7,0.5,2,1,1.00,CYCLE,N
IND,208,6592,59452,16/01/2019,15:17:09,15,1,33.0,1.1,10.3,10.1,2,1,1.00,CYCLE,N
IND,208,6592,59453,16/01/2019,15:17:15,15,0,21.9,1.0,81.3,81.2,2,1,1.00,CYCLE,S
IND,208,6592,59452,16/01/2019,15:17:16,15,1,32.8,1.0,7.0,6.9,2,1,1.00,CYCLE,N
IND,208,6592,59452,16/01/2019,15:17:17,15,1,31.6,1.0,1.7,1.6,2,1,1.00,CYCLE,N
IND,208,6592,59452,16/01/2019,15:17:36,15,1,24.1,1.1,18.7,18.6,2,1,1.00,CYCLE,N
IND,208,6592,59452,16/01/2019,15:18:49,15,1,19.0,1.1,72.7,72.6,2,1,1.00,CYCLE,N
IND,208,6592,59452,16/01/2019,15:18:55,15,1,30.8,1.1,6.6,6.3,2,1,1.00,CYCLE,N
IND,208,6592,59452,16/01/2019,15:19:02,15,1,30.3,1.0,6.3,6.1,2,1,1.00,CYCLE,N
IND,208,6592,59452,16/01/2019,15:19:05,15,1,27.9,1.1,3.4,3.2,2,1,1.00,CYCLE,N
IND,208,6592,59452,16/01/2019,15:19:11,15,1,25.2,1.0,5.7,5.6,2,1,1.00,CYCLE,N
IND,208,6592,59452,16/01/2019,15:19:13,15,1,25.8,1.0,2.1,1.9,2,1,1.00,CYCLE,N
IND,208,6592,59452,16/01/2019,15:19:14,15,1,26.4,1.1,1.4,1.2,2,1,1.00,CYCLE,N
IND,208,6592,59452,16/01/2019,15:19:15,15,1,26.7,1.0,0.8,0.6,2,1,1.00,CYCLE,N
IND,208,6592,59452,16/01/2019,15:19:18,15,1,26.2,1.0,3.2,3.0,2,1,1.00,CYCLE,N
IND,208,6592,59452,16/01/2019,15:19:21,15,1,25.7,1.1,3.0,2.8,2,1,1.00,CYCLE,N
IND,208,6592,59453,16/01/2019,15:19:26,15,0,20.6,1.1,131.0,130.8,2,1,1.00,CYCLE,S
IND,208,6592,59452,16/01/2019,15:19:34,15,1,20.3,1.0,12.3,12.2,2,1,1.00,CYCLE,N
IND,208,6592,59452,16/01/2019,15:19:36,15,1,21.2,1.0,2.5,2.3,2,1,1.00,CYCLE,N
IND,208,6592,59453,16/01/2019,15:20:25,15,0,19.4,1.1,58.6,58.4,2,1,1.00,CYCLE,S
IND,208,6592,59453,16/01/2019,15:20:40,15,0,31.6,1.1,15.6,15.4,2,1,1.00,CYCLE,S
IND,208,6592,59452,16/01/2019,15:21:07,15,1,31.3,1.0,91.4,91.2,2,1,1.00,CYCLE,N
IND,208,6592,59452,16/01/2019,15:21:08,15,1,34.0,1.0,0.9,0.8,2,1,1.00,CYCLE,N
IND,208,6592,59452,16/01/2019,15:21:14,15,1,28.6,1.0,5.9,5.8,2,1,1.00,CYCLE,N
IND,208,6592,59452,16/01/2019,15:21:15,15,1,28.2,1.1,0.3,0.2,2,1,1.00,CYCLE,N
IND,208,6592,59452,16/01/2019,15:21:15,15,1,31.1,1.0,0.8,0.7,2,1,1.00,CYCLE,N
IND,208,6592,59452,16/01/2019,15:21:19,15,1,34.3,1.0,3.7,3.6,2,1,1.00,CYCLE,N
IND,208,6592,59452,16/01/2019,15:21:21,15,1,29.6,1.1,1.5,1.4,2,1,1.00,CYCLE,N
IND,208,6592,59452,16/01/2019,15:21:29,15,1,26.2,1.1,8.2,8.0,2,1,1.00,CYCLE,N
IND,208,6592,59452,16/01/2019,15:23:07,15,1,31.6,1.1,98.8,98.6,2,1,1.00,CYCLE,N
IND,208,6592,59452,16/01/2019,15:23:21,15,1,28.0,1.1,13.1,13.0,2,1,1.00,CYCLE,N
IND,208,6592,59452,16/01/2019,15:23:22,15,1,27.0,1.1,1.5,1.4,2,1,1.00,CYCLE,N
IND,208,6592,59452,16/01/2019,15:23:28,15,1,27.1,1.1,3.1,2.9,2,1,1.00,CYCLE,N
IND,208,6592,59452,16/01/2019,15:23:39,15,1,26.7,1.0,10.5,10.4,2,1,1.00,CYCLE,N
IND,208,6592,59453,16/01/2019,15:23:40,15,0,23.6,1.1,180.1,179.9,2,1,1.00,CYCLE,S
IND,208,6592,59452,16/01/2019,15:23:47,15,1,20.9,1.0,8.5,8.4,2,1,1.00,CYCLE,N
IND,208,6592,59452,16/01/2019,15:24:55,15,1,25.5,1.1,68.1,67.9,2,1,1.00,CYCLE,N
IND,208,6592,59452,16/01/2019,15:24:58,15,1,26.7,1.1,2.4,2.3,2,1,1.00,CYCLE,N
IND,208,6592,59452,16/01/2019,15:24:59,15,1,25.8,1.1,1.8,1.6,2,1,1.00,CYCLE,N
IND,208,6592,59452,16/01/2019,15:25:02,15,1,20.2,1.0,3.1,2.9,2,1,0.50,CYCLE,N
IND,208,6592,59453,16/01/2019,15:25:02,15,0,20.2,1.0,0.0,0.0,2,1,0.50,CYCLE,S
IND,208,6592,59452,16/01/2019,15:25:09,15,1,29.7,1.0,6.5,6.2,2,1,1.00,CYCLE,N
IND,208,6592,59452,16/01/2019,15:25:11,15,1,29.0,1.0,2.3,2.2,2,1,1.00,CYCLE,N
IND,208,6592,59452,16/01/2019,15:25:27,15,1,27.5,1.1,15.6,15.5,2,1,1.00,CYCLE,N
IND,208,6592,59452,16/01/2019,15:25:27,15,1,23.8,1.1,0.6,0.5,2,1,1.00,CYCLE,N
IND,208,6592,59452,16/01/2019,15:25:30,15,1,25.5,1.0,2.5,2.3,2,1,1.00,CYCLE,N
IND,208,6592,59452,16/01/2019,15:25:32,15,1,30.9,1.0,2.1,1.9,2,1,1.00,CYCLE,N
IND,208,6592,59452,16/01/2019,15:25:32,15,1,26.5,1.0,0.5,0.4,2,1,1.00,CYCLE,N
IND,208,6592,59452,16/01/2019,15:25:33,15,1,26.6,1.1,0.9,0.8,2,1,1.00,CYCLE,N
IND,208,6592,59452,16/01/2019,15:26:21,15,1,25.8,1.0,47.1,47.0,2,1,1.00,CYCLE,N
IND,208,6592,59452,16/01/2019,15:26:29,15,1,18.7,1.1,8.3,8.2,2,1,1.00,CYCLE,N
IND,208,6592,59453,16/01/2019,15:26:58,15,0,23.3,1.1,198.1,198.0,2,1,1.00,CYCLE,S
IND,208,6592,59452,16/01/2019,15:27:04,15,1,32.1,1.0,35.2,35.0,2,1,1.00,CYCLE,N
IND,208,6592,59452,16/01/2019,15:27:10,15,1,27.9,1.0,5.8,5.7,2,1,1.00,CYCLE,N
IND,208,6592,59452,16/01/2019,15:27:10,15,1,28.6,1.0,0.5,0.4,2,1,1.00,CYCLE,N
IND,208,6592,59452,16/01/2019,15:27:11,15,1,26.5,1.1,0.3,0.2,2,1,1.00,CYCLE,N
IND,208,6592,59452,16/01/2019,15:27:19,15,1,26.2,1.0,8.1,8.0,2,1,1.00,CYCLE,N
IND,208,6592,59453,16/01/2019,15:27:21,15,0,21.7,1.0,23.0,22.8,2,1,1.00,CYCLE,S
IND,208,6592,59452,16/01/2019,15:27:23,15,1,23.1,1.0,4.3,4.2,2,1,1.00,CYCLE,N
IND,208,6592,59452,16/01/2019,15:27:32,15,1,22.0,1.1,8.4,8.2,2,1,1.00,CYCLE,N
IND,208,6592,59453,16/01/2019,15:27:36,15,0,26.6,1.0,14.4,14.2,2,1,1.00,CYCLE,S
IND,208,6592,59453,16/01/2019,15:28:02,15,0,20.0,1.0,26.2,26.0,2,1,1.00,CYCLE,S
IND,208,6592,59452,16/01/2019,15:28:52,15,1,24.5,1.0,80.2,80.0,2,1,1.00,CYCLE,N
IND,208,6592,59452,16/01/2019,15:29:06,15,1,32.2,1.0,6.1,5.9,2,1,1.00,CYCLE,N
IND,208,6592,59452,16/01/2019,15:29:10,15,1,29.4,1.1,4.6,4.4,2,1,1.00,CYCLE,N
IND,208,6592,59452,16/01/2019,15:29:11,15,1,30.1,1.1,1.2,1.0,2,1,1.00,CYCLE,N
IND,208,6592,59452,16/01/2019,15:29:12,15,1,30.2,1.0,1.2,1.1,2,1,1.00,CYCLE,N
IND,208,6592,59452,16/01/2019,15:29:18,15,1,30.3,1.1,5.2,5.1,2,1,1.00,CYCLE,N
IND,208,6592,59452,16/01/2019,15:29:23,15,1,33.6,1.0,5.3,5.2,2,1,1.00,CYCLE,N
IND,208,6592,59452,16/01/2019,15:29:26,15,1,25.9,1.1,3.4,3.3,2,1,1.00,CYCLE,N
IND,208,6592,59452,16/01/2019,15:29:36,15,1,24.3,1.1,9.2,9.1,2,1,1.00,CYCLE,N
IND,208,6592,59452,16/01/2019,15:29:41,15,1,23.8,1.1,5.4,5.3,2,1,1.00,CYCLE,N
IND,208,6592,59452,16/01/2019,15:29:43,15,1,25.5,1.1,1.8,1.6,2,1,1.00,CYCLE,N
IND,208,6592,59453,16/01/2019,15:29:46,15,0,26.1,1.1,104.5,104.3,2,1,1.00,CYCLE,S
IND,208,6592,59453,16/01/2019,15:29:51,15,0,25.5,1.1,4.2,4.0,2,1,1.00,CYCLE,S
IND,208,6592,59452,16/01/2019,15:30:43,15,1,28.2,1.0,18.7,18.4,2,1,1.00,CYCLE,N
IND,208,6592,59452,16/01/2019,15:30:57,15,1,32.9,1.0,13.6,13.5,2,1,1.00,CYCLE,N
IND,208,6592,59452,16/01/2019,15:31:09,15,1,29.6,1.0,11.9,11.8,2,1,1.00,CYCLE,N
IND,208,6592,59452,16/01/2019,15:31:11,15,1,28.0,1.0,2.2,2.1,2,1,1.00,CYCLE,N
IND,208,6592,59452,16/01/2019,15:31:12,15,1,27.5,1.1,0.7,0.6,2,1,1.00,CYCLE,N
IND,208,6592,59452,16/01/2019,15:31:13,15,1,28.0,1.1,1.1,0.9,2,1,1.00,CYCLE,N
IND,208,6592,59452,16/01/2019,15:31:13,15,1,27.9,1.1,0.8,0.7,2,1,1.00,CYCLE,N
IND,208,6592,59452,16/01/2019,15:31:19,15,1,36.4,1.0,5.2,5.0,2,1,1.00,CYCLE,N
IND,208,6592,59452,16/01/2019,15:31:19,15,1,32.2,1.0,0.4,0.3,2,1,1.00,CYCLE,N
IND,208,6592,59453,16/01/2019,15:31:25,15,0,27.4,1.0,94.4,94.3,2,1,1.00,CYCLE,S
IND,208,6592,59452,16/01/2019,15:31:26,15,1,28.6,1.0,7.4,7.3,2,1,1.00,CYCLE,N
IND,208,6592,59452,16/01/2019,15:31:35,15,1,25.1,1.1,8.4,8.2,2,1,1.00,CYCLE,N
IND,208,6592,59452,16/01/2019,15:33:03,15,1,32.2,1.0,88.8,88.6,2,1,1.00,CYCLE,N
IND,208,6592,59452,16/01/2019,15:33:08,15,1,30.7,1.1,4.1,4.0,2,1,1.00,CYCLE,N
IND,208,6592,59453,16/01/2019,15:33:11,15,0,23.2,1.0,105.8,105.7,2,1,1.00,CYCLE,S
IND,208,6592,59452,16/01/2019,15:33:15,15,1,28.4,1.0,7.0,6.9,2,1,1.00,CYCLE,N
IND,208,6592,59452,16/01/2019,15:33:18,15,1,30.0,1.0,3.5,3.4,2,1,1.00,CYCLE,N
IND,208,6592,59452,16/01/2019,15:33:19,15,1,28.9,1.1,1.2,1.1,2,1,1.00,CYCLE,N
IND,208,6592,59452,16/01/2019,15:33:30,15,1,27.7,1.1,10.7,10.6,2,1,1.00,CYCLE,N
IND,208,6592,59452,16/01/2019,15:33:38,15,1,21.3,1.1,8.2,8.1,2,1,1.00,CYCLE,N
IND,208,6592,59452,16/01/2019,15:34:20,15,1,27.8,1.1,42.2,42.0,2,1,1.00,CYCLE,N
IND,208,6592,59452,16/01/2019,15:34:55,15,1,17.3,1.0,34.4,34.3,2,1,1.00,CYCLE,N
IND,208,6592,59452,16/01/2019,15:35:08,15,1,35.6,1.0,12.9,12.7,2,1,1.00,CYCLE,N
IND,208,6592,59452,16/01/2019,15:35:13,15,1,29.9,1.0,5.2,5.1,2,1,1.00,CYCLE,N
IND,208,6592,59452,16/01/2019,15:35:13,15,1,29.9,1.0,0.0,0.0,2,1,1.00,CYCLE,N
IND,208,6592,59452,16/01/2019,15:35:14,15,1,31.8,1.1,0.6,0.3,2,1,1.00,CYCLE,N
IND,208,6592,59452,16/01/2019,15:35:14,15,1,32.1,1.0,0.5,0.4,2,1,1.00,CYCLE,N
IND,208,6592,59452,16/01/2019,15:35:16,15,1,28.8,1.1,2.0,1.9,2,1,1.00,CYCLE,N
IND,208,6592,59452,16/01/2019,15:35:17,15,1,30.6,1.0,0.7,0.6,2,1,1.00,CYCLE,N
IND,208,6592,59452,16/01/2019,15:35:19,15,1,29.9,1.1,2.2,2.1,2,1,1.00,CYCLE,N
IND,208,6592,59452,16/01/2019,15:35:21,15,1,26.6,1.0,2.5,2.4,2,1,0.86,CYCLE,N
IND,208,6592,59452,16/01/2019,15:35:25,15,1,32.0,1.0,0.6,0.6,2,1,1.00,CYCLE,N
IND,208,6592,59452,16/01/2019,15:35:28,15,1,26.7,1.1,3.1,3.0,2,1,1.00,CYCLE,N
IND,208,6592,59452,16/01/2019,15:35:34,15,1,26.0,1.0,5.5,5.3,2,1,1.00,CYCLE,N
IND,208,6592,59452,16/01/2019,15:37:18,15,1,30.9,1.1,104.0,103.9,2,1,1.00,CYCLE,N
IND,208,6592,59452,16/01/2019,15:37:18,15,1,31.1,1.1,0.3,0.2,2,1,1.00,CYCLE,N
IND,208,6592,59452,16/01/2019,15:37:26,15,1,31.7,1.0,8.1,8.0,2,1,1.00,CYCLE,N
IND,208,6592,59452,16/01/2019,15:37:28,15,1,27.4,1.1,1.7,1.6,2,1,1.00,CYCLE,N
IND,208,6592,59452,16/01/2019,15:37:30,15,1,28.6,1.1,2.3,2.1,2,1,1.00,CYCLE,N
IND,208,6592,59452,16/01/2019,15:37:33,15,1,24.1,1.1,2.7,2.5,2,1,1.00,CYCLE,N
IND,208,6592,59453,16/01/2019,15:38:45,15,0,25.0,1.0,334.6,334.4,2,1,1.00,CYCLE,S
IND,208,6592,59452,16/01/2019,15:38:50,15,1,25.1,1.1,77.8,77.6,2,1,1.00,CYCLE,N
IND,208,6592,59452,16/01/2019,15:38:53,15,1,20.5,1.1,2.2,2.1,2,1,1.00,CYCLE,N
IND,208,6592,59452,16/01/2019,15:39:11,15,1,32.4,1.0,18.2,17.9,2,1,1.00,CYCLE,N
IND,208,6592,59452,16/01/2019,15:39:11,15,1,32.1,1.0,0.4,0.3,2,1,1.00,CYCLE,N
IND,208,6592,59452,16/01/2019,15:39:12,15,1,34.3,1.0,0.6,0.5,2,1,1.00,CYCLE,N
IND,208,6592,59452,16/01/2019,15:39:14,15,1,36.8,1.0,1.7,1.6,2,1,1.00,CYCLE,N
IND,208,6592,59452,16/01/2019,15:39:16,15,1,31.3,1.0,2.5,2.4,2,1,1.00,CYCLE,N
IND,208,6592,59452,16/01/2019,15:39:16,15,1,30.6,1.1,0.3,0.2,2,1,1.00,CYCLE,N
IND,208,6592,59452,16/01/2019,15:39:20,15,1,33.7,1.1,3.4,3.2,2,1,1.00,CYCLE,N
IND,208,6592,59453,16/01/2019,15:39:35,15,0,21.0,1.1,49.1,49.0,2,1,1.00,CYCLE,S
IND,208,6592,59452,16/01/2019,15:40:50,15,1,27.0,1.1,90.2,90.1,2,1,1.00,CYCLE,N
IND,208,6592,59453,16/01/2019,15:40:54,15,0,19.2,1.1,79.0,78.8,2,1,1.00,CYCLE,S
IND,208,6592,59452,16/01/2019,15:40:55,15,1,22.9,1.1,4.9,4.8,2,1,1.00,CYCLE,N
IND,208,6592,59453,16/01/2019,15:41:00,15,0,25.1,1.0,6.3,6.1,2,1,1.00,CYCLE,S
IND,208,6592,59452,16/01/2019,15:41:02,15,1,31.5,1.0,6.8,6.6,2,1,1.00,CYCLE,N
IND,208,6592,59452,16/01/2019,15:41:03,15,1,29.3,1.0,1.6,1.4,2,1,1.00,CYCLE,N
IND,208,6592,59452,16/01/2019,15:41:12,15,1,27.0,1.0,8.5,8.4,2,1,1.00,CYCLE,N
IND,208,6592,59452,16/01/2019,15:41:16,15,1,30.6,1.0,4.2,4.1,2,1,1.00,CYCLE,N
IND,208,6592,59452,16/01/2019,15:41:20,15,1,25.7,1.1,3.8,3.7,2,1,1.00,CYCLE,N
IND,208,6592,59452,16/01/2019,15:41:28,15,1,25.8,1.1,8.0,7.8,2,1,1.00,CYCLE,N
IND,208,6592,59452,16/01/2019,15:41:33,15,1,19.6,1.1,4.9,4.7,2,1,1.00,CYCLE,N
IND,208,6592,59452,16/01/2019,15:42:19,15,1,23.3,1.1,46.7,46.5,2,1,1.00,CYCLE,N
IND,208,6592,59452,16/01/2019,15:43:19,15,1,31.8,1.0,59.4,59.3,2,1,1.00,CYCLE,N
IND,208,6592,59452,16/01/2019,15:43:19,15,1,31.9,1.0,0.5,0.4,2,1,1.00,CYCLE,N
IND,208,6592,59452,16/01/2019,15:43:20,15,1,32.0,1.0,1.1,1.0,2,1,1.00,CYCLE,N
IND,208,6592,59452,16/01/2019,15:43:21,15,1,31.2,1.1,1.0,0.9,2,1,1.00,CYCLE,N
IND,208,6592,59452,16/01/2019,15:43:23,15,1,29.5,1.0,2.1,2.0,2,1,1.00,CYCLE,N
IND,208,6592,59452,16/01/2019,15:43:24,15,1,30.2,1.0,0.8,0.7,2,1,1.00,CYCLE,N
IND,208,6592,59452,16/01/2019,15:43:31,15,1,23.3,1.0,6.4,6.3,2,1,1.00,CYCLE,N
IND,208,6592,59452,16/01/2019,15:43:31,15,1,27.2,1.1,0.4,0.3,2,1,1.00,CYCLE,N
IND,208,6592,59452,16/01/2019,15:43:34,15,1,25.1,1.1,2.8,2.6,2,1,1.00,CYCLE,N
IND,208,6592,59453,16/01/2019,15:44:34,15,0,17.7,1.1,214.1,214.0,2,1,1.00,CYCLE,S
IND,208,6592,59452,16/01/2019,15:44:44,15,1,27.2,1.0,70.4,70.2,2,1,1.00,CYCLE,N
IND,208,6592,59452,16/01/2019,15:44:51,15,1,19.5,1.1,7.1,7.0,2,1,1.00,CYCLE,N
IND,208,6592,59452,16/01/2019,15:45:04,15,1,38.3,1.0,13.0,12.8,2,1,1.00,CYCLE,N
IND,208,6592,59453,16/01/2019,15:45:08,15,0,26.2,1.1,34.0,33.8,2,1,1.00,CYCLE,S
IND,208,6592,59452,16/01/2019,15:45:15,15,1,32.7,1.0,11.1,11.1,2,1,1.00,CYCLE,N
IND,208,6592,59452,16/01/2019,15:45:18,15,1,29.5,1.1,2.2,2.1,2,1,1.00,CYCLE,N
IND,208,6592,59452,16/01/2019,15:45:25,15,1,29.4,1.1,7.4,7.2,2,1,1.00,CYCLE,N
IND,208,6592,59452,16/01/2019,15:45:28,15,1,26.5,1.1,3.4,3.2,2,1,1.00,CYCLE,N
IND,208,6592,59452,16/01/2019,15:45:32,15,1,25.0,1.0,3.1,3.0,2,1,1.00,CYCLE,N
IND,208,6592,59452,16/01/2019,15:45:53,15,1,20.8,1.0,21.2,21.0,2,1,1.00,CYCLE,N
IND,208,6592,59452,16/01/2019,15:45:55,15,1,20.4,1.0,2.0,1.8,2,1,1.00,CYCLE,N
IND,208,6592,59452,16/01/2019,15:46:51,15,1,27.7,1.0,56.6,56.4,2,1,1.00,CYCLE,N
IND,208,6592,59453,16/01/2019,15:47:01,15,0,25.0,1.0,112.7,112.6,2,1,1.00,CYCLE,S
IND,208,6592,59452,16/01/2019,15:47:16,15,1,29.2,1.1,24.2,24.1,2,1,1.00,CYCLE,N
IND,208,6592,59452,16/01/2019,15:47:19,15,1,29.3,1.0,1.8,1.7,2,1,1.00,CYCLE,N
IND,208,6592,59452,16/01/2019,15:47:21,15,1,14.8,1.1,2.5,2.4,2,1,1.00,CYCLE,N
IND,208,6592,59452,16/01/2019,15:47:30,15,1,27.6,1.2,3.5,3.4,2,1,1.00,CYCLE,N
IND,208,6592,59452,16/01/2019,15:47:33,15,1,31.6,1.1,3.5,3.3,2,1,1.00,CYCLE,N
IND,208,6592,59452,16/01/2019,15:47:34,15,1,25.2,1.1,1.0,0.8,2,1,1.00,CYCLE,N
IND,208,6592,59452,16/01/2019,15:47:35,15,1,24.4,1.1,0.7,0.6,2,1,1.00,CYCLE,N
IND,208,6592,59453,16/01/2019,15:47:48,15,0,17.6,1.1,47.1,46.9,2,1,1.00,CYCLE,S
IND,208,6592,59453,16/01/2019,15:48:03,15,0,24.0,0.8,15.0,14.8,2,1,1.00,CYCLE,S
IND,208,6592,59452,16/01/2019,15:48:20,15,1,24.7,1.0,44.8,44.6,2,1,1.00,CYCLE,N
IND,208,6592,59452,16/01/2019,15:48:51,15,1,25.4,1.0,31.7,31.5,2,1,1.00,CYCLE,N
IND,208,6592,59452,16/01/2019,15:49:01,15,1,35.7,1.0,1.2,1.1,2,1,1.00,CYCLE,N
IND,208,6592,59452,16/01/2019,15:49:01,15,1,30.4,1.0,0.3,0.2,2,1,1.00,CYCLE,N
IND,208,6592,59452,16/01/2019,15:49:02,15,1,29.5,1.0,0.5,0.4,2,1,1.00,CYCLE,N
IND,208,6592,59452,16/01/2019,15:49:09,15,1,27.0,1.2,7.7,7.5,2,1,1.00,CYCLE,N
IND,208,6592,59452,16/01/2019,15:49:10,15,1,26.9,1.1,0.3,0.2,2,1,1.00,CYCLE,N
IND,208,6592,59452,16/01/2019,15:49:11,15,1,28.2,1.1,1.6,1.4,2,1,1.00,CYCLE,N
IND,208,6592,59452,16/01/2019,15:49:12,15,1,29.0,1.0,0.7,0.5,2,1,1.00,CYCLE,N
IND,208,6592,59452,16/01/2019,15:49:13,15,1,27.8,1.1,1.3,1.2,2,1,1.00,CYCLE,N
IND,208,6592,59452,16/01/2019,15:49:21,15,1,24.5,1.1,7.6,7.5,2,1,1.00,CYCLE,N
IND,208,6592,59452,16/01/2019,15:49:23,15,1,24.6,1.1,2.2,2.0,2,1,1.00,CYCLE,N
IND,208,6592,59452,16/01/2019,15:49:44,15,1,23.4,1.0,21.0,20.8,2,1,1.00,CYCLE,N
IND,208,6592,59453,16/01/2019,15:49:55,15,0,22.3,1.1,112.3,112.2,2,1,1.00,CYCLE,S
IND,208,6592,59453,16/01/2019,15:50:10,15,0,24.4,0.8,15.2,15.0,2,1,1.00,CYCLE,S
IND,208,6592,59452,16/01/2019,15:50:56,15,1,32.5,1.0,71.9,71.7,2,1,1.00,CYCLE,N
IND,208,6592,59452,16/01/2019,15:51:09,15,1,30.2,1.0,8.8,8.6,2,1,1.00,CYCLE,N
IND,208,6592,59452,16/01/2019,15:51:11,15,1,33.9,1.0,2.3,2.1,2,1,1.00,CYCLE,N
IND,208,6592,59452,16/01/2019,15:51:19,15,1,29.6,1.0,8.3,8.2,2,1,1.00,CYCLE,N
IND,208,6592,59452,16/01/2019,15:51:19,15,1,30.5,1.1,0.3,0.2,2,1,1.00,CYCLE,N
IND,208,6592,59452,16/01/2019,15:51:22,15,1,27.8,1.0,2.2,2.1,2,1,1.00,CYCLE,N
IND,208,6592,59452,16/01/2019,15:51:22,15,1,25.5,1.0,0.9,0.7,2,1,1.00,CYCLE,N
IND,208,6592,59452,16/01/2019,15:51:25,15,1,28.3,1.0,2.4,2.3,2,1,1.00,CYCLE,N
IND,208,6592,59452,16/01/2019,15:51:25,15,1,28.3,1.0,0.0,0.0,2,1,1.00,CYCLE,N
IND,208,6592,59452,16/01/2019,15:51:32,15,1,24.1,1.1,6.9,6.8,2,1,1.00,CYCLE,N
IND,208,6592,59452,16/01/2019,15:51:33,15,1,25.2,1.1,0.7,0.6,2,1,1.00,CYCLE,N
IND,208,6592,59452,16/01/2019,15:51:43,15,1,24.9,1.1,10.0,9.9,2,1,1.00,CYCLE,N
IND,208,6592,59452,16/01/2019,15:52:55,15,1,28.9,1.0,72.6,72.5,2,1,1.00,CYCLE,N
IND,208,6592,59452,16/01/2019,15:52:57,15,1,20.7,1.1,1.8,1.7,2,1,1.00,CYCLE,N
IND,208,6592,59452,16/01/2019,15:52:58,15,1,25.5,1.0,1.4,1.2,2,1,1.00,CYCLE,N
IND,208,6592,59452,16/01/2019,15:53:00,15,1,19.8,1.1,1.4,1.2,2,1,1.00,CYCLE,N
IND,208,6592,59452,16/01/2019,15:53:07,15,1,34.9,1.0,6.9,6.6,2,1,1.00,CYCLE,N
IND,208,6592,59452,16/01/2019,15:53:09,15,1,35.7,1.0,1.9,1.8,2,1,1.00,CYCLE,N
IND,208,6592,59452,16/01/2019,15:53:13,15,1,41.8,1.0,4.5,4.4,2,1,1.00,CYCLE,N
IND,208,6592,59452,16/01/2019,15:53:15,15,1,31.9,1.0,2.3,2.3,2,1,1.00,CYCLE,N
IND,208,6592,59452,16/01/2019,15:53:18,15,1,28.1,1.1,2.1,2.0,2,1,1.00,CYCLE,N
IND,208,6592,59452,16/01/2019,15:53:27,15,1,25.4,1.1,9.8,9.7,2,1,1.00,CYCLE,N
IND,208,6592,59452,16/01/2019,15:53:28,15,1,29.4,1.0,1.0,0.9,2,1,1.00,CYCLE,N
IND,208,6592,59452,16/01/2019,15:53:31,15,1,27.8,1.1,2.2,2.1,2,1,1.00,CYCLE,N
IND,208,6592,59453,16/01/2019,15:53:44,15,0,17.5,1.0,21.1,19.9,2,1,1.00,CYCLE,S
IND,208,6592,59452,16/01/2019,15:53:46,15,1,26.4,1.1,15.8,15.7,2,1,1.00,CYCLE,N
IND,208,6592,59453,16/01/2019,15:54:01,15,0,21.8,1.1,17.3,17.1,2,1,1.00,CYCLE,S
IND,208,6592,59452,16/01/2019,15:54:46,15,1,21.5,1.1,59.8,59.6,2,1,1.00,CYCLE,N
IND,208,6592,59452,16/01/2019,15:54:58,15,1,28.2,1.1,11.6,11.4,2,1,1.00,CYCLE,N
IND,208,6592,59452,16/01/2019,15:54:58,15,1,29.6,1.0,0.3,0.2,2,1,1.00,CYCLE,N
IND,208,6592,59452,16/01/2019,15:54:59,15,1,31.9,1.0,0.9,0.8,2,1,1.00,CYCLE,N
IND,208,6592,59452,16/01/2019,15:55:00,15,1,34.0,1.0,0.7,0.6,2,1,1.00,CYCLE,N
IND,208,6592,59453,16/01/2019,15:55:00,15,0,28.6,1.0,58.7,58.5,2,1,1.00,CYCLE,S
IND,208,6592,59453,16/01/2019,15:55:02,15,0,26.1,1.0,2.3,2.2,2,1,1.00,CYCLE,S
IND,208,6592,59452,16/01/2019,15:55:04,15,1,27.8,1.0,4.2,4.1,2,1,1.00,CYCLE,N
IND,208,6592,59452,16/01/2019,15:55:05,15,1,28.1,1.0,1.3,1.2,2,1,1.00,CYCLE,N
IND,208,6592,59452,16/01/2019,15:55:07,15,1,28.3,1.0,1.9,1.8,2,1,1.00,CYCLE,N
IND,208,6592,59452,16/01/2019,15:55:08,15,1,28.9,1.0,0.7,0.5,2,1,1.00,CYCLE,N
IND,208,6592,59452,16/01/2019,15:55:15,15,1,27.2,1.1,6.9,6.8,2,1,1.00,CYCLE,N
IND,208,6592,59452,16/01/2019,15:55:15,15,1,26.9,1.1,0.5,0.3,2,1,1.00,CYCLE,N
IND,208,6592,59452,16/01/2019,15:55:17,15,1,25.2,1.1,1.6,1.4,2,1,1.00,CYCLE,N
IND,208,6592,59453,16/01/2019,15:55:19,15,0,19.4,1.1,16.9,16.8,2,1,1.00,CYCLE,S
IND,208,6592,59452,16/01/2019,15:55:30,15,1,23.2,1.0,13.1,13.0,2,1,1.00,CYCLE,N
IND,208,6592,59453,16/01/2019,15:56:49,15,0,19.1,1.1,89.3,89.1,2,1,1.00,CYCLE,S
IND,208,6592,59452,16/01/2019,15:56:59,15,1,22.3,1.1,89.2,89.1,2,1,1.00,CYCLE,N
IND,208,6592,59452,16/01/2019,15:57:04,15,1,32.0,1.0,5.1,4.9,2,1,1.00,CYCLE,N
IND,208,6592,59452,16/01/2019,15:57:07,15,1,32.3,1.0,2.3,2.2,2,1,1.00,CYCLE,N
IND,208,6592,59452,16/01/2019,15:57:16,15,1,29.1,1.0,9.7,9.6,2,1,1.00,CYCLE,N
IND,208,6592,59452,16/01/2019,15:57:21,15,1,32.6,1.0,4.7,4.6,2,1,1.00,CYCLE,N
IND,208,6592,59452,16/01/2019,15:57:22,15,1,28.5,1.0,0.7,0.6,2,1,1.00,CYCLE,N
IND,208,6592,59452,16/01/2019,15:57:24,15,1,32.7,1.0,2.0,1.8,2,1,1.00,CYCLE,N
IND,208,6592,59452,16/01/2019,15:57:34,15,1,23.7,1.0,10.4,10.4,2,1,1.00,CYCLE,N
IND,208,6592,59452,16/01/2019,15:57:36,15,1,23.2,1.0,1.6,1.5,2,1,1.00,CYCLE,N
IND,208,6592,59453,16/01/2019,15:58:00,15,0,21.8,1.1,71.6,71.4,2,1,1.00,CYCLE,S
IND,208,6592,59452,16/01/2019,15:58:59,15,1,27.9,1.0,82.9,82.8,2,1,1.00,CYCLE,N
IND,208,6592,59452,16/01/2019,15:59:10,15,1,36.2,1.0,11.5,11.3,2,1,1.00,CYCLE,N
IND,208,6592,59452,16/01/2019,15:59:14,15,1,34.2,1.0,4.0,3.9,2,1,1.00,CYCLE,N
IND,208,6592,59452,16/01/2019,15:59:25,15,1,28.7,1.1,11.2,11.1,2,1,1.00,CYCLE,N
IND,208,6592,59452,16/01/2019,15:59:26,15,1,27.4,1.0,0.8,0.7,2,1,1.00,CYCLE,N
IND,208,6592,59452,16/01/2019,15:59:31,15,1,26.8,1.0,4.4,4.3,2,1,1.00,CYCLE,N
IND,208,6592,59452,16/01/2019,15:59:40,15,1,24.9,1.1,9.5,9.3,2,1,1.00,CYCLE,N
IND,208,6592,59452,16/01/2019,15:59:41,15,1,25.5,1.1,0.7,0.5,2,1,1.00,CYCLE,N
IND,208,6592,59452,16/01/2019,15:59:41,15,1,24.8,1.0,0.3,0.2,2,1,1.00,CYCLE,N
IND,208,6592,59452,16/01/2019,15:59:41,15,1,25.2,1.1,0.4,0.3,2,1,1.00,CYCLE,N
IND,208,6592,59452,16/01/2019,15:59:43,15,1,26.0,1.1,1.4,1.3,2,1,1.00,CYCLE,N
IND,208,6592,59453,16/01/2019,15:59:45,15,0,30.9,1.0,104.4,104.2,2,1,1.00,CYCLE,S
IND,208,6592,59453,16/01/2019,15:59:49,15,0,23.9,1.0,4.2,4.1,2,1,1.00,CYCLE,S
IND,208,6592,59452,16/01/2019,16:01:02,15,1,27.6,1.0,78.8,78.7,2,1,1.00,CYCLE,N
IND,208,6592,59452,16/01/2019,16:01:07,15,1,32.6,1.0,5.2,5.1,2,1,1.00,CYCLE,N
IND,208,6592,59452,16/01/2019,16:01:11,15,1,30.6,1.0,4.1,4.0,2,1,1.00,CYCLE,N
IND,208,6592,59452,16/01/2019,16:01:19,15,1,27.9,1.1,8.4,8.3,2,1,1.00,CYCLE,N
IND,208,6592,59452,16/01/2019,16:01:23,15,1,28.8,1.0,3.2,3.0,2,1,1.00,CYCLE,N
IND,208,6592,59452,16/01/2019,16:01:26,15,1,28.9,1.0,3.1,3.0,2,1,1.00,CYCLE,N
IND,208,6592,59452,16/01/2019,16:01:27,15,1,28.5,1.0,1.0,0.8,2,1,1.00,CYCLE,N
IND,208,6592,59452,16/01/2019,16:01:27,15,1,32.9,1.0,0.6,0.5,2,1,1.00,CYCLE,N
IND,208,6592,59452,16/01/2019,16:01:28,15,1,28.2,1.1,1.1,1.0,2,1,1.00,CYCLE,N
IND,208,6592,59452,16/01/2019,16:01:29,15,1,27.8,1.0,0.7,0.5,2,1,1.00,CYCLE,N
IND,208,6592,59453,16/01/2019,16:01:31,15,0,15.5,1.1,101.6,101.4,2,1,1.00,CYCLE,S
IND,208,6592,59452,16/01/2019,16:01:34,15,1,27.0,1.1,4.9,4.8,2,1,1.00,CYCLE,N
IND,208,6592,59452,16/01/2019,16:01:35,15,1,27.9,1.1,0.8,0.7,2,1,1.00,CYCLE,N
IND,208,6592,59452,16/01/2019,16:01:42,15,1,24.2,1.0,7.3,7.1,2,1,1.00,CYCLE,N
IND,208,6592,59452,16/01/2019,16:01:48,15,1,25.1,1.1,5.8,5.6,2,1,1.00,CYCLE,N
IND,208,6592,59452,16/01/2019,16:01:49,15,1,19.9,1.0,1.1,1.0,2,1,1.00,CYCLE,N
IND,208,6592,59452,16/01/2019,16:01:56,15,1,20.1,1.0,6.8,6.6,2,1,1.00,CYCLE,N
IND,208,6592,59452,16/01/2019,16:01:57,15,1,18.8,1.1,1.2,1.0,2,1,1.00,CYCLE,N
IND,208,6592,59453,16/01/2019,16:02:46,15,0,27.6,1.0,75.0,74.7,2,1,1.00,CYCLE,S
IND,208,6592,59452,16/01/2019,16:03:03,15,1,30.3,1.0,66.6,66.3,2,1,1.00,CYCLE,N
IND,208,6592,59452,16/01/2019,16:03:04,15,1,31.4,1.1,0.9,0.8,2,1,1.00,CYCLE,N
IND,208,6592,59452,16/01/2019,16:03:05,15,1,31.2,1.0,1.1,0.9,2,1,1.00,CYCLE,N
IND,208,6592,59452,16/01/2019,16:03:09,15,1,26.9,1.1,3.2,3.1,2,1,1.00,CYCLE,N
IND,208,6592,59452,16/01/2019,16:03:13,15,1,30.8,1.0,4.8,4.6,2,1,1.00,CYCLE,N
IND,208,6592,59452,16/01/2019,16:03:14,15,1,31.7,1.0,0.7,0.6,2,1,1.00,CYCLE,N
IND,208,6592,59452,16/01/2019,16:03:15,15,1,36.6,1.0,0.7,0.6,2,1,1.00,CYCLE,N
IND,208,6592,59452,16/01/2019,16:03:16,15,1,32.3,1.0,0.7,0.6,2,1,1.00,CYCLE,N
IND,208,6592,59452,16/01/2019,16:03:16,15,1,27.4,1.1,0.8,0.7,2,1,1.00,CYCLE,N
IND,208,6592,59452,16/01/2019,16:03:20,15,1,28.1,1.1,4.0,3.8,2,1,1.00,CYCLE,N
IND,208,6592,59452,16/01/2019,16:03:34,15,1,27.8,1.0,14.2,14.0,2,1,1.00,CYCLE,N
IND,208,6592,59452,16/01/2019,16:05:02,15,1,32.7,1.0,87.9,87.7,2,1,1.00,CYCLE,N
IND,208,6592,59453,16/01/2019,16:05:04,15,0,31.4,1.0,138.2,138.1,2,1,1.00,CYCLE,S
IND,208,6592,59453,16/01/2019,16:05:05,15,0,32.0,1.0,1.3,1.2,2,1,1.00,CYCLE,S
IND,208,6592,59452,16/01/2019,16:05:06,15,1,33.8,1.0,3.7,3.5,2,1,1.00,CYCLE,N
IND,208,6592,59452,16/01/2019,16:05:08,15,1,26.1,1.0,1.7,1.6,2,1,1.00,CYCLE,N
IND,208,6592,59452,16/01/2019,16:05:08,15,1,34.1,1.0,0.2,0.1,2,1,1.00,CYCLE,N
IND,208,6592,59452,16/01/2019,16:05:10,15,1,30.6,1.0,2.1,2.0,2,1,1.00,CYCLE,N
IND,208,6592,59452,16/01/2019,16:05:11,15,1,30.9,1.0,0.8,0.7,2,1,1.00,CYCLE,N
IND,208,6592,59452,16/01/2019,16:05:11,15,1,30.0,1.0,0.5,0.4,2,1,1.00,CYCLE,N
IND,208,6592,59452,16/01/2019,16:05:12,15,1,30.3,1.0,0.6,0.4,2,1,1.00,CYCLE,N
IND,208,6592,59452,16/01/2019,16:05:14,15,1,29.4,1.0,2.0,1.9,2,1,1.00,CYCLE,N
IND,208,6592,59452,16/01/2019,16:05:15,15,1,33.9,1.0,1.4,1.3,2,1,1.00,CYCLE,N
IND,208,6592,59452,16/01/2019,16:05:16,15,1,29.7,1.0,0.2,0.1,2,1,1.00,CYCLE,N
IND,208,6592,59452,16/01/2019,16:05:18,15,1,30.7,1.0,2.5,2.4,2,1,1.00,CYCLE,N
IND,208,6592,59452,16/01/2019,16:05:22,15,1,32.7,1.1,3.6,3.5,2,1,1.00,CYCLE,N
IND,208,6592,59452,16/01/2019,16:05:22,15,1,28.1,1.1,0.5,0.4,2,1,1.00,CYCLE,N
IND,208,6592,59452,16/01/2019,16:05:26,15,1,26.0,1.0,3.8,3.6,2,1,1.00,CYCLE,N
IND,208,6592,59452,16/01/2019,16:05:27,15,1,25.7,1.0,0.5,0.3,2,1,1.00,CYCLE,N
IND,208,6592,59452,16/01/2019,16:05:27,15,1,27.8,1.1,0.8,0.7,2,1,1.00,CYCLE,N
IND,208,6592,59452,16/01/2019,16:05:28,15,1,29.5,1.0,1.0,0.8,2,1,1.00,CYCLE,N
IND,208,6592,59452,16/01/2019,16:05:30,15,1,27.9,1.0,1.3,1.1,2,1,1.00,CYCLE,N
IND,208,6592,59452,16/01/2019,16:05:31,15,1,27.9,1.1,1.8,1.6,2,1,1.00,CYCLE,N
IND,208,6592,59452,16/01/2019,16:05:35,15,1,25.2,1.0,3.7,3.5,2,1,1.00,CYCLE,N
IND,208,6592,59453,16/01/2019,16:05:44,15,0,28.8,1.0,39.3,39.1,2,1,0.33,CYCLE,S
IND,208,6592,59453,16/01/2019,16:05:44,15,0,28.8,1.0,0.0,0.0,2,1,0.33,CYCLE,S
IND,208,6592,59452,16/01/2019,16:06:58,15,1,36.8,1.0,83.4,83.3,2,1,1.00,CYCLE,N
IND,208,6592,59452,16/01/2019,16:06:59,15,1,31.5,1.0,0.6,0.5,2,1,1.00,CYCLE,N
IND,208,6592,59452,16/01/2019,16:07:00,15,1,32.5,1.0,0.7,0.6,2,1,1.00,CYCLE,N
IND,208,6592,59452,16/01/2019,16:07:01,15,1,29.8,1.0,1.1,1.0,2,1,1.00,CYCLE,N
IND,208,6592,59452,16/01/2019,16:07:01,15,1,31.2,1.1,0.6,0.4,2,1,1.00,CYCLE,N
IND,208,6592,59452,16/01/2019,16:07:06,15,1,26.9,1.0,4.8,4.7,2,1,1.00,CYCLE,N
IND,208,6592,59452,16/01/2019,16:07:09,15,1,28.8,1.0,2.5,2.3,2,1,1.00,CYCLE,N
IND,208,6592,59452,16/01/2019,16:07:09,15,1,29.0,1.0,0.3,0.1,2,1,1.00,CYCLE,N
IND,208,6592,59452,16/01/2019,16:07:10,15,1,25.1,1.1,0.7,0.6,2,1,1.00,CYCLE,N
IND,208,6592,59452,16/01/2019,16:07:13,15,1,23.1,1.1,3.9,3.7,2,1,1.00,CYCLE,N
IND,208,6592,59452,16/01/2019,16:07:15,15,1,24.7,1.0,1.2,1.0,2,1,1.00,CYCLE,N
IND,208,6592,59452,16/01/2019,16:07:15,15,1,25.8,1.2,0.7,0.5,2,1,1.00,CYCLE,N
IND,208,6592,59452,16/01/2019,16:07:16,15,1,26.0,1.0,0.5,0.3,2,1,1.00,CYCLE,N
IND,208,6592,59452,16/01/2019,16:07:21,15,1,23.3,1.1,5.2,5.0,2,1,1.00,CYCLE,N
IND,208,6592,59452,16/01/2019,16:07:22,15,1,26.0,1.1,1.1,1.0,2,1,1.00,CYCLE,N
IND,208,6592,59452,16/01/2019,16:07:31,15,1,22.7,1.1,8.5,8.3,2,1,1.00,CYCLE,N
IND,208,6592,59452,16/01/2019,16:07:32,15,1,22.5,1.0,0.9,0.8,2,1,1.00,CYCLE,N
IND,208,6592,59452,16/01/2019,16:07:33,15,1,21.6,1.1,1.4,1.2,2,1,1.00,CYCLE,N
IND,208,6592,59452,16/01/2019,16:07:34,15,1,21.1,1.1,0.7,0.5,2,1,1.00,CYCLE,N
IND,208,6592,59452,16/01/2019,16:07:38,15,1,23.1,1.1,4.2,4.0,2,1,1.00,CYCLE,N
IND,208,6592,59452,16/01/2019,16:07:39,15,1,22.3,1.1,1.5,1.3,2,1,1.00,CYCLE,N
IND,208,6592,59452,16/01/2019,16:09:03,15,1,26.4,1.0,83.8,83.6,2,1,1.00,CYCLE,N
IND,208,6592,59452,16/01/2019,16:09:15,15,1,28.1,1.1,11.6,11.5,2,1,1.00,CYCLE,N
IND,208,6592,59452,16/01/2019,16:09:15,15,1,38.0,1.0,0.7,0.6,2,1,1.00,CYCLE,N
IND,208,6592,59452,16/01/2019,16:09:16,15,1,31.7,1.0,0.3,0.2,2,1,1.00,CYCLE,N
IND,208,6592,59452,16/01/2019,16:09:20,15,1,31.4,1.0,4.3,4.2,2,1,1.00,CYCLE,N
IND,208,6592,59452,16/01/2019,16:09:20,15,1,31.7,1.1,0.3,0.2,2,1,1.00,CYCLE,N
IND,208,6592,59452,16/01/2019,16:09:21,15,1,32.4,1.1,0.4,0.3,2,1,1.00,CYCLE,N
IND,208,6592,59452,16/01/2019,16:09:24,15,1,33.6,1.1,2.6,2.5,2,1,1.00,CYCLE,N
IND,208,6592,59452,16/01/2019,16:09:24,15,1,33.4,1.0,0.4,0.2,2,1,1.00,CYCLE,N
IND,208,6592,59452,16/01/2019,16:09:24,15,1,34.6,1.0,0.3,0.2,2,1,1.00,CYCLE,N
IND,208,6592,59452,16/01/2019,16:09:25,15,1,27.2,1.1,1.2,1.1,2,1,1.00,CYCLE,N
IND,208,6592,59452,16/01/2019,16:09:28,15,1,32.3,1.1,2.9,2.8,2,1,1.00,CYCLE,N
IND,208,6592,59452,16/01/2019,16:09:29,15,1,27.0,1.1,0.2,0.1,2,1,1.00,CYCLE,N
IND,208,6592,59452,16/01/2019,16:09:30,15,1,26.3,1.1,1.3,1.1,2,1,1.00,CYCLE,N
IND,208,6592,59452,16/01/2019,16:09:30,15,1,26.4,1.1,0.5,0.4,2,1,1.00,CYCLE,N
IND,208,6592,59452,16/01/2019,16:09:45,15,1,22.6,1.0,15.2,15.0,2,1,1.00,CYCLE,N
IND,208,6592,59453,16/01/2019,16:09:50,15,0,18.2,1.1,71.3,71.3,2,1,1.00,CYCLE,S
IND,208,6592,59452,16/01/2019,16:11:03,15,1,31.7,1.0,77.8,77.7,2,1,1.00,CYCLE,N
IND,208,6592,59452,16/01/2019,16:11:03,15,1,31.7,1.0,0.0,0.0,2,1,1.00,CYCLE,N
IND,208,6592,59453,16/01/2019,16:11:08,15,0,40.2,1.0,77.5,77.3,2,1,0.40,CYCLE,S
IND,208,6592,59452,16/01/2019,16:11:08,15,1,25.5,1.1,4.9,4.6,2,1,1.00,CYCLE,N
IND,208,6592,59452,16/01/2019,16:11:10,15,1,26.3,1.0,1.9,1.7,2,1,1.00,CYCLE,N
IND,208,6592,59452,16/01/2019,16:11:10,15,1,26.3,1.0,0.0,0.0,2,1,1.00,CYCLE,N
IND,208,6592,59452,16/01/2019,16:11:18,15,1,18.5,1.0,7.4,7.2,2,1,0.33,CYCLE,N
IND,208,6592,59452,16/01/2019,16:11:19,15,1,28.0,1.1,1.5,0.7,2,1,1.00,CYCLE,N
IND,208,6592,59452,16/01/2019,16:11:24,15,1,33.0,1.0,5.2,5.0,2,1,1.00,CYCLE,N
IND,208,6592,59452,16/01/2019,16:11:31,15,1,27.2,1.1,6.4,6.3,2,1,1.00,CYCLE,N
IND,208,6592,59452,16/01/2019,16:11:31,15,1,27.5,1.0,0.5,0.4,2,1,1.00,CYCLE,N
IND,208,6592,59452,16/01/2019,16:11:32,15,1,28.5,1.0,0.5,0.4,2,1,1.00,CYCLE,N
IND,208,6592,59452,16/01/2019,16:11:33,15,1,29.6,1.0,1.0,0.9,2,1,1.00,CYCLE,N
IND,208,6592,59452,16/01/2019,16:11:33,15,1,29.4,1.0,0.8,0.7,2,1,1.00,CYCLE,N
IND,208,6592,59452,16/01/2019,16:11:34,15,1,29.1,1.0,0.5,0.4,2,1,1.00,CYCLE,N
IND,208,6592,59452,16/01/2019,16:11:35,15,1,29.5,1.0,0.7,0.6,2,1,1.00,CYCLE,N
IND,208,6592,59452,16/01/2019,16:11:38,15,1,24.9,1.0,3.7,3.5,2,1,1.00,CYCLE,N
IND,208,6592,59452,16/01/2019,16:11:39,15,1,27.0,1.0,0.6,0.5,2,1,1.00,CYCLE,N
IND,208,6592,59452,16/01/2019,16:11:40,15,1,27.4,1.0,0.7,0.5,2,1,1.00,CYCLE,N
IND,208,6592,59452,16/01/2019,16:11:46,15,1,24.5,1.1,6.7,6.5,2,1,1.00,CYCLE,N
IND,208,6592,59452,16/01/2019,16:11:49,15,1,24.9,1.1,2.7,2.5,2,1,1.00,CYCLE,N
IND,208,6592,59452,16/01/2019,16:11:52,15,1,24.8,1.0,2.8,2.6,2,1,1.00,CYCLE,N
IND,208,6592,59452,16/01/2019,16:11:54,15,1,24.2,1.1,2.5,2.4,2,1,1.00,CYCLE,N
IND,208,6592,59453,16/01/2019,16:12:44,15,0,23.6,1.1,96.8,96.7,2,1,1.00,CYCLE,S
IND,208,6592,59452,16/01/2019,16:13:10,15,1,36.4,1.1,75.8,75.6,2,1,1.00,CYCLE,N
IND,208,6592,59452,16/01/2019,16:13:11,15,1,35.2,1.0,1.0,0.9,2,1,1.00,CYCLE,N
IND,208,6592,59452,16/01/2019,16:13:13,15,1,34.1,1.1,1.7,1.6,2,1,1.00,CYCLE,N
IND,208,6592,59452,16/01/2019,16:13:13,15,1,34.4,1.0,0.2,0.1,2,1,1.00,CYCLE,N
IND,208,6592,59452,16/01/2019,16:13:14,15,1,33.2,1.0,0.9,0.8,2,1,1.00,CYCLE,N
IND,208,6592,59452,16/01/2019,16:13:17,15,1,29.8,1.0,2.8,2.7,2,1,1.00,CYCLE,N
IND,208,6592,59452,16/01/2019,16:13:17,15,1,30.0,1.1,0.4,0.3,2,1,1.00,CYCLE,N
IND,208,6592,59452,16/01/2019,16:13:18,15,1,29.7,1.0,1.0,0.9,2,1,1.00,CYCLE,N
IND,208,6592,59452,16/01/2019,16:13:20,15,1,29.7,1.0,2.1,2.0,2,1,1.00,CYCLE,N
IND,208,6592,59452,16/01/2019,16:13:21,15,1,30.1,1.0,0.5,0.4,2,1,1.00,CYCLE,N
IND,208,6592,59452,16/01/2019,16:13:22,15,1,34.6,1.0,0.9,0.8,2,1,1.00,CYCLE,N
IND,208,6592,59453,16/01/2019,16:13:22,15,0,22.2,1.0,37.9,37.7,2,1,0.75,CYCLE,S
IND,208,6592,59452,16/01/2019,16:13:23,15,1,27.8,1.1,1.7,1.6,2,1,1.00,CYCLE,N
IND,208,6592,59452,16/01/2019,16:13:32,15,1,28.3,1.1,7.5,7.6,2,1,1.00,CYCLE,N
IND,208,6592,59452,16/01/2019,16:13:36,15,1,23.5,1.0,4.1,4.0,2,1,1.00,CYCLE,N
IND,208,6592,59452,16/01/2019,16:13:38,15,1,23.9,1.1,1.4,1.2,2,1,1.00,CYCLE,N
IND,208,6592,59452,16/01/2019,16:13:39,15,1,24.8,1.1,0.8,0.6,2,1,1.00,CYCLE,N
IND,208,6592,59452,16/01/2019,16:13:40,15,1,27.4,1.0,1.4,1.3,2,1,1.00,CYCLE,N
IND,208,6592,59452,16/01/2019,16:13:40,15,1,23.1,1.1,0.4,0.3,2,1,1.00,CYCLE,N
IND,208,6592,59452,16/01/2019,16:13:42,15,1,22.3,1.1,1.2,1.0,2,1,1.00,CYCLE,N
IND,208,6592,59452,16/01/2019,16:13:42,15,1,20.5,1.0,0.8,0.6,2,1,1.00,CYCLE,N
IND,208,6592,59452,16/01/2019,16:13:43,15,1,24.4,1.1,0.4,0.2,2,1,1.00,CYCLE,N
IND,208,6592,59452,16/01/2019,16:13:47,15,1,22.9,0.9,3.9,3.8,2,1,1.00,CYCLE,N
IND,208,6592,59453,16/01/2019,16:14:13,15,0,26.3,1.0,51.2,51.0,2,1,1.00,CYCLE,S
IND,208,6592,59452,16/01/2019,16:15:14,15,1,18.6,1.0,1.4,1.3,2,1,1.00,CYCLE,N
IND,208,6592,59453,16/01/2019,16:15:14,15,0,21.0,1.1,60.6,60.5,2,1,1.00,CYCLE,S
IND,208,6592,59452,16/01/2019,16:15:17,15,1,31.7,1.0,3.1,2.9,2,1,1.00,CYCLE,N
IND,208,6592,59452,16/01/2019,16:15:20,15,1,28.5,1.0,3.7,3.5,2,1,1.00,CYCLE,N
IND,208,6592,59452,16/01/2019,16:15:25,15,1,28.3,1.0,4.7,4.5,2,1,1.00,CYCLE,N
IND,208,6592,59452,16/01/2019,16:15:26,15,1,29.6,1.1,0.8,0.7,2,1,1.00,CYCLE,N
IND,208,6592,59452,16/01/2019,16:15:28,15,1,28.6,1.1,2.5,2.4,2,1,1.00,CYCLE,N
IND,208,6592,59452,16/01/2019,16:15:30,15,1,32.9,1.0,1.3,1.1,2,1,1.00,CYCLE,N
IND,208,6592,59452,16/01/2019,16:15:31,15,1,32.0,1.1,1.0,0.9,2,1,1.00,CYCLE,N
IND,208,6592,59452,16/01/2019,16:15:31,15,1,29.5,1.0,0.7,0.6,2,1,1.00,CYCLE,N
IND,208,6592,59452,16/01/2019,16:15:32,15,1,25.7,1.0,0.2,0.1,2,1,1.00,CYCLE,N
IND,208,6592,59452,16/01/2019,16:15:37,15,1,26.9,1.1,5.4,5.2,2,1,1.00,CYCLE,N
IND,208,6592,59452,16/01/2019,16:15:42,15,1,26.9,1.0,5.1,5.0,2,1,1.00,CYCLE,N
IND,208,6592,59452,16/01/2019,16:15:43,15,1,23.0,1.1,0.6,0.4,2,1,1.00,CYCLE,N
IND,208,6592,59452,16/01/2019,16:15:43,15,1,25.6,1.0,0.4,0.2,2,1,1.00,CYCLE,N
IND,208,6592,59452,16/01/2019,16:15:45,15,1,24.2,1.0,1.8,1.7,2,1,1.00,CYCLE,N
IND,208,6592,59452,16/01/2019,16:15:47,15,1,21.4,1.1,2.5,2.4,2,1,1.00,CYCLE,N
IND,208,6592,59453,16/01/2019,16:15:52,15,0,17.4,1.2,37.6,37.4,2,1,1.00,CYCLE,S
IND,208,6592,59452,16/01/2019,16:15:58,15,1,24.5,1.1,10.6,10.4,2,1,1.00,CYCLE,N
IND,208,6592,59453,16/01/2019,16:16:33,15,0,17.6,0.9,41.8,41.5,2,1,1.00,CYCLE,S
IND,208,6592,59452,16/01/2019,16:16:56,15,1,27.4,1.1,57.9,57.7,2,1,1.00,CYCLE,N
IND,208,6592,59452,16/01/2019,16:17:04,15,1,23.5,1.1,8.2,8.0,2,1,1.00,CYCLE,N
IND,208,6592,59452,16/01/2019,16:17:05,15,1,25.9,1.1,1.5,1.3,2,1,1.00,CYCLE,N
IND,208,6592,59452,16/01/2019,16:17:12,15,1,39.4,1.0,6.3,6.2,2,1,1.00,CYCLE,N
IND,208,6592,59452,16/01/2019,16:17:14,15,1,32.8,1.0,2.3,2.2,2,1,1.00,CYCLE,N
IND,208,6592,59452,16/01/2019,16:17:17,15,1,31.4,1.0,2.7,2.6,2,1,1.00,CYCLE,N
IND,208,6592,59452,16/01/2019,16:17:18,15,1,30.9,1.1,1.0,0.9,2,1,1.00,CYCLE,N
IND,208,6592,59452,16/01/2019,16:17:18,15,1,30.3,1.1,0.5,0.4,2,1,1.00,CYCLE,N
IND,208,6592,59452,16/01/2019,16:17:21,15,1,27.8,1.1,2.7,2.6,2,1,1.00,CYCLE,N
IND,208,6592,59452,16/01/2019,16:17:22,15,1,29.8,1.1,0.7,0.5,2,1,1.00,CYCLE,N
IND,208,6592,59452,16/01/2019,16:17:22,15,1,36.4,1.0,0.3,0.2,2,1,1.00,CYCLE,N
IND,208,6592,59452,16/01/2019,16:17:23,15,1,28.9,1.1,1.3,1.3,2,1,1.00,CYCLE,N
IND,208,6592,59452,16/01/2019,16:17:24,15,1,34.2,1.0,0.6,0.4,2,1,1.00,CYCLE,N
IND,208,6592,59452,16/01/2019,16:17:26,15,1,31.1,1.0,1.6,1.5,2,1,1.00,CYCLE,N
IND,208,6592,59452,16/01/2019,16:17:35,15,1,29.9,1.0,9.2,9.1,2,1,1.00,CYCLE,N
IND,208,6592,59452,16/01/2019,16:17:36,15,1,27.5,1.0,1.2,1.1,2,1,1.00,CYCLE,N
IND,208,6592,59452,16/01/2019,16:17:38,15,1,26.5,1.1,1.7,1.6,2,1,1.00,CYCLE,N
IND,208,6592,59452,16/01/2019,16:17:39,15,1,27.1,1.0,0.9,0.8,2,1,1.00,CYCLE,N
IND,208,6592,59452,16/01/2019,16:17:40,15,1,17.3,1.1,1.7,1.6,2,1,1.00,CYCLE,N
IND,208,6592,59452,16/01/2019,16:17:41,15,1,17.6,1.0,0.4,0.2,2,1,1.00,CYCLE,N
IND,208,6592,59452,16/01/2019,16:17:44,15,1,23.1,1.1,3.6,3.4,2,1,1.00,CYCLE,N
IND,208,6592,59453,16/01/2019,16:17:55,15,0,28.7,1.0,81.4,81.2,2,1,1.00,CYCLE,S
IND,208,6592,59452,16/01/2019,16:18:21,15,1,32.4,1.2,36.4,36.2,2,1,1.00,CYCLE,N
IND,208,6592,59452,16/01/2019,16:18:38,15,1,41.1,1.1,17.3,17.1,2,1,1.00,CYCLE,N
IND,208,6592,59452,16/01/2019,16:19:16,15,1,32.3,1.1,38.5,38.4,2,1,1.00,CYCLE,N
IND,208,6592,59452,16/01/2019,16:19:18,15,1,33.3,1.1,1.2,1.1,2,1,1.00,CYCLE,N
IND,208,6592,59453,16/01/2019,16:19:19,15,0,18.7,1.1,84.2,84.1,2,1,1.00,CYCLE,S
IND,208,6592,59453,16/01/2019,16:19:19,15,0,18.9,1.1,0.4,0.2,2,1,1.00,CYCLE,S
IND,208,6592,59452,16/01/2019,16:19:30,15,1,30.0,1.0,11.8,11.7,2,1,1.00,CYCLE,N
IND,208,6592,59452,16/01/2019,16:19:31,15,1,29.4,1.0,1.3,1.1,2,1,1.00,CYCLE,N
IND,208,6592,59452,16/01/2019,16:19:32,15,1,29.4,1.0,0.7,0.6,2,1,1.00,CYCLE,N
IND,208,6592,59452,16/01/2019,16:19:32,15,1,29.8,1.1,0.5,0.3,2,1,1.00,CYCLE,N
IND,208,6592,59452,16/01/2019,16:19:40,15,1,24.3,1.1,7.7,7.6,2,1,1.00,CYCLE,N
IND,208,6592,59452,16/01/2019,16:19:40,15,1,23.8,1.1,0.4,0.2,2,1,1.00,CYCLE,N
IND,208,6592,59452,16/01/2019,16:19:41,15,1,24.7,1.0,0.6,0.4,2,1,0.91,CYCLE,N
IND,208,6592,59452,16/01/2019,16:19:41,15,1,24.7,1.0,0.0,0.0,2,1,0.91,CYCLE,N
IND,208,6592,59452,16/01/2019,16:19:42,15,1,39.0,1.0,0.9,0.4,2,1,0.44,CYCLE,N
IND,208,6592,59452,16/01/2019,16:19:43,15,1,28.5,1.0,1.0,0.7,2,1,1.00,CYCLE,N
IND,208,6592,59452,16/01/2019,16:19:43,15,1,28.5,1.0,0.0,0.0,2,1,1.00,CYCLE,N
IND,208,6592,59452,16/01/2019,16:19:44,15,1,26.6,1.0,1.6,1.4,2,1,1.00,CYCLE,N
IND,208,6592,59452,16/01/2019,16:19:46,15,1,24.5,1.0,1.9,1.8,2,1,1.00,CYCLE,N
IND,208,6592,59452,16/01/2019,16:19:46,15,1,29.8,1.0,0.2,0.1,2,1,1.00,CYCLE,N
IND,208,6592,59452,16/01/2019,16:20:55,15,1,25.1,1.1,68.5,68.4,2,1,1.00,CYCLE,N
IND,208,6592,59452,16/01/2019,16:20:59,15,1,21.8,1.0,3.9,3.8,2,1,1.00,CYCLE,N
IND,208,6592,59452,16/01/2019,16:21:00,15,1,21.5,1.0,1.0,0.9,2,1,1.00,CYCLE,N
IND,208,6592,59452,16/01/2019,16:21:01,15,1,21.0,1.1,1.3,0.9,2,1,1.00,CYCLE,N
IND,208,6592,59452,16/01/2019,16:21:03,15,1,22.2,1.0,2.0,1.8,2,1,1.00,CYCLE,N
IND,208,6592,59452,16/01/2019,16:21:07,15,1,29.3,1.1,3.6,3.4,2,1,1.00,CYCLE,N
IND,208,6592,59453,16/01/2019,16:21:09,15,0,31.6,1.0,109.7,109.5,2,1,1.00,CYCLE,S
IND,208,6592,59453,16/01/2019,16:21:17,15,0,25.2,1.1,8.0,7.9,2,1,1.00,CYCLE,S
IND,208,6592,59452,16/01/2019,16:21:25,15,1,33.6,1.1,18.4,18.2,2,1,1.00,CYCLE,N
IND,208,6592,59452,16/01/2019,16:21:27,15,1,32.5,1.0,1.6,1.5,2,1,1.00,CYCLE,N
IND,208,6592,59452,16/01/2019,16:21:27,15,1,32.2,1.0,0.2,0.1,2,1,1.00,CYCLE,N
IND,208,6592,59452,16/01/2019,16:21:28,15,1,31.7,1.1,1.2,1.1,2,1,1.00,CYCLE,N
IND,208,6592,59452,16/01/2019,16:21:29,15,1,34.8,1.0,0.8,0.6,2,1,1.00,CYCLE,N
IND,208,6592,59452,16/01/2019,16:21:31,15,1,29.1,1.0,1.9,1.8,2,1,1.00,CYCLE,N
IND,208,6592,59452,16/01/2019,16:21:33,15,1,27.1,1.1,2.7,2.5,2,1,1.00,CYCLE,N
IND,208,6592,59452,16/01/2019,16:21:35,15,1,26.5,1.0,1.7,1.5,2,1,1.00,CYCLE,N
IND,208,6592,59452,16/01/2019,16:21:35,15,1,26.9,1.0,0.4,0.2,2,1,1.00,CYCLE,N
IND,208,6592,59452,16/01/2019,16:21:36,15,1,26.6,1.1,0.5,0.4,2,1,1.00,CYCLE,N
IND,208,6592,59452,16/01/2019,16:21:37,15,1,26.8,1.0,1.0,0.8,2,1,1.00,CYCLE,N
IND,208,6592,59452,16/01/2019,16:21:37,15,1,27.2,1.0,0.4,0.3,2,1,1.00,CYCLE,N
IND,208,6592,59452,16/01/2019,16:21:39,15,1,16.2,0.2,1.5,1.4,2,1,0.80,CYCLE,N
IND,208,6592,59452,16/01/2019,16:21:43,15,1,25.6,1.0,4.4,4.4,2,1,0.50,CYCLE,N
IND,208,6592,59453,16/01/2019,16:21:43,15,0,25.6,1.0,0.0,0.0,2,1,0.50,CYCLE,S
IND,208,6592,59452,16/01/2019,16:21:44,15,1,20.9,1.1,1.0,0.6,2,1,1.00,CYCLE,N
IND,208,6592,59452,16/01/2019,16:21:45,15,1,22.6,1.0,1.1,0.9,2,1,1.00,CYCLE,N
IND,208,6592,59452,16/01/2019,16:21:46,15,1,22.4,1.1,0.9,0.8,2,1,1.00,CYCLE,N
IND,208,6592,59452,16/01/2019,16:21:49,15,1,21.9,1.1,2.3,2.1,2,1,1.00,CYCLE,N
IND,208,6592,59452,16/01/2019,16:21:50,15,1,21.4,1.0,1.0,0.9,2,1,1.00,CYCLE,N
IND,208,6592,59453,16/01/2019,16:22:16,15,0,21.2,1.0,58.8,58.7,2,1,1.00,CYCLE,S
IND,208,6592,59452,16/01/2019,16:22:58,15,1,25.5,1.0,68.9,68.7,2,1,1.00,CYCLE,N
IND,208,6592,59453,16/01/2019,16:23:01,15,0,28.9,1.0,45.5,45.3,2,1,1.00,CYCLE,S
IND,208,6592,59453,16/01/2019,16:23:05,15,0,12.7,1.0,3.9,3.8,2,1,1.00,CYCLE,S
IND,208,6592,59452,16/01/2019,16:23:19,15,1,29.3,1.0,20.9,20.8,2,1,1.00,CYCLE,N
IND,208,6592,59452,16/01/2019,16:23:20,15,1,25.0,1.1,0.9,0.8,2,1,1.00,CYCLE,N
IND,208,6592,59452,16/01/2019,16:23:24,15,1,25.7,1.0,4.3,4.1,2,1,1.00,CYCLE,N
IND,208,6592,59452,16/01/2019,16:23:26,15,1,23.6,1.1,1.9,1.7,2,1,1.00,CYCLE,N
IND,208,6592,59452,16/01/2019,16:23:27,15,1,27.3,1.0,0.6,0.5,2,1,1.00,CYCLE,N
IND,208,6592,59452,16/01/2019,16:23:27,15,1,26.8,1.1,0.4,0.3,2,1,1.00,CYCLE,N
IND,208,6592,59452,16/01/2019,16:23:30,15,1,26.4,1.1,2.3,2.2,2,1,1.00,CYCLE,N
IND,208,6592,59452,16/01/2019,16:23:31,15,1,26.5,1.0,1.6,1.4,2,1,1.00,CYCLE,N
IND,208,6592,59452,16/01/2019,16:23:32,15,1,22.7,1.0,0.4,0.3,2,1,1.00,CYCLE,N
IND,208,6592,59452,16/01/2019,16:23:33,15,1,25.3,1.1,0.9,0.7,2,1,1.00,CYCLE,N
IND,208,6592,59452,16/01/2019,16:23:34,15,1,24.0,1.0,1.3,1.1,2,1,1.00,CYCLE,N
IND,208,6592,59452,16/01/2019,16:23:38,15,1,26.1,1.0,4.2,4.1,2,1,1.00,CYCLE,N
IND,208,6592,59452,16/01/2019,16:23:39,15,1,25.6,1.0,0.4,0.3,2,1,1.00,CYCLE,N
IND,208,6592,59452,16/01/2019,16:23:41,15,1,27.6,1.1,2.2,2.0,2,1,1.00,CYCLE,N
IND,208,6592,59452,16/01/2019,16:23:42,15,1,25.4,1.1,0.8,0.6,2,1,1.00,CYCLE,N
IND,208,6592,59452,16/01/2019,16:23:44,15,1,25.1,1.0,2.4,2.2,2,1,1.00,CYCLE,N
IND,208,6592,59452,16/01/2019,16:24:47,15,1,38.3,1.0,62.9,62.7,2,1,1.00,CYCLE,N
IND,208,6592,59452,16/01/2019,16:24:53,15,1,27.0,1.0,5.9,5.9,2,1,1.00,CYCLE,N
IND,208,6592,59452,16/01/2019,16:24:53,15,1,26.2,1.1,0.6,0.5,2,1,1.00,CYCLE,N
IND,208,6592,59452,16/01/2019,16:24:54,15,1,25.6,1.1,0.7,0.5,2,1,1.00,CYCLE,N
IND,208,6592,59452,16/01/2019,16:25:00,15,1,18.7,1.0,5.8,5.6,2,1,1.00,CYCLE,N
IND,208,6592,59452,16/01/2019,16:25:06,15,1,35.1,1.0,6.3,6.1,2,1,1.00,CYCLE,N
IND,208,6592,59452,16/01/2019,16:25:06,15,1,34.1,1.0,0.4,0.3,2,1,1.00,CYCLE,N
IND,208,6592,59453,16/01/2019,16:25:07,15,0,25.3,1.0,121.3,121.0,2,1,1.00,CYCLE,S
IND,208,6592,59452,16/01/2019,16:25:08,15,1,33.4,1.0,1.7,1.6,2,1,1.00,CYCLE,N
IND,208,6592,59452,16/01/2019,16:25:09,15,1,35.7,1.0,1.3,1.2,2,1,1.00,CYCLE,N
IND,208,6592,59452,16/01/2019,16:25:17,15,1,27.1,1.0,7.3,7.2,2,1,1.00,CYCLE,N
IND,208,6592,59452,16/01/2019,16:25:20,15,1,37.3,1.0,3.5,3.3,2,1,1.00,CYCLE,N
IND,208,6592,59452,16/01/2019,16:25:21,15,1,29.8,1.0,0.7,0.6,2,1,1.00,CYCLE,N
IND,208,6592,59452,16/01/2019,16:25:21,15,1,34.1,1.0,0.2,0.1,2,1,0.50,CYCLE,N
IND,208,6592,59453,16/01/2019,16:25:21,15,0,34.1,1.0,0.0,0.0,2,1,0.50,CYCLE,S
IND,208,6592,59452,16/01/2019,16:25:22,15,1,28.0,1.0,0.5,0.3,2,1,1.00,CYCLE,N
IND,208,6592,59452,16/01/2019,16:25:23,15,1,30.1,1.0,1.0,0.8,2,1,1.00,CYCLE,N
IND,208,6592,59453,16/01/2019,16:25:29,15,0,36.5,1.0,22.1,21.9,2,1,1.00,CYCLE,S
IND,208,6592,59452,16/01/2019,16:25:29,15,1,23.9,1.1,6.4,6.3,2,1,1.00,CYCLE,N
IND,208,6592,59452,16/01/2019,16:25:30,15,1,24.1,1.1,1.0,0.9,2,1,1.00,CYCLE,N
IND,208,6592,59452,16/01/2019,16:25:31,15,1,25.2,1.0,0.8,0.6,2,1,1.00,CYCLE,N
IND,208,6592,59452,16/01/2019,16:25:33,15,1,29.0,1.0,2.3,2.1,2,1,1.00,CYCLE,N
IND,208,6592,59452,16/01/2019,16:25:34,15,1,29.9,1.1,0.5,0.4,2,1,1.00,CYCLE,N
IND,208,6592,59452,16/01/2019,16:25:35,15,1,26.8,1.1,1.3,1.2,2,1,1.00,CYCLE,N
IND,208,6592,59452,16/01/2019,16:25:36,15,1,27.2,1.0,0.8,0.7,2,1,0.75,CYCLE,N
IND,208,6592,59452,16/01/2019,16:25:37,15,1,28.4,1.0,1.5,1.2,2,1,1.00,CYCLE,N
IND,208,6592,59452,16/01/2019,16:25:38,15,1,28.1,1.0,0.7,0.6,2,1,1.00,CYCLE,N
IND,208,6592,59452,16/01/2019,16:25:39,15,1,23.2,1.2,1.4,1.3,2,1,1.00,CYCLE,N
IND,208,6592,59452,16/01/2019,16:25:40,15,1,24.0,1.1,0.6,0.5,2,1,1.00,CYCLE,N
IND,208,6592,59452,16/01/2019,16:26:48,15,1,25.4,1.1,67.9,67.7,2,1,1.00,CYCLE,N
IND,208,6592,59452,16/01/2019,16:26:53,15,1,23.5,1.1,4.9,4.8,2,1,1.00,CYCLE,N
IND,208,6592,59452,16/01/2019,16:26:57,15,1,36.5,1.0,4.1,3.9,2,1,1.00,CYCLE,N
IND,208,6592,59452,16/01/2019,16:27:03,15,1,32.5,1.0,6.3,6.2,2,1,1.00,CYCLE,N
IND,208,6592,59452,16/01/2019,16:27:08,15,1,32.8,1.0,5.1,5.0,2,1,1.00,CYCLE,N
IND,208,6592,59452,16/01/2019,16:27:09,15,1,33.7,1.0,0.7,0.6,2,1,1.00,CYCLE,N
IND,208,6592,59452,16/01/2019,16:27:10,15,1,35.8,1.1,1.3,1.1,2,1,1.00,CYCLE,N
IND,208,6592,59452,16/01/2019,16:27:16,15,1,31.5,1.1,5.4,5.3,2,1,1.00,CYCLE,N
IND,208,6592,59452,16/01/2019,16:27:19,15,1,29.0,1.1,3.4,3.2,2,1,1.00,CYCLE,N
IND,208,6592,59452,16/01/2019,16:27:20,15,1,26.5,1.0,1.0,0.9,2,1,1.00,CYCLE,N
IND,208,6592,59452,16/01/2019,16:27:21,15,1,29.3,1.1,1.2,1.0,2,1,1.00,CYCLE,N
IND,208,6592,59452,16/01/2019,16:27:23,15,1,29.3,1.1,1.3,1.2,2,1,1.00,CYCLE,N
IND,208,6592,59452,16/01/2019,16:27:23,15,1,28.8,1.0,0.4,0.3,2,1,1.00,CYCLE,N
IND,208,6592,59452,16/01/2019,16:27:23,15,1,28.8,1.0,0.0,0.0,2,1,1.00,CYCLE,N
IND,208,6592,59452,16/01/2019,16:27:24,15,1,29.5,1.1,1.4,1.2,2,1,1.00,CYCLE,N
IND,208,6592,59452,16/01/2019,16:27:28,15,1,23.5,1.1,3.5,3.4,2,1,1.00,CYCLE,N
IND,208,6592,59452,16/01/2019,16:27:31,15,1,27.2,1.1,3.0,2.8,2,1,1.00,CYCLE,N
IND,208,6592,59452,16/01/2019,16:27:44,15,1,23.1,1.0,13.2,13.0,2,1,1.00,CYCLE,N
IND,208,6592,59452,16/01/2019,16:27:45,15,1,24.7,1.0,0.9,0.7,2,1,1.00,CYCLE,N
IND,208,6592,59452,16/01/2019,16:27:49,15,1,22.1,1.2,4.4,4.2,2,1,1.00,CYCLE,N
IND,208,6592,59453,16/01/2019,16:28:38,15,0,28.4,1.1,189.4,189.3,2,1,1.00,CYCLE,S
IND,208,6592,59453,16/01/2019,16:28:44,15,0,27.0,1.0,5.7,5.6,2,1,1.00,CYCLE,S
IND,208,6592,59453,16/01/2019,16:28:55,15,0,27.7,1.1,11.1,10.9,2,1,1.00,CYCLE,S
IND,208,6592,59452,16/01/2019,16:29:11,15,1,30.7,1.1,81.4,81.2,2,1,1.00,CYCLE,N
IND,208,6592,59452,16/01/2019,16:29:11,15,1,32.1,1.0,0.8,0.6,2,1,1.00,CYCLE,N
IND,208,6592,59452,16/01/2019,16:29:13,15,1,32.2,1.1,1.3,1.2,2,1,1.00,CYCLE,N
IND,208,6592,59452,16/01/2019,16:29:17,15,1,39.3,1.0,4.6,4.5,2,1,1.00,CYCLE,N
IND,208,6592,59452,16/01/2019,16:29:17,15,1,27.9,1.1,0.1,0.1,2,1,1.00,CYCLE,N
IND,208,6592,59452,16/01/2019,16:29:18,15,1,28.8,1.1,0.6,0.5,2,1,1.00,CYCLE,N
IND,208,6592,59452,16/01/2019,16:29:19,15,1,27.3,1.0,0.8,0.6,2,1,1.00,CYCLE,N
IND,208,6592,59452,16/01/2019,16:29:24,15,1,32.7,1.1,4.8,4.7,2,1,1.00,CYCLE,N
IND,208,6592,59452,16/01/2019,16:29:24,15,1,32.4,1.0,0.6,0.5,2,1,1.00,CYCLE,N
IND,208,6592,59452,16/01/2019,16:29:25,15,1,25.6,1.1,0.9,0.8,2,1,1.00,CYCLE,N
IND,208,6592,59452,16/01/2019,16:29:27,15,1,27.4,1.1,1.8,1.6,2,1,1.00,CYCLE,N
IND,208,6592,59452,16/01/2019,16:29:28,15,1,29.0,1.1,0.9,0.7,2,1,1.00,CYCLE,N
IND,208,6592,59452,16/01/2019,16:29:29,15,1,27.6,1.1,1.4,1.3,2,1,1.00,CYCLE,N
IND,208,6592,59452,16/01/2019,16:29:30,15,1,26.3,1.1,0.3,0.2,2,1,1.00,CYCLE,N
IND,208,6592,59452,16/01/2019,16:29:31,15,1,28.1,1.0,1.5,1.4,2,1,1.00,CYCLE,N
IND,208,6592,59452,16/01/2019,16:29:32,15,1,33.0,1.0,0.7,0.6,2,1,1.00,CYCLE,N
IND,208,6592,59452,16/01/2019,16:29:33,15,1,29.0,1.0,0.8,0.7,2,1,1.00,CYCLE,N
IND,208,6592,59452,16/01/2019,16:29:35,15,1,23.3,1.0,2.0,1.9,2,1,1.00,CYCLE,N
IND,208,6592,59452,16/01/2019,16:29:36,15,1,25.5,1.1,1.1,1.0,2,1,1.00,CYCLE,N
IND,208,6592,59452,16/01/2019,16:29:36,15,1,25.9,1.0,0.7,0.5,2,1,1.00,CYCLE,N
IND,208,6592,59452,16/01/2019,16:29:37,15,1,26.6,1.2,0.4,0.2,2,1,1.00,CYCLE,N
IND,208,6592,59452,16/01/2019,16:29:39,15,1,23.8,1.1,2.1,2.0,2,1,1.00,CYCLE,N
IND,208,6592,59452,16/01/2019,16:29:40,15,1,24.0,1.1,1.0,0.8,2,1,1.00,CYCLE,N
IND,208,6592,59452,16/01/2019,16:29:48,15,1,23.9,1.0,8.3,8.2,2,1,1.00,CYCLE,N
IND,208,6592,59453,16/01/2019,16:30:01,15,0,32.0,1.0,66.2,66.1,2,1,1.00,CYCLE,S
IND,208,6592,59452,16/01/2019,16:30:40,15,1,34.7,1.0,52.0,51.9,2,1,1.00,CYCLE,N
IND,208,6592,59453,16/01/2019,16:30:41,15,0,24.5,1.0,40.5,40.4,2,1,1.00,CYCLE,S
IND,208,6592,59452,16/01/2019,16:30:46,15,1,30.1,1.0,5.7,5.6,2,1,1.00,CYCLE,N
IND,208,6592,59452,16/01/2019,16:30:48,15,1,22.7,1.1,2.0,1.9,2,1,1.00,CYCLE,N
IND,208,6592,59452,16/01/2019,16:30:50,15,1,23.8,1.1,0.8,0.7,2,1,1.00,CYCLE,N
IND,208,6592,59452,16/01/2019,16:30:51,15,1,23.9,1.0,1.4,1.2,2,1,1.00,CYCLE,N
IND,208,6592,59452,16/01/2019,16:30:52,15,1,27.1,1.0,0.7,0.6,2,1,1.00,CYCLE,N
IND,208,6592,59453,16/01/2019,16:30:53,15,0,35.2,1.1,11.5,11.4,2,1,1.00,CYCLE,S
IND,208,6592,59452,16/01/2019,16:30:55,15,1,20.7,1.1,3.0,2.9,2,1,1.00,CYCLE,N
IND,208,6592,59452,16/01/2019,16:31:12,15,1,34.0,1.0,17.3,17.1,2,1,1.00,CYCLE,N
IND,208,6592,59452,16/01/2019,16:31:13,15,1,34.6,1.0,0.5,0.4,2,1,1.00,CYCLE,N
IND,208,6592,59452,16/01/2019,16:31:16,15,1,34.6,1.0,3.5,3.4,2,1,1.00,CYCLE,N
IND,208,6592,59452,16/01/2019,16:31:17,15,1,28.1,1.0,1.1,1.0,2,1,1.00,CYCLE,N
IND,208,6592,59452,16/01/2019,16:31:19,15,1,31.9,1.1,1.9,1.7,2,1,1.00,CYCLE,N
IND,208,6592,59452,16/01/2019,16:31:20,15,1,32.1,1.0,0.6,0.5,2,1,1.00,CYCLE,N
IND,208,6592,59452,16/01/2019,16:31:20,15,1,30.3,1.0,0.4,0.3,2,1,1.00,CYCLE,N
IND,208,6592,59452,16/01/2019,16:31:22,15,1,27.2,1.0,2.0,1.9,2,1,1.00,CYCLE,N
IND,208,6592,59452,16/01/2019,16:31:22,15,1,27.2,1.0,0.0,0.0,2,1,1.00,CYCLE,N
IND,208,6592,59452,16/01/2019,16:31:27,15,1,25.7,1.0,4.2,4.1,2,1,1.00,CYCLE,N
IND,208,6592,59452,16/01/2019,16:31:27,15,1,25.9,1.0,0.8,0.6,2,1,1.00,CYCLE,N
IND,208,6592,59452,16/01/2019,16:31:27,15,1,25.9,1.0,0.0,0.0,2,1,1.00,CYCLE,N
IND,208,6592,59452,16/01/2019,16:31:28,15,1,26.7,1.1,1.2,1.0,2,1,1.00,CYCLE,N
IND,208,6592,59452,16/01/2019,16:31:29,15,1,29.6,1.0,0.4,0.3,2,1,1.00,CYCLE,N
IND,208,6592,59452,16/01/2019,16:31:30,15,1,29.1,1.0,0.9,0.8,2,1,1.00,CYCLE,N
IND,208,6592,59452,16/01/2019,16:31:30,15,1,29.8,1.0,0.3,0.1,2,1,1.00,CYCLE,N
IND,208,6592,59453,16/01/2019,16:31:31,15,0,23.1,1.1,37.8,37.7,2,1,1.00,CYCLE,S
IND,208,6592,59452,16/01/2019,16:31:34,15,1,25.9,1.0,3.7,3.6,2,1,1.00,CYCLE,N
IND,208,6592,59452,16/01/2019,16:31:34,15,1,27.6,1.0,0.4,0.2,2,1,1.00,CYCLE,N
IND,208,6592,59452,16/01/2019,16:31:37,15,1,23.6,1.1,3.4,3.3,2,1,1.00,CYCLE,N
IND,208,6592,59452,16/01/2019,16:31:39,15,1,23.6,1.1,2.0,1.9,2,1,1.00,CYCLE,N
IND,208,6592,59452,16/01/2019,16:31:40,15,1,23.6,1.0,1.0,0.8,2,1,1.00,CYCLE,N
IND,208,6592,59453,16/01/2019,16:31:41,15,0,29.3,1.1,9.9,9.8,2,1,1.00,CYCLE,S
IND,208,6592,59452,16/01/2019,16:31:42,15,1,23.1,1.1,1.1,1.0,2,1,1.00,CYCLE,N
IND,208,6592,59452,16/01/2019,16:31:42,15,1,24.7,1.1,0.9,0.7,2,1,1.00,CYCLE,N
IND,208,6592,59452,16/01/2019,16:31:44,15,1,21.9,1.0,1.1,0.9,2,1,0.33,CYCLE,N
IND,208,6592,59452,16/01/2019,16:31:44,15,1,23.8,1.0,0.9,0.8,2,1,1.00,CYCLE,N
IND,208,6592,59452,16/01/2019,16:31:45,15,1,25.1,1.0,0.5,0.4,2,1,1.00,CYCLE,N
IND,208,6592,59452,16/01/2019,16:31:46,15,1,24.9,1.0,0.8,0.6,2,1,1.00,CYCLE,N
IND,208,6592,59452,16/01/2019,16:31:47,15,1,23.9,1.0,1.1,0.9,2,1,1.00,CYCLE,N
IND,208,6592,59452,16/01/2019,16:31:47,15,1,24.0,1.1,0.6,0.5,2,1,1.00,CYCLE,N
IND,208,6592,59452,16/01/2019,16:31:48,15,1,23.3,1.0,0.8,0.6,2,1,1.00,CYCLE,N
IND,208,6592,59452,16/01/2019,16:31:49,15,1,25.7,1.1,0.6,0.5,2,1,1.00,CYCLE,N
IND,208,6592,59452,16/01/2019,16:31:52,15,1,22.8,1.0,2.8,2.6,2,1,1.00,CYCLE,N
IND,208,6592,59452,16/01/2019,16:31:53,15,1,22.1,1.1,1.3,1.2,2,1,1.00,CYCLE,N
IND,208,6592,59452,16/01/2019,16:31:54,15,1,21.5,1.0,0.8,0.6,2,1,1.00,CYCLE,N
IND,208,6592,59453,16/01/2019,16:33:08,15,0,30.4,0.9,87.3,87.1,2,1,1.00,CYCLE,S
IND,208,6592,59453,16/01/2019,16:33:12,15,0,28.8,1.0,3.9,3.7,2,1,0.50,CYCLE,S
IND,208,6592,59452,16/01/2019,16:33:12,15,1,28.8,1.0,0.0,0.0,2,1,0.50,CYCLE,N
IND,208,6592,59452,16/01/2019,16:33:14,15,1,23.6,1.0,80.1,79.9,2,1,1.00,CYCLE,N
IND,208,6592,59452,16/01/2019,16:33:17,15,1,23.4,1.0,3.1,3.0,2,1,1.00,CYCLE,N
IND,208,6592,59452,16/01/2019,16:33:18,15,1,16.5,1.1,0.6,0.4,2,1,1.00,CYCLE,N
IND,208,6592,59452,16/01/2019,16:33:18,15,1,31.8,1.0,0.8,0.5,2,1,1.00,CYCLE,N
IND,208,6592,59452,16/01/2019,16:33:20,15,1,30.7,1.0,1.5,1.4,2,1,1.00,CYCLE,N
IND,208,6592,59452,16/01/2019,16:33:21,15,1,14.4,1.0,1.6,1.5,2,1,1.00,CYCLE,N
IND,208,6592,59452,16/01/2019,16:33:29,15,1,27.5,1.1,7.6,7.3,2,1,1.00,CYCLE,N
IND,208,6592,59452,16/01/2019,16:33:30,15,1,29.3,1.0,0.7,0.6,2,1,1.00,CYCLE,N
IND,208,6592,59452,16/01/2019,16:33:33,15,1,27.4,1.1,2.9,2.8,2,1,1.00,CYCLE,N
IND,208,6592,59452,16/01/2019,16:33:35,15,1,34.6,1.0,2.4,2.2,2,1,1.00,CYCLE,N
IND,208,6592,59452,16/01/2019,16:33:36,15,1,32.4,1.0,1.3,1.2,2,1,1.00,CYCLE,N
IND,208,6592,59452,16/01/2019,16:33:36,15,1,32.4,1.0,0.0,0.0,2,1,1.00,CYCLE,N
IND,208,6592,59452,16/01/2019,16:33:37,15,1,24.5,1.0,0.8,0.7,2,1,0.73,CYCLE,N
IND,208,6592,59452,16/01/2019,16:33:39,15,1,28.9,1.0,1.6,1.1,2,1,1.00,CYCLE,N
IND,208,6592,59453,16/01/2019,16:33:41,15,0,29.2,1.0,29.6,29.1,2,1,1.00,CYCLE,S
IND,208,6592,59453,16/01/2019,16:33:42,15,0,29.6,1.1,0.3,0.2,2,1,1.00,CYCLE,S
IND,208,6592,59453,16/01/2019,16:33:43,15,0,31.0,1.0,1.5,1.4,2,1,1.00,CYCLE,S
IND,208,6592,59452,16/01/2019,16:33:45,15,1,26.7,1.0,6.1,6.0,2,1,1.00,CYCLE,N
IND,208,6592,59452,16/01/2019,16:33:45,15,1,26.3,1.0,0.2,0.1,2,1,1.00,CYCLE,N
IND,208,6592,59452,16/01/2019,16:33:47,15,1,31.3,1.0,1.4,1.3,2,1,1.00,CYCLE,N
IND,208,6592,59452,16/01/2019,16:33:47,15,1,24.9,1.0,0.8,0.7,2,1,1.00,CYCLE,N
IND,208,6592,59453,16/01/2019,16:33:50,15,0,33.1,1.0,6.6,6.4,2,1,0.50,CYCLE,S
IND,208,6592,59452,16/01/2019,16:33:50,15,1,33.1,1.0,0.0,0.0,2,1,0.50,CYCLE,N
IND,208,6592,59452,16/01/2019,16:33:51,15,1,21.3,1.0,3.2,3.0,2,1,1.00,CYCLE,N
IND,208,6592,59452,16/01/2019,16:33:51,15,1,21.3,1.0,0.0,0.0,2,1,1.00,CYCLE,N
IND,208,6592,59452,16/01/2019,16:33:52,15,1,24.3,1.1,1.0,0.7,2,1,1.00,CYCLE,N
IND,208,6592,59452,16/01/2019,16:33:52,15,1,25.1,1.0,0.7,0.6,2,1,1.00,CYCLE,N
IND,208,6592,59452,16/01/2019,16:33:53,15,1,26.7,1.1,0.7,0.6,2,1,1.00,CYCLE,N
IND,208,6592,59452,16/01/2019,16:33:54,15,1,31.2,1.0,1.4,1.3,2,1,1.00,CYCLE,N
IND,208,6592,59452,16/01/2019,16:33:55,15,1,24.3,1.1,0.9,0.8,2,1,1.00,CYCLE,N
IND,208,6592,59452,16/01/2019,16:33:57,15,1,23.6,1.0,1.3,1.1,2,1,1.00,CYCLE,N
IND,208,6592,59452,16/01/2019,16:34:01,15,1,25.7,1.1,4.2,4.0,2,1,1.00,CYCLE,N
IND,208,6592,59452,16/01/2019,16:35:08,15,1,27.8,1.0,67.2,67.0,2,1,1.00,CYCLE,N
IND,208,6592,59452,16/01/2019,16:35:09,15,1,21.8,1.0,0.7,0.6,2,1,0.86,CYCLE,N
IND,208,6592,59452,16/01/2019,16:35:11,15,1,25.1,0.9,2.3,2.1,2,1,1.00,CYCLE,N
IND,208,6592,59452,16/01/2019,16:35:12,15,1,22.6,1.2,0.8,0.7,2,1,1.00,CYCLE,N
IND,208,6592,59452,16/01/2019,16:35:12,15,1,22.8,1.0,0.6,0.4,2,1,1.00,CYCLE,N
IND,208,6592,59452,16/01/2019,16:35:14,15,1,24.4,1.1,1.3,1.1,2,1,1.00,CYCLE,N
IND,208,6592,59452,16/01/2019,16:35:17,15,1,22.5,1.1,2.9,2.7,2,1,1.00,CYCLE,N
IND,208,6592,59452,16/01/2019,16:35:20,15,1,28.0,1.0,3.1,2.9,2,1,1.00,CYCLE,N
IND,208,6592,59452,16/01/2019,16:35:20,15,1,27.7,1.0,0.4,0.2,2,1,1.00,CYCLE,N
IND,208,6592,59452,16/01/2019,16:35:21,15,1,29.7,1.0,1.2,1.1,2,1,1.00,CYCLE,N
IND,208,6592,59452,16/01/2019,16:35:22,15,1,29.9,1.0,0.9,0.7,2,1,1.00,CYCLE,N
IND,208,6592,59452,16/01/2019,16:35:26,15,1,28.2,1.0,3.8,3.7,2,1,1.00,CYCLE,N
IND,208,6592,59452,16/01/2019,16:35:26,15,1,28.4,1.0,0.5,0.4,2,1,1.00,CYCLE,N
IND,208,6592,59452,16/01/2019,16:35:27,15,1,28.1,1.1,0.5,0.4,2,1,1.00,CYCLE,N
IND,208,6592,59452,16/01/2019,16:35:33,15,1,24.8,1.0,5.6,5.5,2,1,1.00,CYCLE,N
IND,208,6592,59452,16/01/2019,16:35:33,15,1,24.8,1.0,0.0,0.0,2,1,1.00,CYCLE,N
IND,208,6592,59452,16/01/2019,16:35:37,15,1,24.9,1.1,4.1,3.9,2,1,1.00,CYCLE,N
IND,208,6592,59452,16/01/2019,16:35:37,15,1,23.0,1.0,0.6,0.5,2,1,1.00,CYCLE,N
IND,208,6592,59452,16/01/2019,16:35:39,15,1,26.2,1.0,1.7,1.5,2,1,1.00,CYCLE,N
IND,208,6592,59452,16/01/2019,16:35:39,15,1,24.7,1.0,0.4,0.2,2,1,1.00,CYCLE,N
IND,208,6592,59452,16/01/2019,16:35:40,15,1,24.1,1.1,0.5,0.4,2,1,1.00,CYCLE,N
IND,208,6592,59452,16/01/2019,16:35:43,15,1,23.2,1.0,3.0,2.9,2,1,1.00,CYCLE,N
IND,208,6592,59452,16/01/2019,16:35:47,15,1,24.4,1.0,4.6,4.5,2,1,1.00,CYCLE,N
IND,208,6592,59452,16/01/2019,16:35:49,15,1,23.5,1.0,1.4,1.3,2,1,1.00,CYCLE,N
IND,208,6592,59452,16/01/2019,16:35:49,15,1,23.4,1.1,0.4,0.2,2,1,1.00,CYCLE,N
IND,208,6592,59452,16/01/2019,16:35:50,15,1,19.9,1.1,0.6,0.4,2,1,1.00,CYCLE,N
IND,208,6592,59452,16/01/2019,16:35:56,15,1,18.3,1.1,5.9,5.7,2,1,1.00,CYCLE,N
IND,208,6592,59452,16/01/2019,16:35:58,15,1,23.2,1.1,1.9,1.7,2,1,1.00,CYCLE,N
IND,208,6592,59452,16/01/2019,16:35:58,15,1,23.3,1.1,0.9,0.7,2,1,1.00,CYCLE,N
IND,208,6592,59452,16/01/2019,16:36:01,15,1,17.6,1.0,2.2,2.1,2,1,1.00,CYCLE,N
IND,208,6592,59452,16/01/2019,16:37:06,15,1,29.8,1.0,65.2,64.9,2,1,1.00,CYCLE,N
IND,208,6592,59452,16/01/2019,16:37:06,15,1,29.7,1.0,0.4,0.2,2,1,1.00,CYCLE,N
IND,208,6592,59452,16/01/2019,16:37:07,15,1,20.9,1.1,1.2,1.1,2,1,1.00,CYCLE,N
IND,208,6592,59452,16/01/2019,16:37:17,15,1,32.5,1.0,9.5,9.3,2,1,1.00,CYCLE,N
IND,208,6592,59452,16/01/2019,16:37:17,15,1,32.5,1.0,0.0,0.0,2,1,1.00,CYCLE,N
IND,208,6592,59452,16/01/2019,16:37:19,15,1,25.8,1.1,0.6,0.5,2,1,1.00,CYCLE,N
IND,208,6592,59452,16/01/2019,16:37:21,15,1,30.0,1.0,1.8,1.6,2,1,1.00,CYCLE,N
IND,208,6592,59452,16/01/2019,16:37:21,15,1,30.1,1.1,0.5,0.4,2,1,1.00,CYCLE,N
IND,208,6592,59452,16/01/2019,16:37:26,15,1,26.8,1.1,5.2,5.1,2,1,1.00,CYCLE,N
IND,208,6592,59452,16/01/2019,16:37:29,15,1,27.5,1.1,2.5,2.4,2,1,1.00,CYCLE,N
IND,208,6592,59452,16/01/2019,16:37:30,15,1,27.3,1.0,1.3,1.2,2,1,1.00,CYCLE,N
IND,208,6592,59453,16/01/2019,16:37:31,15,0,19.3,1.0,220.7,220.4,2,1,1.00,CYCLE,S
IND,208,6592,59452,16/01/2019,16:37:34,15,1,27.0,1.0,3.7,3.5,2,1,0.86,CYCLE,N
IND,208,6592,59452,16/01/2019,16:37:35,15,1,26.3,1.0,0.9,0.8,2,1,1.00,CYCLE,N
IND,208,6592,59452,16/01/2019,16:37:36,15,1,27.3,1.1,1.4,1.3,2,1,1.00,CYCLE,N
IND,208,6592,59452,16/01/2019,16:37:37,15,1,26.4,1.0,0.5,0.3,2,1,1.00,CYCLE,N
IND,208,6592,59452,16/01/2019,16:37:37,15,1,23.6,1.1,0.2,0.1,2,1,1.00,CYCLE,N
IND,208,6592,59452,16/01/2019,16:37:38,15,1,25.7,1.0,1.3,1.1,2,1,1.00,CYCLE,N
IND,208,6592,59452,16/01/2019,16:37:39,15,1,25.4,1.0,1.2,1.0,2,1,1.00,CYCLE,N
IND,208,6592,59452,16/01/2019,16:37:40,15,1,24.8,1.1,0.7,0.5,2,1,1.00,CYCLE,N
IND,208,6592,59452,16/01/2019,16:37:42,15,1,24.9,1.0,1.7,1.5,2,1,1.00,CYCLE,N
IND,208,6592,59452,16/01/2019,16:37:46,15,1,26.1,1.1,4.1,4.0,2,1,1.00,CYCLE,N
IND,208,6592,59453,16/01/2019,16:37:49,15,0,30.4,1.0,18.9,18.7,2,1,1.00,CYCLE,S
IND,208,6592,59453,16/01/2019,16:38:07,15,0,24.8,1.0,17.8,17.7,2,1,1.00,CYCLE,S
IND,208,6592,59452,16/01/2019,16:38:24,15,1,25.4,1.1,38.0,37.8,2,1,1.00,CYCLE,N
IND,208,6592,59452,16/01/2019,16:38:41,15,1,26.6,1.1,17.2,17.1,2,1,1.00,CYCLE,N
IND,208,6592,59452,16/01/2019,16:38:44,15,1,26.1,1.1,2.9,2.7,2,1,1.00,CYCLE,N
IND,208,6592,59452,16/01/2019,16:38:46,15,1,23.3,1.1,1.7,1.6,2,1,1.00,CYCLE,N
IND,208,6592,59452,16/01/2019,16:38:48,15,1,21.9,1.0,2.9,2.7,2,1,1.00,CYCLE,N
IND,208,6592,59452,16/01/2019,16:38:49,15,1,21.8,1.1,1.0,0.8,2,1,1.00,CYCLE,N
IND,208,6592,59452,16/01/2019,16:38:50,15,1,21.1,1.1,0.8,0.7,2,1,1.00,CYCLE,N
IND,208,6592,59452,16/01/2019,16:38:51,15,1,21.2,1.0,0.5,0.3,2,1,1.00,CYCLE,N
IND,208,6592,59452,16/01/2019,16:38:53,15,1,19.9,1.2,2.0,1.8,2,1,1.00,CYCLE,N
IND,208,6592,59452,16/01/2019,16:38:53,15,1,21.5,1.1,0.4,0.2,2,1,1.00,CYCLE,N
IND,208,6592,59452,16/01/2019,16:39:11,15,1,35.0,1.1,18.0,17.8,2,1,1.00,CYCLE,N
IND,208,6592,59452,16/01/2019,16:39:12,15,1,33.0,1.0,1.1,1.0,2,1,1.00,CYCLE,N
IND,208,6592,59452,16/01/2019,16:39:13,15,1,33.0,1.1,0.3,0.2,2,1,1.00,CYCLE,N
IND,208,6592,59452,16/01/2019,16:39:15,15,1,33.9,1.0,2.4,2.3,2,1,1.00,CYCLE,N
IND,208,6592,59452,16/01/2019,16:39:16,15,1,30.6,1.0,1.0,0.9,2,1,1.00,CYCLE,N
IND,208,6592,59452,16/01/2019,16:39:21,15,1,29.7,1.0,4.9,4.8,2,1,1.00,CYCLE,N
IND,208,6592,59452,16/01/2019,16:39:22,15,1,29.9,1.1,0.7,0.6,2,1,1.00,CYCLE,N
IND,208,6592,59452,16/01/2019,16:39:23,15,1,32.0,1.0,1.4,1.2,2,1,1.00,CYCLE,N
IND,208,6592,59453,16/01/2019,16:39:23,15,0,19.0,1.1,76.2,76.0,2,1,1.00,CYCLE,S
IND,208,6592,59452,16/01/2019,16:39:26,15,1,32.0,1.1,3.0,2.9,2,1,1.00,CYCLE,N
IND,208,6592,59452,16/01/2019,16:39:27,15,1,26.6,1.1,1.3,1.2,2,1,1.00,CYCLE,N
IND,208,6592,59452,16/01/2019,16:39:28,15,1,29.1,1.0,0.6,0.5,2,1,1.00,CYCLE,N
IND,208,6592,59452,16/01/2019,16:39:29,15,1,27.9,1.0,1.0,0.9,2,1,1.00,CYCLE,N
IND,208,6592,59452,16/01/2019,16:39:37,15,1,28.3,1.0,7.7,7.6,2,1,1.00,CYCLE,N
IND,208,6592,59452,16/01/2019,16:39:38,15,1,26.5,1.0,1.4,1.3,2,1,1.00,CYCLE,N
IND,208,6592,59452,16/01/2019,16:39:38,15,1,26.5,1.0,0.0,0.0,2,1,1.00,CYCLE,N
IND,208,6592,59452,16/01/2019,16:39:40,15,1,26.6,1.1,1.6,1.5,2,1,1.00,CYCLE,N
IND,208,6592,59452,16/01/2019,16:39:41,15,1,24.4,1.0,1.8,1.6,2,1,1.00,CYCLE,N
IND,208,6592,59452,16/01/2019,16:39:46,15,1,21.3,1.0,4.4,4.3,2,1,1.00,CYCLE,N
IND,208,6592,59452,16/01/2019,16:39:47,15,1,20.7,1.0,1.0,0.9,2,1,1.00,CYCLE,N
IND,208,6592,59452,16/01/2019,16:39:47,15,1,21.4,1.0,0.4,0.2,2,1,1.00,CYCLE,N
IND,208,6592,59452,16/01/2019,16:39:48,15,1,22.9,1.1,0.5,0.4,2,1,1.00,CYCLE,N
IND,208,6592,59452,16/01/2019,16:39:49,15,1,20.1,1.0,0.8,0.6,2,1,1.00,CYCLE,N
IND,208,6592,59453,16/01/2019,16:40:13,15,0,25.4,1.1,50.0,49.8,2,1,1.00,CYCLE,S
IND,208,6592,59453,16/01/2019,16:41:11,15,0,31.5,1.0,57.6,57.5,2,1,1.00,CYCLE,S
IND,208,6592,59453,16/01/2019,16:41:16,15,0,27.5,1.0,4.7,4.5,2,1,0.20,CYCLE,S
IND,208,6592,59453,16/01/2019,16:41:16,15,0,27.5,1.0,0.0,0.0,2,1,0.20,CYCLE,S
IND,208,6592,59453,16/01/2019,16:41:16,15,0,27.5,1.0,0.0,0.0,2,1,0.20,CYCLE,S
IND,208,6592,59452,16/01/2019,16:41:21,15,1,19.4,1.0,2.1,2.0,2,1,0.33,CYCLE,N
IND,208,6592,59452,16/01/2019,16:41:21,15,1,19.4,1.0,0.0,0.0,2,1,0.33,CYCLE,N
IND,208,6592,59452,16/01/2019,16:41:23,15,1,32.7,1.0,1.5,0.9,2,1,1.00,CYCLE,N
IND,208,6592,59452,16/01/2019,16:41:29,15,1,27.2,1.0,6.0,5.9,2,1,1.00,CYCLE,N
IND,208,6592,59452,16/01/2019,16:41:30,15,1,27.2,1.0,0.8,0.7,2,1,1.00,CYCLE,N
IND,208,6592,59452,16/01/2019,16:41:33,15,1,27.0,1.0,1.5,1.5,2,1,1.00,CYCLE,N
IND,208,6592,59452,16/01/2019,16:41:37,15,1,28.9,1.0,4.7,4.5,2,1,1.00,CYCLE,N
IND,208,6592,59452,16/01/2019,16:41:38,15,1,28.5,1.1,0.3,0.2,2,1,1.00,CYCLE,N
IND,208,6592,59452,16/01/2019,16:41:38,15,1,28.6,1.1,0.5,0.4,2,1,1.00,CYCLE,N
IND,208,6592,59452,16/01/2019,16:41:39,15,1,24.6,1.1,0.3,0.2,2,1,1.00,CYCLE,N
IND,208,6592,59452,16/01/2019,16:41:39,15,1,28.3,1.0,0.4,0.2,2,1,1.00,CYCLE,N
IND,208,6592,59452,16/01/2019,16:41:41,15,1,25.6,1.0,2.5,2.4,2,1,1.00,CYCLE,N
IND,208,6592,59453,16/01/2019,16:41:42,15,0,24.5,1.0,26.3,25.0,2,1,1.00,CYCLE,S
IND,208,6592,59452,16/01/2019,16:41:43,15,1,36.5,1.1,1.1,0.9,2,1,1.00,CYCLE,N
IND,208,6592,59452,16/01/2019,16:41:43,15,1,23.4,1.0,0.5,0.5,2,1,1.00,CYCLE,N
IND,208,6592,59452,16/01/2019,16:41:44,15,1,23.2,1.0,0.8,0.6,2,1,1.00,CYCLE,N
IND,208,6592,59452,16/01/2019,16:41:44,15,1,23.8,1.0,0.5,0.4,2,1,1.00,CYCLE,N
IND,208,6592,59452,16/01/2019,16:41:45,15,1,25.1,1.0,0.9,0.7,2,1,1.00,CYCLE,N
IND,208,6592,59452,16/01/2019,16:41:46,15,1,25.5,1.0,0.6,0.5,2,1,1.00,CYCLE,N
IND,208,6592,59452,16/01/2019,16:41:51,15,1,27.7,1.1,5.5,5.3,2,1,1.00,CYCLE,N
IND,208,6592,59452,16/01/2019,16:42:00,15,1,26.7,1.1,8.4,8.2,2,1,1.00,CYCLE,N
IND,208,6592,59452,16/01/2019,16:42:34,15,1,27.9,1.0,34.3,34.2,2,1,1.00,CYCLE,N
IND,208,6592,59452,16/01/2019,16:42:37,15,1,25.9,1.0,3.2,3.1,2,1,1.00,CYCLE,N
IND,208,6592,59452,16/01/2019,16:42:38,15,1,24.4,1.1,1.1,0.9,2,1,1.00,CYCLE,N
IND,208,6592,59452,16/01/2019,16:42:39,15,1,24.4,1.1,1.1,1.0,2,1,1.00,CYCLE,N
IND,208,6592,59452,16/01/2019,16:42:40,15,1,23.7,1.0,0.7,0.5,2,1,1.00,CYCLE,N
IND,208,6592,59452,16/01/2019,16:42:41,15,1,23.3,1.0,1.2,1.1,2,1,1.00,CYCLE,N
IND,208,6592,59452,16/01/2019,16:42:43,15,1,23.6,1.1,1.8,1.7,2,1,1.00,CYCLE,N
IND,208,6592,59452,16/01/2019,16:42:45,15,1,22.6,1.0,2.0,1.9,2,1,1.00,CYCLE,N
IND,208,6592,59452,16/01/2019,16:42:52,15,1,18.7,1.0,6.3,6.1,2,1,1.00,CYCLE,N
IND,208,6592,59452,16/01/2019,16:42:53,15,1,18.5,1.1,1.8,1.6,2,1,1.00,CYCLE,N
IND,208,6592,59452,16/01/2019,16:42:55,15,1,7.8,1.0,1.9,1.7,2,1,0.43,CYCLE,N
IND,208,6592,59452,16/01/2019,16:42:55,15,1,7.8,1.0,0.0,0.0,2,1,0.43,CYCLE,N
IND,208,6592,59452,16/01/2019,16:42:55,15,1,7.8,1.0,0.0,0.0,2,1,0.43,CYCLE,N
IND,208,6592,59452,16/01/2019,16:42:59,15,1,30.3,1.0,4.0,2.2,2,1,1.00,CYCLE,N
IND,208,6592,59452,16/01/2019,16:43:01,15,1,32.3,1.1,2.0,1.9,2,1,1.00,CYCLE,N
IND,208,6592,59452,16/01/2019,16:43:06,15,1,30.2,1.0,5.0,4.9,2,1,1.00,CYCLE,N
IND,208,6592,59452,16/01/2019,16:43:07,15,1,30.5,1.0,0.4,0.3,2,1,1.00,CYCLE,N
IND,208,6592,59452,16/01/2019,16:43:09,15,1,27.5,1.1,2.2,2.1,2,1,1.00,CYCLE,N
IND,208,6592,59452,16/01/2019,16:43:11,15,1,25.7,1.1,2.5,2.4,2,1,1.00,CYCLE,N
IND,208,6592,59452,16/01/2019,16:43:12,15,1,27.2,1.0,0.5,0.3,2,1,1.00,CYCLE,N
IND,208,6592,59452,16/01/2019,16:43:13,15,1,27.7,1.0,1.0,0.9,2,1,1.00,CYCLE,N
IND,208,6592,59452,16/01/2019,16:43:14,15,1,32.7,1.0,0.9,0.8,2,1,1.00,CYCLE,N
IND,208,6592,59452,16/01/2019,16:43:15,15,1,26.9,1.1,1.6,1.5,2,1,1.00,CYCLE,N
IND,208,6592,59452,16/01/2019,16:43:16,15,1,27.7,1.1,0.5,0.3,2,1,1.00,CYCLE,N
IND,208,6592,59452,16/01/2019,16:43:17,15,1,27.1,1.0,0.7,0.5,2,1,1.00,CYCLE,N
IND,208,6592,59452,16/01/2019,16:43:17,15,1,26.7,1.0,0.4,0.2,2,1,1.00,CYCLE,N
IND,208,6592,59452,16/01/2019,16:43:18,15,1,29.2,1.0,0.9,0.7,2,1,1.00,CYCLE,N
IND,208,6592,59452,16/01/2019,16:43:19,15,1,28.3,1.0,1.0,0.9,2,1,1.00,CYCLE,N
IND,208,6592,59452,16/01/2019,16:43:25,15,1,26.6,1.0,6.4,6.3,2,1,1.00,CYCLE,N
IND,208,6592,59452,16/01/2019,16:43:26,15,1,27.8,1.2,0.7,0.6,2,1,1.00,CYCLE,N
IND,208,6592,59452,16/01/2019,16:43:31,15,1,22.4,1.0,5.1,5.0,2,1,1.00,CYCLE,N
IND,208,6592,59453,16/01/2019,16:43:33,15,0,34.9,1.0,111.0,110.8,2,1,0.50,CYCLE,S
IND,208,6592,59452,16/01/2019,16:43:33,15,1,34.9,1.0,0.0,0.0,2,1,0.50,CYCLE,N
IND,208,6592,59453,16/01/2019,16:43:41,15,0,25.0,1.0,8.6,8.3,2,1,1.00,CYCLE,S
IND,208,6592,59453,16/01/2019,16:44:05,15,0,24.6,1.0,23.8,23.7,2,1,1.00,CYCLE,S
IND,208,6592,59452,16/01/2019,16:45:10,15,1,31.6,1.0,99.3,99.1,2,1,1.00,CYCLE,N
IND,208,6592,59452,16/01/2019,16:45:18,15,1,27.8,1.0,7.5,7.4,2,1,1.00,CYCLE,N
IND,208,6592,59452,16/01/2019,16:45:18,15,1,28.0,1.0,0.3,0.1,2,1,1.00,CYCLE,N
IND,208,6592,59452,16/01/2019,16:45:18,15,1,27.4,1.0,0.4,0.2,2,1,1.00,CYCLE,N
IND,208,6592,59452,16/01/2019,16:45:21,15,1,27.2,1.0,2.5,2.4,2,1,1.00,CYCLE,N
IND,208,6592,59452,16/01/2019,16:45:22,15,1,34.6,1.1,0.8,0.6,2,1,1.00,CYCLE,N
IND,208,6592,59452,16/01/2019,16:45:23,15,1,26.5,1.0,1.4,1.3,2,1,1.00,CYCLE,N
IND,208,6592,59452,16/01/2019,16:45:24,15,1,28.4,1.1,0.7,0.6,2,1,1.00,CYCLE,N
IND,208,6592,59452,16/01/2019,16:45:25,15,1,29.3,1.1,1.6,1.5,2,1,1.00,CYCLE,N
IND,208,6592,59452,16/01/2019,16:45:26,15,1,26.6,1.1,0.3,0.2,2,1,1.00,CYCLE,N
IND,208,6592,59452,16/01/2019,16:45:29,15,1,28.1,1.1,3.1,2.9,2,1,1.00,CYCLE,N
IND,208,6592,59452,16/01/2019,16:45:30,15,1,23.7,1.1,1.0,0.9,2,1,1.00,CYCLE,N
IND,208,6592,59452,16/01/2019,16:45:32,15,1,36.1,1.0,2.3,2.2,2,1,0.22,CYCLE,N
IND,208,6592,59452,16/01/2019,16:45:32,15,1,36.1,1.0,0.0,0.0,2,1,0.22,CYCLE,N
IND,208,6592,59452,16/01/2019,16:45:33,15,1,36.1,1.0,0.7,0.5,2,1,1.00,CYCLE,N
IND,208,6592,59452,16/01/2019,16:45:34,15,1,28.4,1.1,1.2,1.1,2,1,1.00,CYCLE,N
IND,208,6592,59452,16/01/2019,16:45:36,15,1,29.4,1.0,2.3,2.2,2,1,0.80,CYCLE,N
IND,208,6592,59452,16/01/2019,16:45:38,15,1,24.1,1.1,1.6,1.5,2,1,1.00,CYCLE,N
IND,208,6592,59452,16/01/2019,16:45:39,15,1,27.5,1.1,1.1,0.9,2,1,1.00,CYCLE,N
IND,208,6592,59452,16/01/2019,16:45:41,15,1,25.6,1.1,1.5,1.4,2,1,1.00,CYCLE,N
IND,208,6592,59453,16/01/2019,16:46:14,15,0,25.4,1.0,128.5,128.3,2,1,1.00,CYCLE,S
IND,208,6592,59452,16/01/2019,16:46:15,15,1,27.4,1.1,34.8,34.6,2,1,1.00,CYCLE,N
IND,208,6592,59452,16/01/2019,16:46:57,15,1,25.1,1.1,41.3,41.1,2,1,1.00,CYCLE,N
IND,208,6592,59452,16/01/2019,16:46:58,15,1,26.8,1.1,1.0,0.8,2,1,1.00,CYCLE,N
IND,208,6592,59452,16/01/2019,16:46:59,15,1,23.9,1.2,1.3,1.1,2,1,1.00,CYCLE,N
IND,208,6592,59452,16/01/2019,16:46:59,15,1,33.9,1.0,0.5,0.3,2,1,1.00,CYCLE,N
IND,208,6592,59452,16/01/2019,16:47:00,15,1,34.2,1.0,0.7,0.6,2,1,1.00,CYCLE,N
IND,208,6592,59452,16/01/2019,16:47:01,15,1,32.3,1.1,1.4,1.3,2,1,1.00,CYCLE,N
IND,208,6592,59452,16/01/2019,16:47:03,15,1,23.2,1.0,1.2,1.1,2,1,1.00,CYCLE,N
IND,208,6592,59452,16/01/2019,16:47:04,15,1,22.4,1.1,1.2,0.9,2,1,1.00,CYCLE,N
IND,208,6592,59452,16/01/2019,16:47:05,15,1,30.2,1.0,0.9,0.7,2,1,1.00,CYCLE,N
IND,208,6592,59452,16/01/2019,16:47:06,15,1,32.0,1.0,0.8,0.7,2,1,1.00,CYCLE,N
IND,208,6592,59453,16/01/2019,16:47:07,15,0,23.2,1.1,53.4,53.3,2,1,1.00,CYCLE,S
IND,208,6592,59452,16/01/2019,16:47:08,15,1,21.3,1.1,2.0,1.9,2,1,1.00,CYCLE,N
IND,208,6592,59452,16/01/2019,16:47:09,15,1,30.1,1.0,1.3,1.1,2,1,1.00,CYCLE,N
IND,208,6592,59452,16/01/2019,16:47:10,15,1,18.8,1.0,1.6,1.5,2,1,1.00,CYCLE,N
IND,208,6592,59452,16/01/2019,16:47:13,15,1,27.7,1.1,2.1,1.9,2,1,1.00,CYCLE,N
IND,208,6592,59452,16/01/2019,16:47:14,15,1,25.5,1.1,1.0,0.8,2,1,1.00,CYCLE,N
IND,208,6592,59452,16/01/2019,16:47:16,15,1,29.5,1.0,2.5,2.3,2,1,1.00,CYCLE,N
IND,208,6592,59452,16/01/2019,16:47:17,15,1,28.2,1.0,0.5,0.4,2,1,1.00,CYCLE,N
IND,208,6592,59452,16/01/2019,16:47:17,15,1,28.8,1.0,0.8,0.7,2,1,0.50,CYCLE,N
IND,208,6592,59453,16/01/2019,16:47:17,15,0,28.8,1.0,0.0,0.0,2,1,0.50,CYCLE,S
IND,208,6592,59452,16/01/2019,16:47:19,15,1,26.7,1.0,1.2,1.0,2,1,1.00,CYCLE,N
IND,208,6592,59452,16/01/2019,16:47:20,15,1,27.4,1.0,0.9,0.8,2,1,1.00,CYCLE,N
IND,208,6592,59452,16/01/2019,16:47:20,15,1,26.7,1.0,0.5,0.4,2,1,1.00,CYCLE,N
IND,208,6592,59452,16/01/2019,16:47:20,15,1,26.6,1.1,0.3,0.2,2,1,1.00,CYCLE,N
IND,208,6592,59452,16/01/2019,16:47:21,15,1,27.2,1.0,0.4,0.2,2,1,1.00,CYCLE,N
IND,208,6592,59452,16/01/2019,16:47:22,15,1,28.8,1.0,1.0,0.9,2,1,1.00,CYCLE,N
IND,208,6592,59452,16/01/2019,16:47:23,15,1,24.4,1.1,1.3,1.2,2,1,1.00,CYCLE,N
IND,208,6592,59452,16/01/2019,16:47:25,15,1,25.5,1.1,2.3,2.1,2,1,1.00,CYCLE,N
IND,208,6592,59452,16/01/2019,16:47:26,15,1,25.4,1.0,0.6,0.4,2,1,1.00,CYCLE,N
IND,208,6592,59453,16/01/2019,16:47:29,15,0,27.4,1.0,5.9,5.9,2,1,0.57,CYCLE,S
IND,208,6592,59453,16/01/2019,16:47:30,15,0,24.3,1.0,0.5,0.3,2,1,0.57,CYCLE,S
IND,208,6592,59452,16/01/2019,16:47:30,15,1,23.0,1.0,4.4,4.3,2,1,1.00,CYCLE,N
IND,208,6592,59452,16/01/2019,16:47:32,15,1,24.0,1.1,1.3,1.1,2,1,1.00,CYCLE,N
IND,208,6592,59452,16/01/2019,16:47:32,15,1,24.0,1.0,0.6,0.4,2,1,1.00,CYCLE,N
IND,208,6592,59452,16/01/2019,16:47:33,15,1,23.4,1.0,0.9,0.8,2,1,1.00,CYCLE,N
IND,208,6592,59452,16/01/2019,16:47:35,15,1,25.3,1.1,2.0,1.9,2,1,1.00,CYCLE,N
IND,208,6592,59452,16/01/2019,16:47:36,15,1,24.1,1.0,0.7,0.6,2,1,1.00,CYCLE,N
IND,208,6592,59452,16/01/2019,16:47:36,15,1,25.8,1.1,0.2,0.1,2,1,1.00,CYCLE,N
IND,208,6592,59453,16/01/2019,16:47:56,15,0,32.4,1.0,25.9,25.6,2,1,1.00,CYCLE,S
IND,208,6592,59452,16/01/2019,16:48:45,15,1,36.4,1.0,69.3,69.1,2,1,1.00,CYCLE,N
IND,208,6592,59452,16/01/2019,16:48:46,15,1,39.3,1.1,0.4,0.3,2,1,1.00,CYCLE,N
IND,208,6592,59452,16/01/2019,16:48:52,15,1,25.6,1.1,5.7,5.7,2,1,1.00,CYCLE,N
IND,208,6592,59452,16/01/2019,16:49:00,15,1,19.2,1.1,8.4,8.3,2,1,1.00,CYCLE,N
IND,208,6592,59452,16/01/2019,16:49:02,15,1,30.0,1.0,1.5,1.3,2,1,1.00,CYCLE,N
IND,208,6592,59452,16/01/2019,16:49:13,15,1,35.7,1.1,11.4,11.2,2,1,1.00,CYCLE,N
IND,208,6592,59452,16/01/2019,16:49:14,15,1,35.7,1.0,1.1,1.0,2,1,1.00,CYCLE,N
IND,208,6592,59452,16/01/2019,16:49:20,15,1,29.7,1.1,6.1,6.0,2,1,1.00,CYCLE,N
IND,208,6592,59452,16/01/2019,16:49:21,15,1,30.3,1.1,0.8,0.7,2,1,1.00,CYCLE,N
IND,208,6592,59452,16/01/2019,16:49:26,15,1,25.5,1.1,5.2,5.1,2,1,1.00,CYCLE,N
IND,208,6592,59452,16/01/2019,16:49:27,15,1,29.1,1.0,0.5,0.4,2,1,1.00,CYCLE,N
IND,208,6592,59452,16/01/2019,16:49:29,15,1,28.2,1.1,2.4,2.3,2,1,1.00,CYCLE,N
IND,208,6592,59452,16/01/2019,16:49:32,15,1,28.5,1.0,3.0,2.9,2,1,1.00,CYCLE,N
IND,208,6592,59452,16/01/2019,16:49:38,15,1,25.6,1.1,5.8,5.7,2,1,1.00,CYCLE,N
IND,208,6592,59453,16/01/2019,16:49:52,15,0,31.2,1.1,116.2,116.1,2,1,1.00,CYCLE,S
IND,208,6592,59452,16/01/2019,16:50:29,15,1,31.6,1.1,51.0,50.8,2,1,1.00,CYCLE,N
IND,208,6592,59452,16/01/2019,16:50:32,15,1,30.8,1.0,3.0,2.9,2,1,1.00,CYCLE,N
IND,208,6592,59452,16/01/2019,16:50:35,15,1,30.8,1.1,2.9,2.8,2,1,1.00,CYCLE,N
IND,208,6592,59452,16/01/2019,16:50:36,15,1,26.5,1.1,1.2,1.1,2,1,1.00,CYCLE,N
IND,208,6592,59452,16/01/2019,16:50:37,15,1,26.6,1.0,0.5,0.4,2,1,1.00,CYCLE,N
IND,208,6592,59452,16/01/2019,16:50:37,15,1,27.1,1.1,0.9,0.8,2,1,1.00,CYCLE,N
IND,208,6592,59452,16/01/2019,16:50:38,15,1,28.0,1.0,0.7,0.6,2,1,1.00,CYCLE,N
IND,208,6592,59452,16/01/2019,16:50:42,15,1,24.0,1.1,3.5,3.4,2,1,1.00,CYCLE,N
IND,208,6592,59452,16/01/2019,16:50:43,15,1,24.7,1.0,1.2,1.0,2,1,1.00,CYCLE,N
IND,208,6592,59452,16/01/2019,16:50:44,15,1,22.5,1.1,0.9,0.8,2,1,1.00,CYCLE,N
IND,208,6592,59452,16/01/2019,16:50:46,15,1,27.5,1.0,2.2,2.0,2,1,1.00,CYCLE,N
IND,208,6592,59452,16/01/2019,16:50:47,15,1,20.7,1.0,0.6,0.5,2,1,1.00,CYCLE,N
IND,208,6592,59452,16/01/2019,16:50:47,15,1,20.7,1.0,0.0,0.0,2,1,1.00,CYCLE,N
IND,208,6592,59452,16/01/2019,16:50:48,15,1,22.4,1.0,1.0,0.7,2,1,1.00,CYCLE,N
IND,208,6592,59452,16/01/2019,16:50:49,15,1,22.8,1.0,1.1,1.0,2,1,1.00,CYCLE,N
IND,208,6592,59452,16/01/2019,16:50:51,15,1,21.0,1.2,2.4,2.2,2,1,1.00,CYCLE,N
IND,208,6592,59452,16/01/2019,16:50:52,15,1,20.6,1.1,1.3,1.1,2,1,1.00,CYCLE,N
IND,208,6592,59453,16/01/2019,16:51:12,15,0,32.2,1.0,80.2,80.1,2,1,1.00,CYCLE,S
IND,208,6592,59452,16/01/2019,16:51:17,15,1,32.1,1.0,24.8,24.6,2,1,1.00,CYCLE,N
IND,208,6592,59452,16/01/2019,16:51:18,15,1,32.8,1.1,0.6,0.5,2,1,1.00,CYCLE,N
IND,208,6592,59452,16/01/2019,16:51:19,15,1,33.0,1.0,0.9,0.8,2,1,1.00,CYCLE,N
IND,208,6592,59452,16/01/2019,16:51:22,15,1,40.9,1.0,2.8,2.7,2,1,1.00,CYCLE,N
IND,208,6592,59452,16/01/2019,16:51:22,15,1,34.1,1.0,0.3,0.2,2,1,1.00,CYCLE,N
IND,208,6592,59452,16/01/2019,16:51:24,15,1,30.8,1.0,2.0,1.9,2,1,1.00,CYCLE,N
IND,208,6592,59452,16/01/2019,16:51:28,15,1,30.8,1.0,4.0,3.9,2,1,1.00,CYCLE,N
IND,208,6592,59452,16/01/2019,16:51:32,15,1,30.9,1.0,4.3,4.2,2,1,1.00,CYCLE,N
IND,208,6592,59452,16/01/2019,16:51:33,15,1,26.7,1.0,0.4,0.3,2,1,1.00,CYCLE,N
IND,208,6592,59452,16/01/2019,16:51:39,15,1,24.7,1.0,6.0,5.9,2,1,1.00,CYCLE,N
IND,208,6592,59452,16/01/2019,16:51:39,15,1,37.1,1.0,0.4,0.3,2,1,1.00,CYCLE,N
IND,208,6592,59452,16/01/2019,16:51:41,15,1,33.6,1.0,2.4,2.3,2,1,1.00,CYCLE,N
IND,208,6592,59452,16/01/2019,16:51:43,15,1,30.1,1.0,2.0,1.9,2,1,1.00,CYCLE,N
IND,208,6592,59452,16/01/2019,16:51:44,15,1,24.0,1.1,0.8,0.7,2,1,1.00,CYCLE,N
IND,208,6592,59452,16/01/2019,16:51:45,15,1,28.1,1.0,0.2,0.1,2,1,1.00,CYCLE,N
IND,208,6592,59452,16/01/2019,16:51:45,15,1,26.0,1.1,0.8,0.7,2,1,1.00,CYCLE,N
IND,208,6592,59452,16/01/2019,16:51:46,15,1,25.4,1.1,0.6,0.4,2,1,1.00,CYCLE,N
IND,208,6592,59452,16/01/2019,16:52:49,15,1,26.6,1.0,63.1,62.9,2,1,1.00,CYCLE,N
IND,208,6592,59452,16/01/2019,16:52:53,15,1,21.5,1.0,3.7,3.6,2,1,1.00,CYCLE,N
IND,208,6592,59452,16/01/2019,16:52:53,15,1,39.6,1.0,0.6,0.4,2,1,1.00,CYCLE,N
IND,208,6592,59452,16/01/2019,16:52:54,15,1,23.0,1.1,0.6,0.5,2,1,1.00,CYCLE,N
IND,208,6592,59452,16/01/2019,16:52:55,15,1,21.8,1.0,0.8,0.6,2,1,1.00,CYCLE,N
IND,208,6592,59452,16/01/2019,16:52:58,15,1,25.7,1.0,3.6,3.4,2,1,1.00,CYCLE,N
IND,208,6592,59452,16/01/2019,16:52:59,15,1,19.1,1.1,0.8,0.7,2,1,1.00,CYCLE,N
IND,208,6592,59452,16/01/2019,16:53:00,15,1,19.8,1.0,0.9,0.7,2,1,1.00,CYCLE,N
IND,208,6592,59452,16/01/2019,16:53:04,15,1,36.3,1.0,4.0,3.8,2,1,1.00,CYCLE,N
IND,208,6592,59452,16/01/2019,16:53:06,15,1,33.6,1.0,2.6,2.5,2,1,1.00,CYCLE,N
IND,208,6592,59452,16/01/2019,16:53:07,15,1,33.5,1.0,0.7,0.6,2,1,1.00,CYCLE,N
IND,208,6592,59452,16/01/2019,16:53:08,15,1,34.3,1.0,0.4,0.3,2,1,1.00,CYCLE,N
IND,208,6592,59452,16/01/2019,16:53:08,15,1,35.1,1.0,0.3,0.2,2,1,1.00,CYCLE,N
IND,208,6592,59452,16/01/2019,16:53:08,15,1,36.5,1.0,0.6,0.4,2,1,1.00,CYCLE,N
IND,208,6592,59452,16/01/2019,16:53:13,15,1,31.9,1.0,4.6,4.5,2,1,1.00,CYCLE,N
IND,208,6592,59452,16/01/2019,16:53:13,15,1,31.5,1.1,0.3,0.2,2,1,1.00,CYCLE,N
IND,208,6592,59452,16/01/2019,16:53:15,15,1,31.8,1.0,1.2,1.0,2,1,1.00,CYCLE,N
IND,208,6592,59452,16/01/2019,16:53:17,15,1,29.6,1.0,2.8,2.7,2,1,1.00,CYCLE,N
IND,208,6592,59452,16/01/2019,16:53:19,15,1,39.5,1.0,1.4,1.2,2,1,0.75,CYCLE,N
IND,208,6592,59452,16/01/2019,16:53:24,15,1,29.9,1.0,5.7,5.6,2,1,1.00,CYCLE,N
IND,208,6592,59452,16/01/2019,16:53:29,15,1,27.6,1.0,4.3,4.2,2,1,1.00,CYCLE,N
IND,208,6592,59452,16/01/2019,16:53:32,15,1,27.0,1.0,3.0,2.8,2,1,1.00,CYCLE,N
IND,208,6592,59452,16/01/2019,16:53:32,15,1,26.3,1.0,0.5,0.4,2,1,1.00,CYCLE,N
IND,208,6592,59452,16/01/2019,16:53:33,15,1,25.2,1.1,0.9,0.8,2,1,1.00,CYCLE,N
IND,208,6592,59452,16/01/2019,16:53:35,15,1,26.8,1.1,1.5,1.3,2,1,1.00,CYCLE,N
IND,208,6592,59452,16/01/2019,16:53:35,15,1,25.5,1.0,0.8,0.6,2,1,1.00,CYCLE,N
IND,208,6592,59452,16/01/2019,16:53:36,15,1,26.1,1.1,0.6,0.5,2,1,1.00,CYCLE,N
IND,208,6592,59452,16/01/2019,16:53:38,15,1,25.2,1.0,1.5,1.4,2,1,1.00,CYCLE,N
IND,208,6592,59453,16/01/2019,16:53:40,15,0,21.4,1.1,148.0,147.9,2,1,1.00,CYCLE,S
IND,208,6592,59452,16/01/2019,16:53:42,15,1,24.9,1.0,4.3,4.2,2,1,1.00,CYCLE,N
IND,208,6592,59453,16/01/2019,16:54:00,15,0,28.0,1.0,19.6,19.4,2,1,1.00,CYCLE,S
IND,208,6592,59452,16/01/2019,16:54:53,15,1,22.5,1.1,71.6,71.4,2,1,1.00,CYCLE,N
IND,208,6592,59452,16/01/2019,16:54:55,15,1,21.7,1.1,1.5,1.3,2,1,1.00,CYCLE,N
IND,208,6592,59452,16/01/2019,16:54:56,15,1,22.1,1.1,0.8,0.6,2,1,1.00,CYCLE,N
IND,208,6592,59452,16/01/2019,16:54:58,15,1,22.1,1.0,2.6,2.4,2,1,0.86,CYCLE,N
IND,208,6592,59452,16/01/2019,16:55:09,15,1,34.6,1.0,10.7,10.5,2,1,1.00,CYCLE,N
IND,208,6592,59452,16/01/2019,16:55:10,15,1,32.1,1.0,0.6,0.5,2,1,1.00,CYCLE,N
IND,208,6592,59452,16/01/2019,16:55:11,15,1,34.1,1.1,1.3,1.2,2,1,1.00,CYCLE,N
IND,208,6592,59452,16/01/2019,16:55:12,15,1,34.4,1.0,0.7,0.6,2,1,1.00,CYCLE,N
IND,208,6592,59452,16/01/2019,16:55:14,15,1,30.8,1.1,2.5,2.4,2,1,1.00,CYCLE,N
IND,208,6592,59452,16/01/2019,16:55:15,15,1,31.3,1.1,1.3,1.2,2,1,1.00,CYCLE,N
IND,208,6592,59452,16/01/2019,16:55:18,15,1,31.1,1.1,2.2,2.0,2,1,1.00,CYCLE,N
IND,208,6592,59452,16/01/2019,16:55:18,15,1,31.1,1.0,0.6,0.5,2,1,1.00,CYCLE,N
IND,208,6592,59452,16/01/2019,16:55:19,15,1,30.4,1.1,0.4,0.3,2,1,1.00,CYCLE,N
IND,208,6592,59452,16/01/2019,16:55:19,15,1,29.2,1.1,0.5,0.3,2,1,1.00,CYCLE,N
IND,208,6592,59452,16/01/2019,16:55:20,15,1,31.2,1.0,0.8,0.7,2,1,1.00,CYCLE,N
IND,208,6592,59452,16/01/2019,16:55:24,15,1,32.2,1.0,3.8,3.7,2,1,1.00,CYCLE,N
IND,208,6592,59452,16/01/2019,16:55:25,15,1,27.6,1.1,0.8,0.7,2,1,1.00,CYCLE,N
IND,208,6592,59452,16/01/2019,16:55:28,15,1,27.6,1.0,3.7,3.6,2,1,1.00,CYCLE,N
IND,208,6592,59452,16/01/2019,16:55:33,15,1,37.4,1.0,4.2,4.1,2,1,1.00,CYCLE,N
IND,208,6592,59453,16/01/2019,16:55:33,15,0,27.1,1.0,93.2,93.0,2,1,1.00,CYCLE,S
IND,208,6592,59452,16/01/2019,16:55:33,15,1,28.1,1.1,0.7,0.6,2,1,1.00,CYCLE,N
IND,208,6592,59452,16/01/2019,16:55:34,15,1,26.8,1.0,0.6,0.4,2,1,1.00,CYCLE,N
IND,208,6592,59452,16/01/2019,16:55:34,15,1,27.5,1.0,0.5,0.3,2,1,1.00,CYCLE,N
IND,208,6592,59452,16/01/2019,16:55:35,15,1,26.7,1.1,0.5,0.4,2,1,1.00,CYCLE,N
IND,208,6592,59452,16/01/2019,16:55:36,15,1,27.9,1.1,1.0,0.9,2,1,1.00,CYCLE,N
IND,208,6592,59452,16/01/2019,16:55:38,15,1,25.0,1.0,2.4,2.3,2,1,1.00,CYCLE,N
IND,208,6592,59452,16/01/2019,16:55:39,15,1,30.8,1.0,1.0,0.8,2,1,1.00,CYCLE,N
IND,208,6592,59452,16/01/2019,16:55:39,15,1,27.3,1.0,0.3,0.2,2,1,1.00,CYCLE,N
IND,208,6592,59452,16/01/2019,16:55:42,15,1,26.6,1.1,2.1,2.0,2,1,1.00,CYCLE,N
IND,208,6592,59452,16/01/2019,16:55:48,15,1,25.0,1.1,6.1,6.0,2,1,1.00,CYCLE,N
IND,208,6592,59453,16/01/2019,16:56:15,15,0,24.9,1.0,42.3,42.1,2,1,1.00,CYCLE,S
IND,208,6592,59452,16/01/2019,16:56:54,15,1,30.1,1.0,66.7,66.5,2,1,1.00,CYCLE,N
IND,208,6592,59452,16/01/2019,16:57:09,15,1,26.5,1.1,14.4,14.3,2,1,1.00,CYCLE,N
IND,208,6592,59452,16/01/2019,16:57:18,15,1,30.3,1.0,9.3,9.1,2,1,0.50,CYCLE,N
IND,208,6592,59453,16/01/2019,16:57:18,15,0,30.3,1.0,0.0,0.0,2,1,0.50,CYCLE,S
IND,208,6592,59452,16/01/2019,16:57:19,15,1,31.8,1.0,0.6,0.4,2,1,1.00,CYCLE,N
IND,208,6592,59452,16/01/2019,16:57:19,15,1,31.1,1.0,0.4,0.2,2,1,1.00,CYCLE,N
IND,208,6592,59452,16/01/2019,16:57:22,15,1,28.5,1.1,2.9,2.7,2,1,1.00,CYCLE,N
IND,208,6592,59452,16/01/2019,16:57:24,15,1,29.0,1.0,2.2,2.1,2,1,1.00,CYCLE,N
IND,208,6592,59452,16/01/2019,16:57:25,15,1,27.9,1.1,0.5,0.4,2,1,1.00,CYCLE,N
IND,208,6592,59452,16/01/2019,16:57:25,15,1,28.4,1.0,0.6,0.4,2,1,1.00,CYCLE,N
IND,208,6592,59452,16/01/2019,16:57:27,15,1,29.7,1.0,1.6,1.5,2,1,1.00,CYCLE,N
IND,208,6592,59452,16/01/2019,16:57:28,15,1,30.0,1.1,1.8,1.7,2,1,1.00,CYCLE,N
IND,208,6592,59452,16/01/2019,16:57:29,15,1,28.5,1.1,1.0,0.9,2,1,1.00,CYCLE,N
IND,208,6592,59452,16/01/2019,16:57:31,15,1,30.6,1.1,1.9,1.8,2,1,1.00,CYCLE,N
IND,208,6592,59452,16/01/2019,16:57:32,15,1,27.2,1.0,0.3,0.2,2,1,1.00,CYCLE,N
IND,208,6592,59452,16/01/2019,16:57:32,15,1,27.2,1.0,0.0,0.0,2,1,1.00,CYCLE,N
IND,208,6592,59452,16/01/2019,16:57:32,15,1,27.2,1.0,0.0,0.0,2,1,1.00,CYCLE,N
IND,208,6592,59452,16/01/2019,16:57:33,15,1,30.3,1.0,1.0,0.5,2,1,1.00,CYCLE,N
IND,208,6592,59452,16/01/2019,16:57:37,15,1,26.6,1.1,3.8,3.6,2,1,1.00,CYCLE,N
IND,208,6592,59452,16/01/2019,16:57:37,15,1,26.4,1.1,1.0,0.8,2,1,1.00,CYCLE,N
IND,208,6592,59452,16/01/2019,16:57:39,15,1,25.3,1.1,1.2,1.0,2,1,1.00,CYCLE,N
IND,208,6592,59452,16/01/2019,16:57:40,15,1,25.7,1.0,1.6,1.4,2,1,1.00,CYCLE,N
IND,208,6592,59452,16/01/2019,16:57:44,15,1,26.2,1.1,4.2,4.1,2,1,1.00,CYCLE,N
IND,208,6592,59452,16/01/2019,16:57:48,15,1,27.3,1.0,3.9,3.7,2,1,1.00,CYCLE,N
IND,208,6592,59452,16/01/2019,16:59:13,15,1,31.0,1.1,84.8,84.7,2,1,1.00,CYCLE,N
IND,208,6592,59452,16/01/2019,16:59:15,15,1,34.2,1.0,1.5,1.3,2,1,1.00,CYCLE,N
IND,208,6592,59452,16/01/2019,16:59:16,15,1,40.0,1.0,1.7,1.6,2,1,1.00,CYCLE,N
IND,208,6592,59452,16/01/2019,16:59:25,15,1,27.9,1.1,8.6,8.5,2,1,1.00,CYCLE,N
IND,208,6592,59452,16/01/2019,16:59:27,15,1,32.5,1.0,1.6,1.5,2,1,1.00,CYCLE,N
IND,208,6592,59452,16/01/2019,16:59:28,15,1,27.3,1.0,1.2,1.0,2,1,1.00,CYCLE,N
IND,208,6592,59452,16/01/2019,16:59:28,15,1,27.3,1.0,0.0,0.0,2,1,1.00,CYCLE,N
IND,208,6592,59452,16/01/2019,16:59:29,15,1,33.6,1.0,0.9,0.6,2,1,1.00,CYCLE,N
IND,208,6592,59452,16/01/2019,16:59:29,15,1,34.8,1.0,0.4,0.3,2,1,1.00,CYCLE,N
IND,208,6592,59452,16/01/2019,16:59:30,15,1,27.6,1.0,1.0,0.9,2,1,1.00,CYCLE,N
IND,208,6592,59452,16/01/2019,16:59:31,15,1,31.7,1.0,1.5,1.4,2,1,1.00,CYCLE,N
IND,208,6592,59452,16/01/2019,16:59:32,15,1,26.9,1.0,0.3,0.2,2,1,1.00,CYCLE,N
IND,208,6592,59452,16/01/2019,16:59:33,15,1,27.6,1.0,1.4,1.2,2,1,1.00,CYCLE,N
IND,208,6592,59452,16/01/2019,16:59:34,15,1,29.0,1.0,0.6,0.5,2,1,1.00,CYCLE,N
IND,208,6592,59452,16/01/2019,16:59:35,15,1,26.9,1.0,1.6,1.5,2,1,1.00,CYCLE,N
IND,208,6592,59452,16/01/2019,16:59:37,15,1,25.5,1.0,1.4,1.3,2,1,1.00,CYCLE,N
IND,208,6592,59452,16/01/2019,16:59:38,15,1,27.6,1.0,0.8,0.6,2,1,1.00,CYCLE,N
IND,208,6592,59452,16/01/2019,16:59:38,15,1,27.6,1.0,0.0,0.0,2,1,1.00,CYCLE,N
IND,208,6592,59452,16/01/2019,16:59:38,15,1,27.6,1.0,0.0,0.0,2,1,1.00,CYCLE,N
IND,208,6592,59452,16/01/2019,16:59:41,15,1,27.2,1.0,3.6,2.8,2,1,1.00,CYCLE,N
IND,208,6592,59452,16/01/2019,16:59:48,15,1,25.7,1.1,5.1,4.9,2,1,1.00,CYCLE,N
IND,208,6592,59452,16/01/2019,16:59:49,15,1,24.9,1.1,1.7,1.5,2,1,1.00,CYCLE,N
IND,208,6592,59452,16/01/2019,16:59:52,15,1,18.4,1.0,2.3,2.1,2,1,1.00,CYCLE,N
IND,208,6592,59452,16/01/2019,16:59:56,15,1,21.6,1.0,4.9,4.7,2,1,1.00,CYCLE,N
IND,208,6592,59453,16/01/2019,17:01:08,15,0,26.1,1.1,293.1,292.9,2,1,1.00,CYCLE,S
IND,208,6592,59453,16/01/2019,17:01:14,15,0,26.9,1.0,6.1,5.9,2,1,1.00,CYCLE,S
IND,208,6592,59452,16/01/2019,17:01:16,15,1,33.3,1.1,79.4,79.3,2,1,1.00,CYCLE,N
IND,208,6592,59452,16/01/2019,17:01:17,15,1,30.4,1.0,0.9,0.8,2,1,1.00,CYCLE,N
IND,208,6592,59452,16/01/2019,17:01:17,15,1,30.8,1.1,0.6,0.5,2,1,1.00,CYCLE,N
IND,208,6592,59452,16/01/2019,17:01:22,15,1,28.5,1.1,4.4,4.3,2,1,1.00,CYCLE,N
IND,208,6592,59452,16/01/2019,17:01:24,15,1,38.2,1.0,2.4,2.2,2,1,1.00,CYCLE,N
IND,208,6592,59452,16/01/2019,17:01:25,15,1,30.3,1.0,0.9,0.8,2,1,1.00,CYCLE,N
IND,208,6592,59452,16/01/2019,17:01:26,15,1,32.2,1.0,0.9,0.7,2,1,0.86,CYCLE,N
IND,208,6592,59452,16/01/2019,17:01:26,15,1,28.2,1.0,0.5,0.3,2,1,1.00,CYCLE,N
IND,208,6592,59452,16/01/2019,17:01:30,15,1,24.3,1.1,3.8,3.7,2,1,1.00,CYCLE,N
IND,208,6592,59452,16/01/2019,17:01:31,15,1,27.9,1.0,0.8,0.6,2,1,1.00,CYCLE,N
IND,208,6592,59452,16/01/2019,17:01:32,15,1,28.1,1.0,0.8,0.6,2,1,1.00,CYCLE,N
IND,208,6592,59452,16/01/2019,17:01:32,15,1,29.1,1.0,0.3,0.1,2,1,1.00,CYCLE,N
IND,208,6592,59452,16/01/2019,17:01:32,15,1,31.8,1.1,0.3,0.2,2,1,1.00,CYCLE,N
IND,208,6592,59453,16/01/2019,17:01:33,15,0,39.7,1.0,18.5,18.3,2,1,0.40,CYCLE,S
IND,208,6592,59452,16/01/2019,17:01:33,15,1,29.3,1.1,0.7,0.6,2,1,1.00,CYCLE,N
IND,208,6592,59452,16/01/2019,17:01:38,15,1,29.8,1.0,5.1,4.9,2,1,1.00,CYCLE,N
IND,208,6592,59452,16/01/2019,17:01:39,15,1,28.6,1.1,0.9,0.8,2,1,1.00,CYCLE,N
IND,208,6592,59452,16/01/2019,17:01:40,15,1,25.9,1.0,0.4,0.3,2,1,1.00,CYCLE,N
IND,208,6592,59452,16/01/2019,17:01:41,15,1,27.3,1.0,1.3,1.1,2,1,1.00,CYCLE,N
IND,208,6592,59452,16/01/2019,17:01:42,15,1,25.4,1.0,1.7,1.5,2,1,1.00,CYCLE,N
IND,208,6592,59452,16/01/2019,17:01:44,15,1,25.3,1.0,1.5,1.4,2,1,1.00,CYCLE,N
IND,208,6592,59452,16/01/2019,17:01:50,15,1,20.3,1.0,6.1,6.0,2,1,1.00,CYCLE,N
IND,208,6592,59453,16/01/2019,17:01:51,15,0,9.2,1.0,17.9,17.6,2,1,0.22,CYCLE,S
IND,208,6592,59453,16/01/2019,17:01:51,15,0,9.2,1.0,0.0,0.0,2,1,0.22,CYCLE,S
IND,208,6592,59452,16/01/2019,17:03:00,15,1,22.4,1.1,69.4,69.3,2,1,1.00,CYCLE,N
IND,208,6592,59452,16/01/2019,17:03:02,15,1,31.5,1.1,1.9,1.7,2,1,1.00,CYCLE,N
IND,208,6592,59452,16/01/2019,17:03:03,15,1,19.9,1.1,1.4,1.3,2,1,1.00,CYCLE,N
IND,208,6592,59452,16/01/2019,17:03:06,15,1,20.3,1.0,3.0,2.8,2,1,1.00,CYCLE,N
IND,208,6592,59452,16/01/2019,17:03:10,15,1,30.9,1.1,3.8,3.6,2,1,1.00,CYCLE,N
IND,208,6592,59452,16/01/2019,17:03:11,15,1,31.6,1.1,1.4,1.3,2,1,1.00,CYCLE,N
IND,208,6592,59452,16/01/2019,17:03:16,15,1,28.0,1.1,5.0,4.8,2,1,1.00,CYCLE,N
IND,208,6592,59452,16/01/2019,17:03:21,15,1,26.9,1.1,4.5,4.4,2,1,1.00,CYCLE,N
IND,208,6592,59452,16/01/2019,17:03:26,15,1,32.8,1.0,4.9,4.8,2,1,1.00,CYCLE,N
IND,208,6592,59452,16/01/2019,17:03:26,15,1,25.7,1.0,0.2,0.1,2,1,1.00,CYCLE,N
IND,208,6592,59452,16/01/2019,17:03:27,15,1,25.0,1.1,1.2,1.0,2,1,1.00,CYCLE,N
IND,208,6592,59452,16/01/2019,17:03:29,15,1,26.7,1.1,1.7,1.6,2,1,1.00,CYCLE,N
IND,208,6592,59452,16/01/2019,17:03:30,15,1,25.7,1.1,0.9,0.8,2,1,1.00,CYCLE,N
IND,208,6592,59452,16/01/2019,17:03:30,15,1,25.3,1.1,0.5,0.4,2,1,1.00,CYCLE,N
IND,208,6592,59452,16/01/2019,17:03:39,15,1,22.1,1.1,8.9,8.8,2,1,1.00,CYCLE,N
IND,208,6592,59453,16/01/2019,17:03:47,15,0,22.1,1.0,116.8,116.1,2,1,1.00,CYCLE,S
IND,208,6592,59452,16/01/2019,17:03:53,15,1,19.3,1.1,13.7,13.5,2,1,1.00,CYCLE,N
IND,208,6592,59453,16/01/2019,17:05:08,15,0,25.5,1.0,80.5,80.3,2,1,1.00,CYCLE,S
IND,208,6592,59452,16/01/2019,17:05:08,15,1,34.2,1.0,75.6,75.4,2,1,1.00,CYCLE,N
IND,208,6592,59453,16/01/2019,17:05:09,15,0,31.2,1.0,1.6,1.5,2,1,1.00,CYCLE,S
IND,208,6592,59452,16/01/2019,17:05:11,15,1,29.5,1.0,2.9,2.8,2,1,1.00,CYCLE,N
IND,208,6592,59452,16/01/2019,17:05:13,15,1,36.0,1.0,1.8,1.6,2,1,1.00,CYCLE,N
IND,208,6592,59452,16/01/2019,17:05:14,15,1,29.6,1.0,1.2,1.1,2,1,1.00,CYCLE,N
IND,208,6592,59452,16/01/2019,17:05:15,15,1,32.1,1.1,0.9,0.8,2,1,1.00,CYCLE,N
IND,208,6592,59452,16/01/2019,17:05:15,15,1,30.8,1.0,0.3,0.2,2,1,1.00,CYCLE,N
IND,208,6592,59452,16/01/2019,17:05:16,15,1,30.7,1.0,0.3,0.2,2,1,1.00,CYCLE,N
IND,208,6592,59452,16/01/2019,17:05:17,15,1,32.7,1.0,1.1,1.0,2,1,1.00,CYCLE,N
IND,208,6592,59452,16/01/2019,17:05:21,15,1,31.2,1.0,4.3,4.2,2,1,1.00,CYCLE,N
IND,208,6592,59452,16/01/2019,17:05:22,15,1,28.0,1.1,0.8,0.7,2,1,1.00,CYCLE,N
IND,208,6592,59452,16/01/2019,17:05:24,15,1,26.0,1.1,2.5,2.3,2,1,1.00,CYCLE,N
IND,208,6592,59452,16/01/2019,17:05:25,15,1,29.1,1.1,0.6,0.5,2,1,1.00,CYCLE,N
IND,208,6592,59452,16/01/2019,17:05:25,15,1,25.0,1.0,0.2,0.1,2,1,1.00,CYCLE,N
IND,208,6592,59452,16/01/2019,17:05:26,15,1,26.2,1.0,0.6,0.5,2,1,1.00,CYCLE,N
IND,208,6592,59452,16/01/2019,17:05:26,15,1,25.9,1.1,0.4,0.2,2,1,1.00,CYCLE,N
IND,208,6592,59452,16/01/2019,17:05:27,15,1,28.2,1.1,1.1,0.9,2,1,1.00,CYCLE,N
IND,208,6592,59452,16/01/2019,17:05:34,15,1,22.7,1.0,7.3,7.1,2,1,1.00,CYCLE,N
IND,208,6592,59452,16/01/2019,17:05:36,15,1,31.6,1.0,1.7,1.5,2,1,0.75,CYCLE,N
IND,208,6592,59452,16/01/2019,17:05:37,15,1,26.9,1.1,1.1,0.9,2,1,1.00,CYCLE,N
IND,208,6592,59452,16/01/2019,17:05:39,15,1,25.1,1.1,2.1,2.0,2,1,1.00,CYCLE,N
IND,208,6592,59452,16/01/2019,17:05:44,15,1,25.8,1.0,4.6,4.4,2,1,1.00,CYCLE,N
IND,208,6592,59452,16/01/2019,17:05:46,15,1,29.9,1.0,2.0,1.8,2,1,1.00,CYCLE,N
IND,208,6592,59452,16/01/2019,17:07:07,15,1,31.2,1.0,80.7,80.6,2,1,1.00,CYCLE,N
IND,208,6592,59452,16/01/2019,17:07:09,15,1,35.1,1.0,2.2,2.1,2,1,1.00,CYCLE,N
IND,208,6592,59452,16/01/2019,17:07:13,15,1,29.0,1.0,3.8,3.8,2,1,1.00,CYCLE,N
IND,208,6592,59452,16/01/2019,17:07:15,15,1,29.0,1.0,1.9,1.8,2,1,1.00,CYCLE,N
IND,208,6592,59452,16/01/2019,17:07:15,15,1,31.5,1.0,0.4,0.3,2,1,1.00,CYCLE,N
IND,208,6592,59452,16/01/2019,17:07:15,15,1,32.8,1.0,0.4,0.3,2,1,1.00,CYCLE,N
IND,208,6592,59452,16/01/2019,17:07:16,15,1,30.0,1.0,0.5,0.4,2,1,1.00,CYCLE,N
IND,208,6592,59452,16/01/2019,17:07:17,15,1,29.2,1.1,1.6,1.5,2,1,1.00,CYCLE,N
IND,208,6592,59453,16/01/2019,17:07:18,15,0,26.2,1.1,128.6,128.5,2,1,1.00,CYCLE,S
IND,208,6592,59452,16/01/2019,17:07:19,15,1,29.8,1.0,1.1,1.0,2,1,1.00,CYCLE,N
IND,208,6592,59452,16/01/2019,17:07:19,15,1,30.6,1.0,0.6,0.5,2,1,1.00,CYCLE,N
IND,208,6592,59452,16/01/2019,17:07:24,15,1,26.4,1.0,5.1,5.0,2,1,1.00,CYCLE,N
IND,208,6592,59452,16/01/2019,17:07:25,15,1,30.6,1.0,0.9,0.8,2,1,1.00,CYCLE,N
IND,208,6592,59452,16/01/2019,17:07:26,15,1,32.4,1.0,0.6,0.5,2,1,1.00,CYCLE,N
IND,208,6592,59452,16/01/2019,17:07:26,15,1,32.4,1.0,0.0,0.0,2,1,1.00,CYCLE,N
IND,208,6592,59452,16/01/2019,17:07:29,15,1,36.4,1.0,2.9,2.7,2,1,1.00,CYCLE,N
IND,208,6592,59452,16/01/2019,17:07:29,15,1,28.0,1.0,0.3,0.2,2,1,1.00,CYCLE,N
IND,208,6592,59452,16/01/2019,17:07:31,15,1,32.5,1.1,1.7,1.6,2,1,1.00,CYCLE,N
IND,208,6592,59452,16/01/2019,17:07:33,15,1,25.6,1.1,2.1,2.0,2,1,1.00,CYCLE,N
IND,208,6592,59452,16/01/2019,17:07:39,15,1,25.9,1.1,6.5,6.3,2,1,1.00,CYCLE,N
IND,208,6592,59452,16/01/2019,17:07:40,15,1,24.1,1.0,1.0,0.8,2,1,1.00,CYCLE,N
IND,208,6592,59452,16/01/2019,17:07:41,15,1,24.7,1.0,0.8,0.6,2,1,1.00,CYCLE,N
IND,208,6592,59452,16/01/2019,17:07:42,15,1,24.5,1.1,1.3,1.1,2,1,1.00,CYCLE,N
IND,208,6592,59452,16/01/2019,17:07:44,15,1,23.7,1.1,1.2,1.1,2,1,1.00,CYCLE,N
IND,208,6592,59452,16/01/2019,17:08:48,15,1,24.7,1.1,64.7,64.6,2,1,1.00,CYCLE,N
IND,208,6592,59452,16/01/2019,17:09:06,15,1,37.4,1.0,17.3,17.1,2,1,1.00,CYCLE,N
IND,208,6592,59452,16/01/2019,17:09:06,15,1,31.6,1.1,0.8,0.7,2,1,1.00,CYCLE,N
IND,208,6592,59452,16/01/2019,17:09:11,15,1,34.8,1.0,4.8,4.7,2,1,1.00,CYCLE,N
IND,208,6592,59452,16/01/2019,17:09:13,15,1,32.8,1.2,1.6,1.5,2,1,1.00,CYCLE,N
IND,208,6592,59452,16/01/2019,17:09:17,15,1,35.7,1.0,3.7,3.6,2,1,1.00,CYCLE,N
IND,208,6592,59452,16/01/2019,17:09:17,15,1,31.4,1.0,0.8,0.7,2,1,1.00,CYCLE,N
IND,208,6592,59453,16/01/2019,17:09:18,15,0,25.1,1.0,119.9,119.7,2,1,1.00,CYCLE,S
IND,208,6592,59452,16/01/2019,17:09:18,15,1,31.1,1.0,1.1,0.9,2,1,1.00,CYCLE,N
IND,208,6592,59452,16/01/2019,17:09:23,15,1,28.6,1.2,4.7,4.6,2,1,1.00,CYCLE,N
IND,208,6592,59452,16/01/2019,17:09:24,15,1,28.6,1.0,0.9,0.7,2,1,1.00,CYCLE,N
IND,208,6592,59452,16/01/2019,17:09:25,15,1,31.6,1.0,1.4,1.2,2,1,1.00,CYCLE,N
IND,208,6592,59452,16/01/2019,17:09:28,15,1,29.7,1.0,2.3,2.2,2,1,1.00,CYCLE,N
IND,208,6592,59452,16/01/2019,17:09:28,15,1,28.0,1.0,0.5,0.4,2,1,1.00,CYCLE,N
IND,208,6592,59452,16/01/2019,17:09:29,15,1,30.2,1.0,1.1,0.9,2,1,1.00,CYCLE,N
IND,208,6592,59452,16/01/2019,17:09:32,15,1,31.0,1.1,2.7,2.6,2,1,1.00,CYCLE,N
IND,208,6592,59452,16/01/2019,17:09:35,15,1,26.6,1.1,3.3,3.1,2,1,1.00,CYCLE,N
IND,208,6592,59452,16/01/2019,17:09:41,15,1,27.5,1.1,5.6,5.4,2,1,1.00,CYCLE,N
IND,208,6592,59452,16/01/2019,17:09:41,15,1,27.8,1.0,0.5,0.4,2,1,1.00,CYCLE,N
IND,208,6592,59452,16/01/2019,17:09:42,15,1,28.3,1.0,0.5,0.4,2,1,1.00,CYCLE,N
IND,208,6592,59452,16/01/2019,17:09:42,15,1,23.8,1.0,0.4,0.3,2,1,1.00,CYCLE,N
IND,208,6592,59453,16/01/2019,17:09:53,15,0,24.2,1.0,35.0,34.8,2,1,1.00,CYCLE,S
IND,208,6592,59452,16/01/2019,17:11:03,15,1,33.7,1.0,81.0,80.8,2,1,1.00,CYCLE,N
IND,208,6592,59452,16/01/2019,17:11:04,15,1,34.1,1.0,0.4,0.3,2,1,1.00,CYCLE,N
IND,208,6592,59452,16/01/2019,17:11:04,15,1,25.8,1.1,0.2,0.1,2,1,1.00,CYCLE,N
IND,208,6592,59453,16/01/2019,17:11:05,15,0,28.2,1.0,72.5,72.4,2,1,1.00,CYCLE,S
IND,208,6592,59453,16/01/2019,17:11:08,15,0,28.1,1.0,2.8,2.6,2,1,1.00,CYCLE,S
IND,208,6592,59452,16/01/2019,17:11:12,15,1,19.2,1.1,8.0,7.9,2,1,1.00,CYCLE,N
IND,208,6592,59452,16/01/2019,17:11:14,15,1,29.0,1.1,2.3,2.1,2,1,1.00,CYCLE,N
IND,208,6592,59452,16/01/2019,17:11:18,15,1,25.5,1.1,4.1,3.9,2,1,1.00,CYCLE,N
IND,208,6592,59452,16/01/2019,17:11:22,15,1,31.2,1.0,3.6,3.4,2,1,1.00,CYCLE,N
IND,208,6592,59452,16/01/2019,17:11:23,15,1,31.3,1.0,1.1,1.0,2,1,1.00,CYCLE,N
IND,208,6592,59452,16/01/2019,17:11:25,15,1,29.0,1.1,2.2,2.1,2,1,1.00,CYCLE,N
IND,208,6592,59452,16/01/2019,17:11:26,15,1,30.0,1.1,0.9,0.7,2,1,1.00,CYCLE,N
IND,208,6592,59452,16/01/2019,17:11:29,15,1,25.9,1.1,3.0,2.9,2,1,1.00,CYCLE,N
IND,208,6592,59452,16/01/2019,17:11:29,15,1,30.3,1.1,0.3,0.1,2,1,1.00,CYCLE,N
IND,208,6592,59452,16/01/2019,17:11:31,15,1,28.3,1.1,1.6,1.5,2,1,1.00,CYCLE,N
IND,208,6592,59452,16/01/2019,17:11:38,15,1,33.2,1.0,7.4,7.2,2,1,1.00,CYCLE,N
IND,208,6592,59452,16/01/2019,17:11:39,15,1,24.2,1.0,0.7,0.6,2,1,0.50,CYCLE,N
IND,208,6592,59453,16/01/2019,17:11:39,15,0,24.2,1.0,0.0,0.0,2,1,0.50,CYCLE,S
IND,208,6592,59452,16/01/2019,17:11:40,15,1,23.5,1.1,0.9,0.7,2,1,1.00,CYCLE,N
IND,208,6592,59452,16/01/2019,17:11:41,15,1,30.4,1.1,1.4,1.3,2,1,1.00,CYCLE,N
IND,208,6592,59452,16/01/2019,17:11:42,15,1,27.1,1.1,0.8,0.6,2,1,1.00,CYCLE,N
IND,208,6592,59452,16/01/2019,17:11:43,15,1,28.5,1.1,0.5,0.4,2,1,1.00,CYCLE,N
IND,208,6592,59452,16/01/2019,17:11:45,15,1,23.4,1.1,2.6,2.5,2,1,1.00,CYCLE,N
IND,208,6592,59452,16/01/2019,17:11:47,15,1,24.5,1.1,1.5,1.3,2,1,1.00,CYCLE,N
IND,208,6592,59452,16/01/2019,17:11:50,15,1,29.0,1.1,3.5,3.4,2,1,1.00,CYCLE,N
IND,208,6592,59452,16/01/2019,17:11:52,15,1,20.9,1.0,1.3,1.2,2,1,1.00,CYCLE,N
IND,208,6592,59452,16/01/2019,17:11:58,15,1,21.9,1.0,5.9,5.8,2,1,1.00,CYCLE,N
IND,208,6592,59452,16/01/2019,17:11:59,15,1,21.9,1.1,2.0,1.8,2,1,1.00,CYCLE,N
IND,208,6592,59453,16/01/2019,17:13:01,15,0,31.2,1.1,113.3,113.2,2,1,1.00,CYCLE,S
IND,208,6592,59453,16/01/2019,17:13:08,15,0,24.4,1.0,6.9,6.8,2,1,1.00,CYCLE,S
IND,208,6592,59452,16/01/2019,17:13:13,15,1,28.6,1.0,73.3,73.1,2,1,0.50,CYCLE,N
IND,208,6592,59453,16/01/2019,17:13:13,15,0,28.6,1.0,0.0,0.0,2,1,0.50,CYCLE,S
IND,208,6592,59452,16/01/2019,17:13:17,15,1,33.1,1.0,3.9,3.6,2,1,1.00,CYCLE,N
IND,208,6592,59452,16/01/2019,17:13:18,15,1,28.3,1.0,1.6,1.5,2,1,1.00,CYCLE,N
IND,208,6592,59452,16/01/2019,17:13:19,15,1,28.0,1.0,0.7,0.5,2,1,1.00,CYCLE,N
IND,208,6592,59452,16/01/2019,17:13:20,15,1,28.4,1.0,1.0,0.9,2,1,1.00,CYCLE,N
IND,208,6592,59452,16/01/2019,17:13:20,15,1,28.5,1.0,0.5,0.4,2,1,1.00,CYCLE,N
IND,208,6592,59452,16/01/2019,17:13:24,15,1,26.0,1.0,3.7,3.6,2,1,1.00,CYCLE,N
IND,208,6592,59452,16/01/2019,17:13:24,15,1,26.0,1.0,0.0,0.0,2,1,1.00,CYCLE,N
IND,208,6592,59452,16/01/2019,17:13:24,15,1,26.0,1.0,0.0,0.0,2,1,1.00,CYCLE,N
IND,208,6592,59452,16/01/2019,17:13:28,15,1,27.8,1.1,4.4,3.7,2,1,1.00,CYCLE,N
IND,208,6592,59452,16/01/2019,17:13:29,15,1,26.5,1.0,0.7,0.6,2,1,1.00,CYCLE,N
IND,208,6592,59452,16/01/2019,17:13:31,15,1,28.3,1.0,1.6,1.5,2,1,1.00,CYCLE,N
IND,208,6592,59452,16/01/2019,17:13:37,15,1,23.8,1.0,6.3,6.2,2,1,1.00,CYCLE,N
IND,208,6592,59453,16/01/2019,17:13:38,15,0,15.0,1.0,29.3,29.1,2,1,0.89,CYCLE,S
IND,208,6592,59453,16/01/2019,17:13:39,15,0,25.2,1.0,1.5,1.3,2,1,1.00,CYCLE,S
IND,208,6592,59453,16/01/2019,17:14:41,15,0,23.9,1.0,62.2,62.0,2,1,1.00,CYCLE,S
IND,208,6592,59452,16/01/2019,17:14:53,15,1,27.5,1.0,75.9,75.8,2,1,1.00,CYCLE,N
IND,208,6592,59452,16/01/2019,17:15:14,15,1,31.1,1.0,20.4,20.3,2,1,1.00,CYCLE,N
IND,208,6592,59452,16/01/2019,17:15:14,15,1,34.7,1.0,0.6,0.5,2,1,1.00,CYCLE,N
IND,208,6592,59452,16/01/2019,17:15:15,15,1,35.5,1.1,0.5,0.4,2,1,1.00,CYCLE,N
IND,208,6592,59453,16/01/2019,17:15:20,15,0,21.5,1.1,39.0,38.8,2,1,1.00,CYCLE,S
IND,208,6592,59452,16/01/2019,17:15:22,15,1,27.5,1.1,4.6,4.4,2,1,1.00,CYCLE,N
IND,208,6592,59452,16/01/2019,17:15:24,15,1,30.7,1.1,1.8,1.7,2,1,1.00,CYCLE,N
IND,208,6592,59452,16/01/2019,17:15:28,15,1,29.1,1.1,4.3,4.2,2,1,1.00,CYCLE,N
IND,208,6592,59452,16/01/2019,17:15:28,15,1,26.0,1.1,0.2,0.1,2,1,1.00,CYCLE,N
IND,208,6592,59452,16/01/2019,17:15:29,15,1,27.3,1.1,0.6,0.5,2,1,1.00,CYCLE,N
IND,208,6592,59452,16/01/2019,17:15:29,15,1,30.4,1.0,0.6,0.5,2,1,1.00,CYCLE,N
IND,208,6592,59452,16/01/2019,17:15:30,15,1,27.6,1.1,0.5,0.4,2,1,1.00,CYCLE,N
IND,208,6592,59452,16/01/2019,17:15:31,15,1,27.4,1.0,0.7,0.6,2,1,1.00,CYCLE,N
IND,208,6592,59452,16/01/2019,17:15:32,15,1,27.1,1.1,1.8,1.6,2,1,1.00,CYCLE,N
IND,208,6592,59452,16/01/2019,17:15:34,15,1,27.0,1.1,1.5,1.4,2,1,1.00,CYCLE,N
IND,208,6592,59452,16/01/2019,17:15:36,15,1,25.6,1.0,2.4,2.3,2,1,1.00,CYCLE,N
IND,208,6592,59452,16/01/2019,17:15:41,15,1,23.8,1.1,4.6,4.5,2,1,1.00,CYCLE,N
IND,208,6592,59452,16/01/2019,17:16:14,15,1,27.1,1.1,32.7,32.5,2,1,1.00,CYCLE,N
IND,208,6592,59452,16/01/2019,17:16:33,15,1,24.2,1.0,19.0,18.9,2,1,1.00,CYCLE,N
IND,208,6592,59453,16/01/2019,17:16:48,15,0,28.2,1.0,87.8,87.6,2,1,0.57,CYCLE,S
IND,208,6592,59453,16/01/2019,17:16:51,15,0,26.9,1.0,3.0,2.7,2,1,1.00,CYCLE,S
IND,208,6592,59452,16/01/2019,17:16:52,15,1,27.1,1.0,19.2,19.0,2,1,1.00,CYCLE,N
IND,208,6592,59452,16/01/2019,17:17:19,15,1,31.0,1.0,27.5,27.3,2,1,1.00,CYCLE,N
IND,208,6592,59452,16/01/2019,17:17:20,15,1,33.7,1.1,0.3,0.2,2,1,1.00,CYCLE,N
IND,208,6592,59452,16/01/2019,17:17:22,15,1,30.6,1.1,2.7,2.6,2,1,1.00,CYCLE,N
IND,208,6592,59452,16/01/2019,17:17:23,15,1,30.6,1.0,0.5,0.4,2,1,1.00,CYCLE,N
IND,208,6592,59452,16/01/2019,17:17:26,15,1,28.6,1.0,3.4,3.3,2,1,1.00,CYCLE,N
IND,208,6592,59452,16/01/2019,17:17:27,15,1,30.4,1.0,0.6,0.5,2,1,1.00,CYCLE,N
IND,208,6592,59452,16/01/2019,17:17:28,15,1,29.9,1.0,1.0,0.8,2,1,1.00,CYCLE,N
IND,208,6592,59452,16/01/2019,17:17:31,15,1,28.5,1.0,3.1,3.0,2,1,1.00,CYCLE,N
IND,208,6592,59452,16/01/2019,17:17:32,15,1,29.8,1.0,1.4,1.3,2,1,1.00,CYCLE,N
IND,208,6592,59452,16/01/2019,17:17:33,15,1,29.3,1.0,0.2,0.1,2,1,1.00,CYCLE,N
IND,208,6592,59452,16/01/2019,17:17:36,15,1,36.9,1.1,3.5,3.3,2,1,1.00,CYCLE,N
IND,208,6592,59452,16/01/2019,17:17:36,15,1,38.7,1.1,0.3,0.2,2,1,1.00,CYCLE,N
IND,208,6592,59452,16/01/2019,17:17:37,15,1,32.1,1.0,0.4,0.3,2,1,1.00,CYCLE,N
IND,208,6592,59452,16/01/2019,17:17:40,15,1,26.5,1.1,3.5,3.4,2,1,1.00,CYCLE,N
IND,208,6592,59452,16/01/2019,17:17:44,15,1,48.6,1.0,3.6,3.4,2,1,0.22,CYCLE,N
IND,208,6592,59452,16/01/2019,17:17:49,15,1,23.7,1.0,4.8,4.6,2,1,1.00,CYCLE,N
IND,208,6592,59452,16/01/2019,17:17:49,15,1,24.3,1.2,0.8,0.7,2,1,1.00,CYCLE,N
IND,208,6592,59452,16/01/2019,17:17:53,15,1,27.2,1.1,3.4,3.2,2,1,1.00,CYCLE,N
IND,208,6592,59452,16/01/2019,17:17:56,15,1,18.7,1.0,3.4,3.3,2,1,1.00,CYCLE,N
IND,208,6592,59452,16/01/2019,17:18:31,15,1,22.5,1.1,34.9,34.7,2,1,1.00,CYCLE,N
IND,208,6592,59452,16/01/2019,17:18:51,15,1,23.4,1.0,20.3,20.1,2,1,1.00,CYCLE,N
IND,208,6592,59452,16/01/2019,17:18:58,15,1,16.7,1.0,6.8,6.6,2,1,1.00,CYCLE,N
IND,208,6592,59452,16/01/2019,17:19:11,15,1,33.3,1.0,12.4,12.2,2,1,1.00,CYCLE,N
IND,208,6592,59452,16/01/2019,17:19:18,15,1,35.6,1.1,7.6,7.5,2,1,1.00,CYCLE,N
IND,208,6592,59452,16/01/2019,17:19:20,15,1,30.5,1.1,2.2,2.1,2,1,1.00,CYCLE,N
IND,208,6592,59452,16/01/2019,17:19:23,15,1,30.9,1.1,2.6,2.4,2,1,1.00,CYCLE,N
IND,208,6592,59452,16/01/2019,17:19:25,15,1,34.8,1.0,1.5,1.4,2,1,1.00,CYCLE,N
IND,208,6592,59452,16/01/2019,17:19:25,15,1,28.2,1.0,0.5,0.4,2,1,1.00,CYCLE,N
IND,208,6592,59452,16/01/2019,17:19:27,15,1,27.3,1.0,1.7,1.6,2,1,1.00,CYCLE,N
IND,208,6592,59452,16/01/2019,17:19:27,15,1,29.5,1.1,0.4,0.3,2,1,1.00,CYCLE,N
IND,208,6592,59452,16/01/2019,17:19:28,15,1,29.0,1.1,1.0,0.8,2,1,1.00,CYCLE,N
IND,208,6592,59452,16/01/2019,17:19:35,15,1,25.9,1.0,6.8,6.6,2,1,1.00,CYCLE,N
IND,208,6592,59452,16/01/2019,17:19:37,15,1,28.3,1.1,2.3,2.2,2,1,1.00,CYCLE,N
IND,208,6592,59452,16/01/2019,17:19:45,15,1,20.0,1.0,8.2,8.1,2,1,1.00,CYCLE,N
IND,208,6592,59452,16/01/2019,17:21:14,15,1,17.6,1.1,89.2,89.0,2,1,1.00,CYCLE,N
IND,208,6592,59452,16/01/2019,17:21:17,15,1,32.7,1.0,2.6,2.4,2,1,0.80,CYCLE,N
IND,208,6592,59452,16/01/2019,17:21:20,15,1,34.4,1.0,2.4,2.3,2,1,1.00,CYCLE,N
IND,208,6592,59452,16/01/2019,17:21:31,15,1,29.7,1.1,11.1,11.0,2,1,1.00,CYCLE,N
IND,208,6592,59452,16/01/2019,17:21:40,15,1,25.8,1.1,9.3,9.2,2,1,1.00,CYCLE,N
IND,208,6592,59452,16/01/2019,17:21:41,15,1,27.9,1.1,0.8,0.6,2,1,1.00,CYCLE,N
IND,208,6592,59453,16/01/2019,17:23:10,15,0,18.8,1.0,379.1,378.9,2,1,1.00,CYCLE,S
IND,208,6592,59452,16/01/2019,17:23:11,15,1,43.0,1.1,90.2,90.0,2,1,1.00,CYCLE,N
IND,208,6592,59453,16/01/2019,17:23:12,15,0,23.5,1.0,1.9,1.7,2,1,1.00,CYCLE,S
IND,208,6592,59453,16/01/2019,17:23:13,15,0,30.2,1.0,0.8,0.7,2,1,0.50,CYCLE,S
IND,208,6592,59452,16/01/2019,17:23:13,15,1,30.2,1.0,0.0,0.0,2,1,0.50,CYCLE,N
IND,208,6592,59452,16/01/2019,17:23:16,15,1,23.0,1.0,5.1,5.0,2,1,1.00,CYCLE,N
IND,208,6592,59452,16/01/2019,17:23:19,15,1,27.0,1.0,3.0,2.9,2,1,0.25,CYCLE,N
IND,208,6592,59452,16/01/2019,17:23:19,15,1,27.0,1.0,0.0,0.0,2,1,0.25,CYCLE,N
IND,208,6592,59452,16/01/2019,17:23:21,15,1,19.8,1.0,1.5,1.2,2,1,1.00,CYCLE,N
IND,208,6592,59452,16/01/2019,17:23:21,15,1,19.8,1.0,0.0,0.0,2,1,1.00,CYCLE,N
IND,208,6592,59452,16/01/2019,17:23:22,15,1,20.1,1.0,0.9,0.5,2,1,1.00,CYCLE,N
IND,208,6592,59452,16/01/2019,17:23:23,15,1,21.2,1.0,1.0,0.8,2,1,1.00,CYCLE,N
IND,208,6592,59452,16/01/2019,17:23:23,15,1,20.5,1.1,1.0,0.8,2,1,1.00,CYCLE,N
IND,208,6592,59452,16/01/2019,17:23:24,15,1,24.8,1.0,0.4,0.2,2,1,1.00,CYCLE,N
IND,208,6592,59452,16/01/2019,17:23:24,15,1,20.8,1.1,0.4,0.2,2,1,1.00,CYCLE,N
IND,208,6592,59452,16/01/2019,17:23:25,15,1,27.2,1.1,1.0,0.8,2,1,1.00,CYCLE,N
IND,208,6592,59452,16/01/2019,17:23:26,15,1,25.5,1.0,0.6,0.5,2,1,1.00,CYCLE,N
IND,208,6592,59452,16/01/2019,17:23:27,15,1,25.2,1.1,0.7,0.6,2,1,1.00,CYCLE,N
IND,208,6592,59452,16/01/2019,17:23:27,15,1,20.5,1.0,0.2,0.1,2,1,1.00,CYCLE,N
IND,208,6592,59452,16/01/2019,17:23:27,15,1,23.3,1.0,0.4,0.2,2,1,1.00,CYCLE,N
IND,208,6592,59452,16/01/2019,17:23:28,15,1,23.8,1.0,0.5,0.3,2,1,1.00,CYCLE,N
IND,208,6592,59452,16/01/2019,17:23:35,15,1,28.2,1.0,5.0,5.0,2,1,1.00,CYCLE,N
IND,208,6592,59452,16/01/2019,17:23:36,15,1,28.4,1.1,0.6,0.4,2,1,1.00,CYCLE,N
IND,208,6592,59452,16/01/2019,17:23:39,15,1,30.7,1.0,3.4,3.3,2,1,1.00,CYCLE,N
IND,208,6592,59452,16/01/2019,17:23:41,15,1,24.4,1.1,1.4,1.2,2,1,1.00,CYCLE,N
IND,208,6592,59452,16/01/2019,17:23:41,15,1,23.4,1.1,0.6,0.5,2,1,1.00,CYCLE,N
IND,208,6592,59452,16/01/2019,17:23:44,15,1,25.4,1.0,2.4,2.2,2,1,1.00,CYCLE,N
IND,208,6592,59452,16/01/2019,17:23:49,15,1,21.5,1.0,5.6,5.5,2,1,1.00,CYCLE,N
IND,208,6592,59453,16/01/2019,17:25:03,15,0,29.6,1.0,110.1,109.8,2,1,1.00,CYCLE,S
IND,208,6592,59453,16/01/2019,17:25:05,15,0,30.8,1.0,1.6,1.5,2,1,1.00,CYCLE,S
IND,208,6592,59452,16/01/2019,17:25:23,15,1,29.2,1.0,94.0,93.8,2,1,1.00,CYCLE,N
IND,208,6592,59452,16/01/2019,17:25:25,15,1,32.6,1.1,2.1,2.0,2,1,1.00,CYCLE,N
IND,208,6592,59452,16/01/2019,17:25:26,15,1,34.8,1.0,0.6,0.4,2,1,1.00,CYCLE,N
IND,208,6592,59452,16/01/2019,17:25:29,15,1,23.9,1.0,3.0,2.9,2,1,1.00,CYCLE,N
IND,208,6592,59452,16/01/2019,17:25:30,15,1,20.8,1.0,1.3,1.1,2,1,1.00,CYCLE,N
IND,208,6592,59452,16/01/2019,17:25:31,15,1,26.1,1.1,0.8,0.6,2,1,1.00,CYCLE,N
IND,208,6592,59452,16/01/2019,17:25:39,15,1,22.9,1.0,7.5,7.3,2,1,1.00,CYCLE,N
IND,208,6592,59452,16/01/2019,17:25:39,15,1,22.9,1.0,0.0,0.0,2,1,1.00,CYCLE,N
IND,208,6592,59452,16/01/2019,17:25:39,15,1,22.8,1.0,0.6,0.4,2,1,1.00,CYCLE,N
IND,208,6592,59452,16/01/2019,17:25:48,15,1,22.3,1.1,9.0,8.9,2,1,1.00,CYCLE,N
IND,208,6592,59452,16/01/2019,17:26:02,15,1,24.0,1.1,13.3,13.1,2,1,1.00,CYCLE,N
IND,208,6592,59452,16/01/2019,17:26:52,15,1,18.3,1.0,50.9,50.7,2,1,1.00,CYCLE,N
IND,208,6592,59452,16/01/2019,17:27:10,15,1,29.2,1.0,17.5,17.3,2,1,1.00,CYCLE,N
IND,208,6592,59452,16/01/2019,17:27:13,15,1,32.9,1.1,3.1,3.0,2,1,1.00,CYCLE,N
IND,208,6592,59452,16/01/2019,17:27:15,15,1,28.5,1.1,2.2,2.1,2,1,1.00,CYCLE,N
IND,208,6592,59452,16/01/2019,17:27:18,15,1,29.1,1.0,3.1,2.9,2,1,1.00,CYCLE,N
IND,208,6592,59452,16/01/2019,17:27:20,15,1,27.1,1.0,1.2,1.1,2,1,1.00,CYCLE,N
IND,208,6592,59452,16/01/2019,17:27:24,15,1,23.8,1.0,4.1,4.0,2,1,1.00,CYCLE,N
IND,208,6592,59452,16/01/2019,17:27:26,15,1,27.9,1.1,1.9,1.7,2,1,1.00,CYCLE,N
IND,208,6592,59453,16/01/2019,17:27:27,15,0,23.4,1.1,142.1,142.0,2,1,1.00,CYCLE,S
IND,208,6592,59452,16/01/2019,17:27:35,15,1,26.0,1.0,9.7,9.6,2,1,1.00,CYCLE,N
IND,208,6592,59452,16/01/2019,17:27:38,15,1,21.6,1.1,3.1,3.0,2,1,1.00,CYCLE,N
IND,208,6592,59452,16/01/2019,17:27:39,15,1,23.5,1.1,0.4,0.3,2,1,1.00,CYCLE,N
IND,208,6592,59452,16/01/2019,17:27:42,15,1,21.2,1.0,3.0,2.8,2,1,1.00,CYCLE,N
IND,208,6592,59452,16/01/2019,17:27:47,15,1,21.6,1.0,5.6,5.4,2,1,1.00,CYCLE,N
IND,208,6592,59453,16/01/2019,17:28:36,15,0,26.0,1.0,69.4,69.2,2,1,1.00,CYCLE,S
IND,208,6592,59452,16/01/2019,17:28:58,15,1,35.6,1.1,70.8,70.6,2,1,1.00,CYCLE,N
IND,208,6592,59452,16/01/2019,17:28:59,15,1,32.6,1.0,1.1,1.0,2,1,1.00,CYCLE,N
IND,208,6592,59452,16/01/2019,17:29:01,15,1,30.4,1.0,2.0,1.9,2,1,1.00,CYCLE,N
IND,208,6592,59452,16/01/2019,17:29:02,15,1,29.3,1.0,0.6,0.5,2,1,1.00,CYCLE,N
IND,208,6592,59452,16/01/2019,17:29:03,15,1,29.3,1.0,0.6,0.5,2,1,1.00,CYCLE,N
IND,208,6592,59452,16/01/2019,17:29:03,15,1,29.8,1.1,0.5,0.4,2,1,1.00,CYCLE,N
IND,208,6592,59452,16/01/2019,17:29:04,15,1,31.3,1.0,1.0,0.9,2,1,1.00,CYCLE,N
IND,208,6592,59452,16/01/2019,17:29:12,15,1,25.1,1.1,8.0,7.9,2,1,1.00,CYCLE,N
IND,208,6592,59452,16/01/2019,17:29:15,15,1,28.7,1.0,3.1,2.9,2,1,1.00,CYCLE,N
IND,208,6592,59452,16/01/2019,17:29:15,15,1,28.7,1.0,0.0,0.0,2,1,1.00,CYCLE,N
IND,208,6592,59452,16/01/2019,17:29:16,15,1,29.3,1.0,0.8,0.5,2,1,1.00,CYCLE,N
IND,208,6592,59452,16/01/2019,17:29:17,15,1,30.4,1.1,1.1,1.0,2,1,1.00,CYCLE,N
IND,208,6592,59452,16/01/2019,17:29:20,15,1,23.8,1.0,2.9,2.7,2,1,1.00,CYCLE,N
IND,208,6592,59452,16/01/2019,17:29:21,15,1,24.2,1.1,0.9,0.8,2,1,1.00,CYCLE,N
IND,208,6592,59452,16/01/2019,17:29:26,15,1,23.7,1.1,5.0,4.8,2,1,1.00,CYCLE,N
IND,208,6592,59452,16/01/2019,17:29:33,15,1,22.3,1.1,7.2,7.1,2,1,1.00,CYCLE,N
IND,208,6592,59452,16/01/2019,17:29:39,15,1,20.9,1.0,5.8,5.7,2,1,1.00,CYCLE,N
IND,208,6592,59453,16/01/2019,17:29:48,15,0,22.3,1.0,71.8,71.7,2,1,1.00,CYCLE,S
IND,208,6592,59452,16/01/2019,17:31:13,15,1,31.2,1.0,93.7,93.5,2,1,1.00,CYCLE,N
IND,208,6592,59452,16/01/2019,17:31:13,15,1,30.4,1.1,0.3,0.2,2,1,1.00,CYCLE,N
IND,208,6592,59452,16/01/2019,17:31:16,15,1,29.6,1.1,2.8,2.7,2,1,1.00,CYCLE,N
IND,208,6592,59452,16/01/2019,17:31:17,15,1,33.2,1.0,1.5,1.4,2,1,1.00,CYCLE,N
IND,208,6592,59452,16/01/2019,17:31:18,15,1,28.4,1.1,1.2,1.1,2,1,1.00,CYCLE,N
IND,208,6592,59452,16/01/2019,17:31:20,15,1,27.6,1.1,2.0,1.8,2,1,1.00,CYCLE,N
IND,208,6592,59452,16/01/2019,17:31:21,15,1,31.8,1.0,0.5,0.3,2,1,1.00,CYCLE,N
IND,208,6592,59452,16/01/2019,17:31:22,15,1,26.0,1.0,0.7,0.6,2,1,1.00,CYCLE,N
IND,208,6592,59452,16/01/2019,17:31:22,15,1,30.1,1.1,0.8,0.7,2,1,1.00,CYCLE,N
IND,208,6592,59452,16/01/2019,17:31:23,15,1,30.1,1.0,0.6,0.5,2,1,1.00,CYCLE,N
IND,208,6592,59452,16/01/2019,17:31:25,15,1,28.9,1.0,2.2,2.1,2,1,1.00,CYCLE,N
IND,208,6592,59452,16/01/2019,17:31:26,15,1,28.0,1.0,0.8,0.7,2,1,1.00,CYCLE,N
IND,208,6592,59452,16/01/2019,17:31:27,15,1,26.3,1.0,0.8,0.6,2,1,1.00,CYCLE,N
IND,208,6592,59452,16/01/2019,17:31:27,15,1,34.6,1.1,0.5,0.3,2,1,1.00,CYCLE,N
IND,208,6592,59452,16/01/2019,17:31:28,15,1,26.7,1.0,0.3,0.2,2,1,1.00,CYCLE,N
IND,208,6592,59452,16/01/2019,17:31:28,15,1,24.5,1.0,0.6,0.5,2,1,1.00,CYCLE,N
IND,208,6592,59452,16/01/2019,17:31:29,15,1,25.4,1.0,0.6,0.4,2,1,1.00,CYCLE,N
IND,208,6592,59452,16/01/2019,17:31:31,15,1,24.8,1.0,2.4,2.2,2,1,1.00,CYCLE,N
IND,208,6592,59452,16/01/2019,17:31:32,15,1,24.7,1.1,1.3,1.2,2,1,1.00,CYCLE,N
IND,208,6592,59452,16/01/2019,17:32:58,15,1,23.5,1.0,85.9,85.8,2,1,1.00,CYCLE,N
IND,208,6592,59452,16/01/2019,17:33:02,15,1,21.3,1.0,4.0,3.8,2,1,1.00,CYCLE,N
IND,208,6592,59453,16/01/2019,17:33:07,15,0,27.4,1.0,148.2,148.0,2,1,1.00,CYCLE,S
IND,208,6592,59452,16/01/2019,17:33:26,15,1,32.6,1.0,23.9,23.7,2,1,1.00,CYCLE,N
IND,208,6592,59452,16/01/2019,17:33:28,15,1,34.2,1.0,2.1,2.0,2,1,1.00,CYCLE,N
IND,208,6592,59452,16/01/2019,17:33:29,15,1,30.3,1.0,0.2,0.1,2,1,1.00,CYCLE,N
IND,208,6592,59452,16/01/2019,17:33:30,15,1,30.9,1.0,1.3,1.2,2,1,1.00,CYCLE,N
IND,208,6592,59452,16/01/2019,17:33:31,15,1,31.1,1.0,0.8,0.7,2,1,1.00,CYCLE,N
IND,208,6592,59452,16/01/2019,17:33:32,15,1,31.2,1.0,1.1,0.9,2,1,1.00,CYCLE,N
IND,208,6592,59452,16/01/2019,17:33:32,15,1,30.9,1.0,0.4,0.3,2,1,1.00,CYCLE,N
IND,208,6592,59452,16/01/2019,17:33:33,15,1,30.6,1.0,0.5,0.4,2,1,1.00,CYCLE,N
IND,208,6592,59453,16/01/2019,17:33:46,15,0,22.8,1.0,39.0,38.9,2,1,1.00,CYCLE,S
IND,208,6592,59453,16/01/2019,17:34:21,15,0,27.2,1.0,34.9,34.7,2,1,1.00,CYCLE,S
IND,208,6592,59453,16/01/2019,17:34:24,15,0,21.9,1.0,3.3,3.2,2,1,1.00,CYCLE,S
IND,208,6592,59452,16/01/2019,17:34:43,15,1,31.2,1.0,69.9,69.8,2,1,0.86,CYCLE,N
IND,208,6592,59452,16/01/2019,17:34:43,15,1,24.3,1.1,0.5,0.3,2,1,1.00,CYCLE,N
IND,208,6592,59452,16/01/2019,17:34:43,15,1,29.1,1.0,0.3,0.2,2,1,1.00,CYCLE,N
IND,208,6592,59452,16/01/2019,17:34:47,15,1,23.2,1.0,3.5,3.4,2,1,1.00,CYCLE,N
IND,208,6592,59452,16/01/2019,17:34:48,15,1,23.5,1.1,0.9,0.7,2,1,1.00,CYCLE,N
IND,208,6592,59452,16/01/2019,17:34:49,15,1,23.1,1.0,0.8,0.6,2,1,1.00,CYCLE,N
IND,208,6592,59452,16/01/2019,17:34:54,15,1,20.0,1.1,5.4,5.2,2,1,1.00,CYCLE,N
IND,208,6592,59452,16/01/2019,17:34:58,15,1,16.9,1.0,3.6,3.4,2,1,1.00,CYCLE,N
IND,208,6592,59452,16/01/2019,17:35:14,15,1,26.1,1.0,16.6,16.4,2,1,1.00,CYCLE,N
IND,208,6592,59452,16/01/2019,17:35:19,15,1,30.1,1.1,5.2,5.1,2,1,1.00,CYCLE,N
IND,208,6592,59452,16/01/2019,17:35:20,15,1,31.2,1.0,0.5,0.4,2,1,1.00,CYCLE,N
IND,208,6592,59453,16/01/2019,17:36:37,15,0,29.2,1.0,132.3,132.2,2,1,1.00,CYCLE,S
IND,208,6592,59452,16/01/2019,17:36:40,15,1,32.2,1.1,80.3,80.2,2,1,1.00,CYCLE,N
IND,208,6592,59452,16/01/2019,17:36:40,15,1,33.1,1.0,0.3,0.2,2,1,1.00,CYCLE,N
IND,208,6592,59452,16/01/2019,17:36:41,15,1,32.7,1.0,0.7,0.6,2,1,1.00,CYCLE,N
IND,208,6592,59452,16/01/2019,17:36:45,15,1,30.1,1.1,4.0,3.9,2,1,1.00,CYCLE,N
IND,208,6592,59452,16/01/2019,17:36:46,15,1,28.9,1.0,1.2,1.1,2,1,1.00,CYCLE,N
IND,208,6592,59452,16/01/2019,17:36:47,15,1,28.8,1.1,0.5,0.3,2,1,1.00,CYCLE,N
IND,208,6592,59452,16/01/2019,17:36:47,15,1,26.7,1.0,0.3,0.1,2,1,1.00,CYCLE,N
IND,208,6592,59452,16/01/2019,17:36:47,15,1,29.5,1.0,0.2,0.1,2,1,1.00,CYCLE,N
IND,208,6592,59452,16/01/2019,17:36:49,15,1,26.4,1.1,1.8,1.7,2,1,1.00,CYCLE,N
IND,208,6592,59452,16/01/2019,17:36:50,15,1,26.6,1.1,0.8,0.6,2,1,1.00,CYCLE,N
IND,208,6592,59452,16/01/2019,17:36:52,15,1,28.7,1.1,1.8,1.7,2,1,1.00,CYCLE,N
IND,208,6592,59452,16/01/2019,17:36:53,15,1,28.2,1.1,1.3,1.1,2,1,1.00,CYCLE,N
IND,208,6592,59452,16/01/2019,17:36:54,15,1,26.6,1.0,0.8,0.7,2,1,1.00,CYCLE,N
IND,208,6592,59452,16/01/2019,17:36:57,15,1,24.2,1.0,3.1,3.0,2,1,1.00,CYCLE,N
IND,208,6592,59452,16/01/2019,17:37:03,15,1,19.9,1.1,5.6,5.4,2,1,1.00,CYCLE,N
IND,208,6592,59453,16/01/2019,17:37:14,15,0,16.5,1.0,36.9,36.8,2,1,1.00,CYCLE,S
IND,208,6592,59452,16/01/2019,17:37:21,15,1,29.5,1.0,18.1,17.9,2,1,1.00,CYCLE,N
IND,208,6592,59452,16/01/2019,17:37:24,15,1,29.9,1.1,3.8,3.7,2,1,1.00,CYCLE,N
IND,208,6592,59453,16/01/2019,17:38:02,15,0,23.7,1.1,48.1,47.8,2,1,1.00,CYCLE,S
IND,208,6592,59452,16/01/2019,17:38:13,15,1,34.1,1.0,48.8,48.7,2,1,1.00,CYCLE,N
IND,208,6592,59452,16/01/2019,17:38:17,15,1,29.5,1.0,3.6,3.5,2,1,1.00,CYCLE,N
IND,208,6592,59452,16/01/2019,17:38:17,15,1,29.5,1.0,0.0,0.0,2,1,1.00,CYCLE,N
IND,208,6592,59452,16/01/2019,17:38:19,15,1,30.2,1.0,1.6,1.4,2,1,1.00,CYCLE,N
IND,208,6592,59452,16/01/2019,17:38:20,15,1,36.3,1.0,1.3,1.2,2,1,1.00,CYCLE,N
IND,208,6592,59452,16/01/2019,17:38:21,15,1,26.9,1.0,1.6,1.5,2,1,1.00,CYCLE,N
IND,208,6592,59452,16/01/2019,17:38:22,15,1,31.3,1.0,0.4,0.3,2,1,1.00,CYCLE,N
IND,208,6592,59452,16/01/2019,17:38:24,15,1,27.6,1.0,2.6,2.5,2,1,1.00,CYCLE,N
IND,208,6592,59452,16/01/2019,17:39:06,15,1,34.1,1.0,41.4,41.3,2,1,1.00,CYCLE,N
IND,208,6592,59452,16/01/2019,17:39:17,15,1,33.8,1.0,10.8,10.7,2,1,1.00,CYCLE,N
IND,208,6592,59452,16/01/2019,17:40:17,15,1,36.9,1.0,60.1,59.9,2,1,1.00,CYCLE,N
IND,208,6592,59452,16/01/2019,17:40:18,15,1,41.7,1.1,1.2,1.1,2,1,1.00,CYCLE,N
IND,208,6592,59452,16/01/2019,17:40:19,15,1,34.3,1.1,0.8,0.7,2,1,1.00,CYCLE,N
IND,208,6592,59452,16/01/2019,17:40:20,15,1,31.5,1.1,1.0,0.9,2,1,1.00,CYCLE,N
IND,208,6592,59452,16/01/2019,17:40:20,15,1,32.9,1.1,0.7,0.6,2,1,1.00,CYCLE,N
IND,208,6592,59452,16/01/2019,17:40:23,15,1,28.1,1.1,2.2,2.1,2,1,1.00,CYCLE,N
IND,208,6592,59452,16/01/2019,17:40:23,15,1,27.5,1.1,0.7,0.6,2,1,1.00,CYCLE,N
IND,208,6592,59452,16/01/2019,17:40:25,15,1,25.4,1.1,1.8,1.7,2,1,1.00,CYCLE,N
IND,208,6592,59452,16/01/2019,17:40:26,15,1,25.5,1.0,0.7,0.5,2,1,1.00,CYCLE,N
IND,208,6592,59452,16/01/2019,17:40:29,15,1,26.2,1.0,3.1,2.9,2,1,1.00,CYCLE,N
IND,208,6592,59452,16/01/2019,17:40:31,15,1,30.1,1.1,1.6,1.5,2,1,1.00,CYCLE,N
IND,208,6592,59452,16/01/2019,17:40:32,15,1,21.9,1.0,1.4,1.3,2,1,1.00,CYCLE,N
IND,208,6592,59452,16/01/2019,17:40:33,15,1,20.7,1.0,0.6,0.4,2,1,1.00,CYCLE,N
IND,208,6592,59453,16/01/2019,17:40:36,15,0,27.1,1.0,154.1,153.9,2,1,1.00,CYCLE,S
IND,208,6592,59452,16/01/2019,17:41:12,15,1,30.8,1.1,39.7,39.5,2,1,1.00,CYCLE,N
IND,208,6592,59452,16/01/2019,17:41:17,15,1,29.7,1.1,5.1,5.0,2,1,1.00,CYCLE,N
IND,208,6592,59452,16/01/2019,17:42:06,15,1,28.4,1.0,48.8,48.7,2,1,1.00,CYCLE,N
IND,208,6592,59452,16/01/2019,17:42:08,15,1,36.9,1.0,1.7,1.6,2,1,1.00,CYCLE,N
IND,208,6592,59452,16/01/2019,17:42:08,15,1,23.7,1.0,0.5,0.4,2,1,1.00,CYCLE,N
IND,208,6592,59452,16/01/2019,17:42:11,15,1,26.0,1.1,2.6,2.4,2,1,1.00,CYCLE,N
IND,208,6592,59452,16/01/2019,17:42:13,15,1,24.5,1.1,2.3,2.2,2,1,1.00,CYCLE,N
IND,208,6592,59452,16/01/2019,17:42:32,15,1,24.7,1.1,19.2,19.0,2,1,1.00,CYCLE,N
IND,208,6592,59452,16/01/2019,17:42:39,15,1,26.2,1.0,6.2,6.1,2,1,1.00,CYCLE,N
IND,208,6592,59452,16/01/2019,17:42:56,15,1,33.0,1.1,17.7,17.6,2,1,1.00,CYCLE,N
IND,208,6592,59452,16/01/2019,17:43:03,15,1,32.9,1.0,6.2,6.1,2,1,1.00,CYCLE,N
IND,208,6592,59452,16/01/2019,17:43:09,15,1,30.3,1.0,5.9,5.8,2,1,1.00,CYCLE,N
IND,208,6592,59453,16/01/2019,17:43:11,15,0,34.1,1.0,155.3,155.2,2,1,1.00,CYCLE,S
IND,208,6592,59452,16/01/2019,17:43:58,15,1,33.0,1.0,49.5,49.4,2,1,1.00,CYCLE,N
IND,208,6592,59452,16/01/2019,17:44:00,15,1,29.7,1.0,1.7,1.6,2,1,1.00,CYCLE,N
IND,208,6592,59452,16/01/2019,17:44:02,15,1,34.4,1.0,2.4,2.3,2,1,0.50,CYCLE,N
IND,208,6592,59453,16/01/2019,17:44:02,15,0,34.4,1.0,0.0,0.0,2,1,0.50,CYCLE,S
IND,208,6592,59452,16/01/2019,17:44:04,15,1,25.3,1.0,1.4,1.2,2,1,1.00,CYCLE,N
IND,208,6592,59452,16/01/2019,17:44:05,15,1,25.7,1.1,1.3,1.2,2,1,1.00,CYCLE,N
IND,208,6592,59453,16/01/2019,17:44:07,15,0,28.4,1.1,55.7,55.6,2,1,1.00,CYCLE,S
IND,208,6592,59452,16/01/2019,17:44:08,15,1,30.4,1.0,2.7,2.5,2,1,1.00,CYCLE,N
IND,208,6592,59452,16/01/2019,17:44:09,15,1,26.4,1.1,1.7,1.6,2,1,1.00,CYCLE,N
IND,208,6592,59452,16/01/2019,17:44:10,15,1,21.5,1.1,0.5,0.3,2,1,1.00,CYCLE,N
IND,208,6592,59452,16/01/2019,17:44:12,15,1,23.3,1.1,2.0,1.8,2,1,1.00,CYCLE,N
IND,208,6592,59452,16/01/2019,17:44:14,15,1,22.1,1.1,1.8,1.6,2,1,1.00,CYCLE,N
IND,208,6592,59452,16/01/2019,17:44:17,15,1,19.8,1.1,3.3,3.2,2,1,1.00,CYCLE,N
IND,208,6592,59452,16/01/2019,17:45:15,15,1,27.3,1.0,58.1,57.9,2,1,1.00,CYCLE,N
IND,208,6592,59452,16/01/2019,17:45:17,15,1,29.0,1.1,1.6,1.5,2,1,1.00,CYCLE,N
IND,208,6592,59452,16/01/2019,17:45:20,15,1,29.6,1.0,3.0,2.9,2,1,1.00,CYCLE,N
IND,208,6592,59452,16/01/2019,17:45:47,15,1,33.0,1.1,27.4,27.2,2,1,1.00,CYCLE,N
IND,208,6592,59452,16/01/2019,17:45:49,15,1,39.2,1.0,1.6,1.5,2,1,1.00,CYCLE,N
IND,208,6592,59452,16/01/2019,17:45:53,15,1,30.8,1.0,4.4,4.3,2,1,1.00,CYCLE,N
IND,208,6592,59452,16/01/2019,17:45:53,15,1,29.9,1.0,0.2,0.1,2,1,1.00,CYCLE,N
IND,208,6592,59452,16/01/2019,17:45:53,15,1,29.9,1.0,0.0,0.0,2,1,1.00,CYCLE,N
IND,208,6592,59452,16/01/2019,17:45:56,15,1,25.4,1.0,2.9,2.6,2,1,1.00,CYCLE,N
IND,208,6592,59452,16/01/2019,17:45:58,15,1,27.6,1.0,1.4,1.5,2,1,1.00,CYCLE,N
IND,208,6592,59453,16/01/2019,17:46:57,15,0,25.8,1.1,170.5,170.4,2,1,1.00,CYCLE,S
IND,208,6592,59452,16/01/2019,17:47:56,15,1,31.0,1.1,117.4,117.2,2,1,1.00,CYCLE,N
IND,208,6592,59452,16/01/2019,17:47:57,15,1,29.1,1.0,0.9,0.7,2,1,1.00,CYCLE,N
IND,208,6592,59452,16/01/2019,17:47:58,15,1,28.7,1.0,0.9,0.8,2,1,1.00,CYCLE,N
IND,208,6592,59452,16/01/2019,17:47:59,15,1,27.6,1.0,1.4,1.3,2,1,1.00,CYCLE,N
IND,208,6592,59452,16/01/2019,17:48:01,15,1,27.2,1.0,2.0,1.9,2,1,1.00,CYCLE,N
IND,208,6592,59452,16/01/2019,17:48:03,15,1,26.4,1.0,1.9,1.7,2,1,1.00,CYCLE,N
IND,208,6592,59452,16/01/2019,17:48:03,15,1,25.6,1.0,0.4,0.3,2,1,1.00,CYCLE,N
IND,208,6592,59452,16/01/2019,17:48:06,15,1,24.4,1.0,2.9,2.7,2,1,1.00,CYCLE,N
IND,208,6592,59452,16/01/2019,17:48:10,15,1,21.0,1.1,3.7,3.6,2,1,1.00,CYCLE,N
IND,208,6592,59452,16/01/2019,17:48:15,15,1,18.9,1.1,5.3,5.1,2,1,1.00,CYCLE,N
IND,208,6592,59452,16/01/2019,17:49:51,15,1,31.0,1.0,95.8,95.5,2,1,1.00,CYCLE,N
IND,208,6592,59452,16/01/2019,17:49:52,15,1,31.2,1.0,0.8,0.7,2,1,1.00,CYCLE,N
IND,208,6592,59452,16/01/2019,17:49:53,15,1,30.5,1.1,0.8,0.7,2,1,1.00,CYCLE,N
IND,208,6592,59452,16/01/2019,17:49:56,15,1,31.5,1.0,3.1,3.0,2,1,1.00,CYCLE,N
IND,208,6592,59452,16/01/2019,17:49:57,15,1,29.9,1.0,1.1,1.0,2,1,1.00,CYCLE,N
IND,208,6592,59452,16/01/2019,17:49:58,15,1,26.8,1.1,1.2,1.1,2,1,1.00,CYCLE,N
IND,208,6592,59452,16/01/2019,17:50:00,15,1,26.1,1.1,1.9,1.8,2,1,1.00,CYCLE,N
IND,208,6592,59452,16/01/2019,17:50:02,15,1,20.7,1.0,2.4,2.2,2,1,1.00,CYCLE,N
IND,208,6592,59452,16/01/2019,17:52:05,15,1,34.2,1.1,123.1,122.9,2,1,1.00,CYCLE,N
IND,208,6592,59452,16/01/2019,17:52:07,15,1,34.4,1.0,1.2,1.1,2,1,1.00,CYCLE,N
IND,208,6592,59452,16/01/2019,17:52:09,15,1,32.2,1.1,2.5,2.4,2,1,1.00,CYCLE,N
IND,208,6592,59452,16/01/2019,17:52:11,15,1,27.7,1.0,2.1,1.9,2,1,1.00,CYCLE,N
IND,208,6592,59452,16/01/2019,17:52:12,15,1,28.5,1.1,0.6,0.4,2,1,1.00,CYCLE,N
IND,208,6592,59452,16/01/2019,17:52:15,15,1,24.3,1.1,3.7,3.6,2,1,1.00,CYCLE,N
IND,208,6592,59453,16/01/2019,17:52:18,15,0,26.4,1.1,320.5,320.3,2,1,1.00,CYCLE,S
IND,208,6592,59452,16/01/2019,17:52:21,15,1,20.8,1.1,5.6,5.4,2,1,1.00,CYCLE,N
IND,208,6592,59453,16/01/2019,17:52:21,15,0,29.7,1.1,3.5,3.4,2,1,1.00,CYCLE,S
IND,208,6592,59453,16/01/2019,17:52:26,15,0,24.4,1.0,4.8,4.6,2,1,1.00,CYCLE,S
IND,208,6592,59452,16/01/2019,17:52:48,15,1,26.3,0.8,27.5,27.3,2,1,1.00,CYCLE,N
IND,208,6592,59452,16/01/2019,17:53:40,15,1,32.0,1.0,52.0,51.9,2,1,1.00,CYCLE,N
IND,208,6592,59452,16/01/2019,17:53:42,15,1,35.4,1.2,1.8,1.7,2,1,1.00,CYCLE,N
IND,208,6592,59452,16/01/2019,17:53:44,15,1,28.2,1.1,1.5,1.4,2,1,1.00,CYCLE,N
IND,208,6592,59452,16/01/2019,17:53:45,15,1,32.5,1.0,1.2,1.0,2,1,1.00,CYCLE,N
IND,208,6592,59452,16/01/2019,17:53:47,15,1,29.8,1.1,2.0,1.9,2,1,1.00,CYCLE,N
IND,208,6592,59452,16/01/2019,17:53:49,15,1,26.9,1.1,2.1,2.0,2,1,1.00,CYCLE,N
IND,208,6592,59452,16/01/2019,17:53:53,15,1,23.0,1.1,3.4,3.3,2,1,1.00,CYCLE,N
IND,208,6592,59452,16/01/2019,17:53:54,15,1,22.5,1.0,1.3,1.2,2,1,1.00,CYCLE,N
IND,208,6592,59452,16/01/2019,17:53:57,15,1,24.7,1.1,1.7,1.5,2,1,1.00,CYCLE,N
IND,208,6592,59452,16/01/2019,17:53:59,15,1,22.7,1.1,2.3,2.2,2,1,1.00,CYCLE,N
IND,208,6592,59452,16/01/2019,17:55:30,15,1,27.3,1.1,90.7,90.5,2,1,1.00,CYCLE,N
IND,208,6592,59452,16/01/2019,17:55:30,15,1,29.0,1.1,0.4,0.2,2,1,1.00,CYCLE,N
IND,208,6592,59452,16/01/2019,17:55:31,15,1,30.7,1.1,0.7,0.6,2,1,1.00,CYCLE,N
IND,208,6592,59452,16/01/2019,17:55:32,15,1,29.2,1.1,1.1,0.9,2,1,1.00,CYCLE,N
IND,208,6592,59452,16/01/2019,17:55:34,15,1,28.9,1.0,1.8,1.7,2,1,1.00,CYCLE,N
IND,208,6592,59452,16/01/2019,17:55:34,15,1,24.7,1.0,0.7,0.5,2,1,1.00,CYCLE,N
IND,208,6592,59452,16/01/2019,17:55:38,15,1,23.1,1.1,4.1,3.9,2,1,1.00,CYCLE,N
IND,208,6592,59452,16/01/2019,17:55:43,15,1,19.8,1.0,4.5,4.3,2,1,1.00,CYCLE,N
IND,208,6592,59452,16/01/2019,17:55:43,15,1,19.8,1.0,0.0,0.0,2,1,1.00,CYCLE,N
IND,208,6592,59453,16/01/2019,17:55:45,15,0,30.9,1.0,199.1,198.9,2,1,1.00,CYCLE,S
IND,208,6592,59452,16/01/2019,17:57:11,15,1,28.5,1.1,88.1,87.8,2,1,1.00,CYCLE,N
IND,208,6592,59452,16/01/2019,17:57:13,15,1,26.6,1.1,2.2,2.0,2,1,1.00,CYCLE,N
IND,208,6592,59452,16/01/2019,17:57:16,15,1,26.8,1.0,3.3,3.2,2,1,1.00,CYCLE,N
IND,208,6592,59452,16/01/2019,17:57:17,15,1,26.3,1.1,1.0,0.9,2,1,1.00,CYCLE,N
IND,208,6592,59452,16/01/2019,17:57:26,15,1,21.1,1.1,8.3,8.1,2,1,1.00,CYCLE,N
IND,208,6592,59452,16/01/2019,17:57:26,15,1,21.7,0.9,0.5,0.3,2,1,1.00,CYCLE,N
IND,208,6592,59452,16/01/2019,17:57:34,15,1,22.2,1.1,7.8,7.6,2,1,1.00,CYCLE,N
IND,208,6592,59452,16/01/2019,17:57:50,15,1,16.1,1.0,15.8,15.6,2,1,1.00,CYCLE,N
IND,208,6592,59452,16/01/2019,17:59:17,15,1,29.4,1.1,86.9,86.6,2,1,1.00,CYCLE,N
IND,208,6592,59452,16/01/2019,17:59:18,15,1,25.5,1.1,1.3,1.2,2,1,1.00,CYCLE,N
IND,208,6592,59452,16/01/2019,18:00:08,15,1,17.7,1.0,50.2,50.0,2,1,1.00,CYCLE,N
IND,208,6592,59452,16/01/2019,18:00:09,15,1,23.0,1.1,0.5,0.3,2,1,1.00,CYCLE,N
IND,208,6592,59452,16/01/2019,18:00:40,15,1,34.4,1.0,31.6,31.4,2,1,1.00,CYCLE,N
IND,208,6592,59452,16/01/2019,18:00:55,15,1,26.2,1.1,15.0,14.9,2,1,1.00,CYCLE,N
IND,208,6592,59452,16/01/2019,18:02:02,15,1,29.3,1.0,66.3,66.1,2,1,1.00,CYCLE,N
IND,208,6592,59452,16/01/2019,18:02:02,15,1,30.0,1.1,0.4,0.3,2,1,1.00,CYCLE,N
IND,208,6592,59452,16/01/2019,18:02:03,15,1,28.5,1.1,1.4,1.3,2,1,1.00,CYCLE,N
IND,208,6592,59452,16/01/2019,18:02:06,15,1,24.8,1.0,2.8,2.7,2,1,1.00,CYCLE,N
IND,208,6592,59452,16/01/2019,18:02:09,15,1,25.3,1.0,3.0,2.8,2,1,1.00,CYCLE,N
IND,208,6592,59452,16/01/2019,18:03:19,15,1,36.8,1.0,70.0,69.8,2,1,1.00,CYCLE,N
IND,208,6592,59452,16/01/2019,18:03:21,15,1,32.7,1.0,2.1,2.0,2,1,1.00,CYCLE,N
IND,208,6592,59452,16/01/2019,18:03:22,15,1,31.5,1.1,0.6,0.5,2,1,1.00,CYCLE,N
IND,208,6592,59452,16/01/2019,18:03:24,15,1,30.2,1.1,1.7,1.6,2,1,1.00,CYCLE,N
IND,208,6592,59452,16/01/2019,18:03:27,15,1,25.7,1.1,3.4,3.3,2,1,1.00,CYCLE,N
IND,208,6592,59452,16/01/2019,18:03:29,15,1,24.4,1.0,1.6,1.5,2,1,1.00,CYCLE,N
IND,208,6592,59453,16/01/2019,18:03:40,15,0,25.5,1.0,475.3,475.1,2,1,1.00,CYCLE,S
IND,208,6592,59453,16/01/2019,18:03:48,15,0,28.9,1.0,7.4,7.3,2,1,1.00,CYCLE,S
IND,208,6592,59453,16/01/2019,18:05:27,15,0,22.2,1.1,99.5,99.3,2,1,1.00,CYCLE,S
IND,208,6592,59452,16/01/2019,18:05:31,15,1,32.5,1.0,122.4,122.2,2,1,1.00,CYCLE,N
IND,208,6592,59452,16/01/2019,18:05:32,15,1,34.3,1.0,0.8,0.7,2,1,1.00,CYCLE,N
IND,208,6592,59452,16/01/2019,18:05:38,15,1,23.5,1.1,6.6,6.5,2,1,1.00,CYCLE,N
IND,208,6592,59452,16/01/2019,18:05:47,15,1,17.8,1.1,8.5,8.4,2,1,1.00,CYCLE,N
IND,208,6592,59452,16/01/2019,18:06:47,15,1,34.3,1.1,60.6,60.3,2,1,1.00,CYCLE,N
IND,208,6592,59452,16/01/2019,18:06:48,15,1,35.2,1.1,0.5,0.3,2,1,1.00,CYCLE,N
IND,208,6592,59452,16/01/2019,18:06:48,15,1,33.6,1.0,0.3,0.2,2,1,1.00,CYCLE,N
IND,208,6592,59452,16/01/2019,18:06:51,15,1,32.6,1.1,2.5,2.4,2,1,1.00,CYCLE,N
IND,208,6592,59452,16/01/2019,18:06:52,15,1,29.1,1.1,1.5,1.4,2,1,1.00,CYCLE,N
IND,208,6592,59453,16/01/2019,18:06:56,15,0,22.3,1.0,88.7,88.6,2,1,0.50,CYCLE,S
IND,208,6592,59452,16/01/2019,18:06:56,15,1,22.3,1.0,0.0,0.0,2,1,0.50,CYCLE,N
IND,208,6592,59452,16/01/2019,18:06:58,15,1,23.6,1.1,5.6,5.4,2,1,1.00,CYCLE,N
IND,208,6592,59452,16/01/2019,18:08:22,15,1,31.7,1.0,84.1,83.9,2,1,1.00,CYCLE,N
IND,208,6592,59452,16/01/2019,18:08:24,15,1,29.8,1.0,2.1,2.0,2,1,1.00,CYCLE,N
IND,208,6592,59452,16/01/2019,18:08:26,15,1,27.0,1.1,2.1,2.0,2,1,1.00,CYCLE,N
IND,208,6592,59452,16/01/2019,18:08:28,15,1,26.9,1.0,1.5,1.3,2,1,1.00,CYCLE,N
IND,208,6592,59452,16/01/2019,18:08:28,15,1,25.4,1.0,0.4,0.2,2,1,1.00,CYCLE,N
IND,208,6592,59452,16/01/2019,18:08:30,15,1,26.1,1.1,2.0,1.8,2,1,1.00,CYCLE,N
IND,208,6592,59452,16/01/2019,18:08:33,15,1,23.3,1.0,2.9,2.8,2,1,1.00,CYCLE,N
IND,208,6592,59452,16/01/2019,18:09:02,15,1,21.7,1.1,29.0,28.8,2,1,1.00,CYCLE,N
IND,208,6592,59453,16/01/2019,18:09:15,15,0,24.4,1.0,138.6,138.1,2,1,1.00,CYCLE,S
IND,208,6592,59453,16/01/2019,18:09:26,15,0,24.1,1.1,11.7,11.5,2,1,1.00,CYCLE,S
IND,208,6592,59452,16/01/2019,18:09:49,15,1,24.3,1.0,47.4,47.2,2,1,1.00,CYCLE,N
IND,208,6592,59452,16/01/2019,18:10:07,15,1,26.8,1.0,17.9,17.7,2,1,1.00,CYCLE,N
IND,208,6592,59452,16/01/2019,18:11:10,15,1,29.0,1.0,62.7,62.6,2,1,1.00,CYCLE,N
IND,208,6592,59452,16/01/2019,18:11:11,15,1,27.6,1.1,1.1,1.0,2,1,1.00,CYCLE,N
IND,208,6592,59452,16/01/2019,18:11:12,15,1,26.9,1.0,0.7,0.6,2,1,1.00,CYCLE,N
IND,208,6592,59452,16/01/2019,18:11:18,15,1,19.9,1.0,6.7,6.6,2,1,1.00,CYCLE,N
IND,208,6592,59453,16/01/2019,18:11:27,15,0,32.0,1.0,120.3,120.2,2,1,1.00,CYCLE,S
IND,208,6592,59453,16/01/2019,18:11:27,15,0,30.0,1.0,0.8,0.7,2,1,1.00,CYCLE,S
IND,208,6592,59452,16/01/2019,18:11:46,15,1,24.9,1.1,27.2,27.0,2,1,1.00,CYCLE,N
IND,208,6592,59452,16/01/2019,18:12:17,15,1,29.7,1.0,31.3,31.1,2,1,1.00,CYCLE,N
IND,208,6592,59452,16/01/2019,18:12:24,15,1,22.1,1.1,6.7,6.6,2,1,1.00,CYCLE,N
IND,208,6592,59452,16/01/2019,18:12:26,15,1,21.9,1.0,1.9,1.8,2,1,1.00,CYCLE,N
IND,208,6592,59453,16/01/2019,18:12:29,15,0,24.3,1.0,61.2,61.1,2,1,1.00,CYCLE,S
IND,208,6592,59452,16/01/2019,18:12:32,15,1,16.7,1.1,6.2,6.0,2,1,1.00,CYCLE,N
IND,208,6592,59452,16/01/2019,18:13:24,15,1,28.8,1.0,52.1,51.8,2,1,1.00,CYCLE,N
IND,208,6592,59452,16/01/2019,18:13:37,15,1,31.8,1.1,13.6,13.5,2,1,1.00,CYCLE,N
IND,208,6592,59452,16/01/2019,18:13:42,15,1,20.8,1.1,4.6,4.5,2,1,1.00,CYCLE,N
IND,208,6592,59452,16/01/2019,18:13:44,15,1,23.2,1.0,1.5,1.3,2,1,1.00,CYCLE,N
IND,208,6592,59452,16/01/2019,18:14:40,15,1,26.7,1.1,56.1,55.9,2,1,1.00,CYCLE,N
IND,208,6592,59452,16/01/2019,18:15:31,15,1,31.5,1.1,51.3,51.1,2,1,1.00,CYCLE,N
IND,208,6592,59452,16/01/2019,18:15:36,15,1,24.4,1.0,4.7,4.6,2,1,1.00,CYCLE,N
IND,208,6592,59453,16/01/2019,18:15:49,15,0,28.8,1.0,200.6,200.4,2,1,1.00,CYCLE,S
IND,208,6592,59452,16/01/2019,18:17:03,15,1,25.6,1.0,87.4,87.3,2,1,1.00,CYCLE,N
IND,208,6592,59452,16/01/2019,18:17:39,15,1,19.2,1.0,35.7,35.5,2,1,1.00,CYCLE,N
IND,208,6592,59453,16/01/2019,18:19:02,15,0,26.3,1.2,193.0,192.9,2,1,1.00,CYCLE,S
IND,208,6592,59452,16/01/2019,18:19:18,15,1,29.3,1.0,99.5,99.2,2,1,1.00,CYCLE,N
IND,208,6592,59452,16/01/2019,18:19:30,15,1,23.6,1.1,12.2,12.1,2,1,1.00,CYCLE,N
IND,208,6592,59452,16/01/2019,18:21:50,15,1,29.4,1.1,139.5,139.3,2,1,1.00,CYCLE,N
IND,208,6592,59452,16/01/2019,18:21:51,15,1,26.2,1.0,0.9,0.8,2,1,1.00,CYCLE,N
IND,208,6592,59452,16/01/2019,18:21:51,15,1,26.8,1.0,0.5,0.3,2,1,1.00,CYCLE,N
IND,208,6592,59452,16/01/2019,18:22:40,15,1,34.4,1.0,49.1,49.0,2,1,1.00,CYCLE,N
IND,208,6592,59452,16/01/2019,18:22:42,15,1,30.4,1.1,2.0,1.9,2,1,1.00,CYCLE,N
IND,208,6592,59452,16/01/2019,18:22:46,15,1,29.8,1.0,3.1,3.0,2,1,1.00,CYCLE,N
IND,208,6592,59452,16/01/2019,18:22:48,15,1,27.8,1.0,2.7,2.6,2,1,1.00,CYCLE,N
IND,208,6592,59452,16/01/2019,18:22:51,15,1,22.4,1.1,2.2,2.1,2,1,1.00,CYCLE,N
IND,208,6592,59452,16/01/2019,18:22:51,15,1,23.9,1.1,0.8,0.6,2,1,1.00,CYCLE,N
IND,208,6592,59452,16/01/2019,18:25:09,15,1,26.3,1.0,137.3,137.1,2,1,1.00,CYCLE,N
IND,208,6592,59452,16/01/2019,18:26:34,15,1,32.7,1.1,85.9,85.7,2,1,1.00,CYCLE,N
IND,208,6592,59452,16/01/2019,18:26:38,15,1,27.9,1.1,4.0,3.9,2,1,1.00,CYCLE,N
IND,208,6592,59452,16/01/2019,18:26:40,15,1,24.6,1.0,1.6,1.5,2,1,1.00,CYCLE,N
IND,208,6592,59452,16/01/2019,18:27:08,15,1,21.0,1.0,27.9,27.7,2,1,1.00,CYCLE,N
IND,208,6592,59452,16/01/2019,18:27:32,15,1,17.8,1.0,24.4,24.2,2,1,1.00,CYCLE,N
IND,208,6592,59452,16/01/2019,18:28:03,15,1,31.6,1.0,31.0,30.8,2,1,1.00,CYCLE,N
IND,208,6592,59453,16/01/2019,18:28:10,15,0,26.9,1.1,547.4,547.2,2,1,1.00,CYCLE,S
IND,208,6592,59452,16/01/2019,18:28:17,15,1,27.0,1.0,14.1,14.0,2,1,1.00,CYCLE,N
IND,208,6592,59452,16/01/2019,18:30:11,15,1,29.5,1.0,113.2,113.1,2,1,1.00,CYCLE,N
IND,208,6592,59452,16/01/2019,18:30:12,15,1,30.6,1.0,1.5,1.4,2,1,1.00,CYCLE,N
IND,208,6592,59452,16/01/2019,18:30:16,15,1,25.3,1.1,4.3,4.2,2,1,1.00,CYCLE,N
IND,208,6592,59452,16/01/2019,18:30:18,15,1,22.2,1.0,1.1,1.0,2,1,1.00,CYCLE,N
IND,208,6592,59452,16/01/2019,18:30:20,15,1,23.4,1.0,1.9,1.8,2,1,1.00,CYCLE,N
IND,208,6592,59452,16/01/2019,18:30:22,15,1,24.3,1.1,2.4,2.2,2,1,1.00,CYCLE,N
IND,208,6592,59453,16/01/2019,18:31:02,15,0,25.4,1.0,172.1,171.9,2,1,1.00,CYCLE,S
IND,208,6592,59452,16/01/2019,18:31:02,15,1,23.0,0.9,40.3,40.2,2,1,1.00,CYCLE,N
IND,208,6592,59452,16/01/2019,18:32:45,15,1,30.1,1.0,103.1,102.9,2,1,1.00,CYCLE,N
IND,208,6592,59452,16/01/2019,18:32:45,15,1,30.1,1.0,0.0,0.0,2,1,1.00,CYCLE,N
IND,208,6592,59452,16/01/2019,18:32:46,15,1,40.5,1.0,1.0,0.8,2,1,0.50,CYCLE,N
IND,208,6592,59453,16/01/2019,18:32:46,15,0,40.5,1.0,0.0,0.0,2,1,0.50,CYCLE,S
IND,208,6592,59452,16/01/2019,18:32:50,15,1,25.0,1.0,3.6,3.5,2,1,1.00,CYCLE,N
IND,208,6592,59452,16/01/2019,18:32:51,15,1,26.7,1.1,1.3,1.2,2,1,1.00,CYCLE,N
IND,208,6592,59452,16/01/2019,18:32:52,15,1,25.3,1.0,0.9,0.7,2,1,1.00,CYCLE,N
IND,208,6592,59452,16/01/2019,18:32:53,15,1,24.0,1.0,1.3,1.1,2,1,1.00,CYCLE,N
IND,208,6592,59453,16/01/2019,18:33:14,15,0,25.9,1.1,132.6,132.5,2,1,1.00,CYCLE,S
IND,208,6592,59452,16/01/2019,18:33:56,15,1,28.7,1.0,23.8,23.7,2,1,1.00,CYCLE,N
IND,208,6592,59452,16/01/2019,18:35:02,15,1,24.8,1.1,66.0,65.9,2,1,1.00,CYCLE,N
IND,208,6592,59452,16/01/2019,18:35:54,15,1,31.9,1.0,52.0,51.9,2,1,1.00,CYCLE,N
IND,208,6592,59452,16/01/2019,18:35:58,15,1,26.8,1.0,3.6,3.5,2,1,1.00,CYCLE,N
IND,208,6592,59452,16/01/2019,18:36:00,15,1,25.9,1.1,2.1,2.0,2,1,1.00,CYCLE,N
IND,208,6592,59452,16/01/2019,18:37:24,15,1,27.4,1.0,84.4,84.3,2,1,1.00,CYCLE,N
IND,208,6592,59452,16/01/2019,18:37:29,15,1,24.4,1.1,4.5,4.4,2,1,1.00,CYCLE,N
IND,208,6592,59453,16/01/2019,18:37:54,15,0,13.1,1.1,232.1,231.0,2,1,1.00,CYCLE,S
IND,208,6592,59452,16/01/2019,18:38:42,15,1,33.4,1.0,73.5,73.3,2,1,1.00,CYCLE,N
IND,208,6592,59453,16/01/2019,18:38:53,15,0,24.5,1.0,58.9,58.6,2,1,1.00,CYCLE,S
IND,208,6592,59453,16/01/2019,18:38:59,15,0,27.3,1.0,5.6,5.5,2,1,1.00,CYCLE,S
IND,208,6592,59452,16/01/2019,18:40:06,15,1,18.2,1.0,83.1,83.0,2,1,1.00,CYCLE,N
IND,208,6592,59452,16/01/2019,18:41:00,15,1,30.1,1.0,54.2,54.0,2,1,1.00,CYCLE,N
IND,208,6592,59452,16/01/2019,18:41:01,15,1,31.5,1.1,0.9,0.8,2,1,1.00,CYCLE,N
IND,208,6592,59452,16/01/2019,18:41:04,15,1,21.8,1.1,3.4,3.3,2,1,1.00,CYCLE,N
IND,208,6592,59452,16/01/2019,18:41:06,15,1,25.1,1.2,1.7,1.5,2,1,1.00,CYCLE,N
IND,208,6592,59452,16/01/2019,18:42:29,15,1,24.7,1.0,82.8,82.6,2,1,1.00,CYCLE,N
IND,208,6592,59452,16/01/2019,18:42:31,15,1,21.9,1.1,2.1,2.0,2,1,1.00,CYCLE,N
IND,208,6592,59453,16/01/2019,18:42:49,15,0,23.7,1.0,230.6,230.4,2,1,1.00,CYCLE,S
IND,208,6592,59452,16/01/2019,18:46:01,15,1,23.6,1.1,210.1,209.9,2,1,1.00,CYCLE,N
IND,208,6592,59452,16/01/2019,18:47:46,15,1,31.8,1.0,104.8,104.6,2,1,1.00,CYCLE,N
IND,208,6592,59452,16/01/2019,18:47:48,15,1,26.2,1.1,2.8,2.7,2,1,1.00,CYCLE,N
IND,208,6592,59452,16/01/2019,18:47:50,15,1,25.1,1.1,1.6,1.4,2,1,1.00,CYCLE,N
IND,208,6592,59452,16/01/2019,18:50:06,15,1,27.4,1.0,135.9,135.8,2,1,1.00,CYCLE,N
IND,208,6592,59452,16/01/2019,18:50:41,15,1,20.2,1.1,35.4,35.3,2,1,1.00,CYCLE,N
IND,208,6592,59452,16/01/2019,18:52:01,15,1,18.7,1.0,79.5,79.4,2,1,1.00,CYCLE,N
IND,208,6592,59452,16/01/2019,18:53:04,15,1,32.0,1.1,63.5,63.3,2,1,1.00,CYCLE,N
IND,208,6592,59452,16/01/2019,18:53:45,15,1,31.6,1.0,40.3,40.1,2,1,1.00,CYCLE,N
IND,208,6592,59452,16/01/2019,18:53:47,15,1,33.5,1.1,2.1,1.9,2,1,1.00,CYCLE,N
IND,208,6592,59452,16/01/2019,18:53:47,15,1,29.9,1.1,0.6,0.5,2,1,1.00,CYCLE,N
IND,208,6592,59452,16/01/2019,18:53:51,15,1,26.4,1.0,4.0,3.9,2,1,1.00,CYCLE,N
IND,208,6592,59452,16/01/2019,18:53:55,15,1,23.5,1.1,3.6,3.5,2,1,1.00,CYCLE,N
IND,208,6592,59452,16/01/2019,18:53:57,15,1,20.4,1.0,2.5,2.4,2,1,1.00,CYCLE,N
IND,208,6592,59452,16/01/2019,18:55:08,15,1,38.6,1.0,70.6,70.4,2,1,1.00,CYCLE,N
IND,208,6592,59452,16/01/2019,18:56:09,15,1,21.0,1.0,61.2,61.1,2,1,1.00,CYCLE,N
IND,208,6592,59452,16/01/2019,18:58:28,15,1,24.6,1.1,138.7,138.5,2,1,1.00,CYCLE,N
IND,208,6592,59453,16/01/2019,19:00:12,15,0,26.3,1.0,1042.7,1042.5,2,1,1.00,CYCLE,S
IND,208,6592,59452,16/01/2019,19:04:56,15,1,25.5,1.1,388.3,388.2,2,1,1.00,CYCLE,N
IND,208,6592,59452,16/01/2019,19:05:18,15,1,21.7,1.1,21.4,21.3,2,1,1.00,CYCLE,N
IND,208,6592,59452,16/01/2019,19:05:21,15,1,22.1,1.0,3.6,3.4,2,1,1.00,CYCLE,N
IND,208,6592,59453,16/01/2019,19:06:37,15,0,28.7,1.1,384.8,384.6,2,1,1.00,CYCLE,S
IND,208,6592,59452,16/01/2019,19:06:46,15,1,23.9,1.0,84.9,84.7,2,1,1.00,CYCLE,N
IND,208,6592,59452,16/01/2019,19:06:52,15,1,21.1,1.1,5.7,5.5,2,1,1.00,CYCLE,N
IND,208,6592,59452,16/01/2019,19:08:55,15,1,17.6,1.1,123.5,123.4,2,1,1.00,CYCLE,N
IND,208,6592,59452,16/01/2019,19:09:05,15,1,18.0,0.6,9.2,9.0,2,1,1.00,CYCLE,N
IND,208,6592,59453,16/01/2019,19:11:29,15,0,24.8,1.1,292.3,292.2,2,1,1.00,CYCLE,S
IND,208,6592,59452,16/01/2019,19:11:31,15,1,26.9,1.1,146.6,146.5,2,1,1.00,CYCLE,N
IND,208,6592,59452,16/01/2019,19:11:35,15,1,21.9,1.1,3.9,3.7,2,1,1.00,CYCLE,N
IND,208,6592,59452,16/01/2019,19:13:00,15,1,29.9,1.1,84.5,84.3,2,1,1.00,CYCLE,N
IND,208,6592,59452,16/01/2019,19:13:55,15,1,22.5,1.0,55.1,55.0,2,1,1.00,CYCLE,N
IND,208,6592,59453,16/01/2019,19:14:23,15,0,20.1,1.1,173.8,173.6,2,1,1.00,CYCLE,S
IND,208,6592,59452,16/01/2019,19:14:50,15,1,28.4,1.1,55.6,55.5,2,1,1.00,CYCLE,N
IND,208,6592,59452,16/01/2019,19:16:28,15,1,23.3,1.0,98.2,98.1,2,1,1.00,CYCLE,N
IND,208,6592,59452,16/01/2019,19:16:38,15,1,17.0,1.1,9.8,9.7,2,1,1.00,CYCLE,N
IND,208,6592,59452,16/01/2019,19:16:56,15,1,10.7,1.0,17.9,17.8,2,1,1.00,CYCLE,N
IND,208,6592,59452,16/01/2019,19:17:14,15,1,23.3,1.0,17.8,17.4,2,1,1.00,CYCLE,N
IND,208,6592,59452,16/01/2019,19:17:23,15,1,18.2,1.1,8.9,8.8,2,1,1.00,CYCLE,N
IND,208,6592,59453,16/01/2019,19:17:49,15,0,21.7,1.0,206.2,206.0,2,1,1.00,CYCLE,S
IND,208,6592,59452,16/01/2019,19:18:41,15,1,25.9,1.0,78.5,78.2,2,1,1.00,CYCLE,N
IND,208,6592,59452,16/01/2019,19:20:38,15,1,21.7,1.0,116.7,116.6,2,1,1.00,CYCLE,N
IND,208,6592,59452,16/01/2019,19:22:11,15,1,31.6,1.1,93.3,93.1,2,1,1.00,CYCLE,N
IND,208,6592,59452,16/01/2019,19:22:22,15,1,21.5,1.1,10.7,10.6,2,1,1.00,CYCLE,N
IND,208,6592,59452,16/01/2019,19:22:30,15,1,22.8,1.1,8.1,7.9,2,1,1.00,CYCLE,N
IND,208,6592,59453,16/01/2019,19:22:41,15,0,25.2,1.0,292.4,292.3,2,1,1.00,CYCLE,S
IND,208,6592,59452,16/01/2019,19:23:08,15,1,22.9,1.1,37.2,37.1,2,1,1.00,CYCLE,N
IND,208,6592,59452,16/01/2019,19:23:37,15,1,24.0,1.0,29.2,29.0,2,1,1.00,CYCLE,N
IND,208,6592,59452,16/01/2019,19:23:44,15,1,27.2,1.1,7.0,6.8,2,1,1.00,CYCLE,N
IND,208,6592,59452,16/01/2019,19:24:30,15,1,17.3,1.0,46.0,45.9,2,1,1.00,CYCLE,N
IND,208,6592,59453,16/01/2019,19:24:40,15,0,22.4,1.0,118.9,118.8,2,1,1.00,CYCLE,S
IND,208,6592,59453,16/01/2019,19:25:13,15,0,17.2,1.0,32.1,32.0,2,1,1.00,CYCLE,S
IND,208,6592,59452,16/01/2019,19:26:10,15,1,36.0,1.1,100.1,99.8,2,1,1.00,CYCLE,N
IND,208,6592,59452,16/01/2019,19:26:17,15,1,24.9,1.0,6.7,6.6,2,1,1.00,CYCLE,N
IND,208,6592,59452,16/01/2019,19:29:02,15,1,25.7,1.0,165.6,165.5,2,1,1.00,CYCLE,N
IND,208,6592,59452,16/01/2019,19:31:39,15,1,21.4,1.1,156.4,156.2,2,1,1.00,CYCLE,N
IND,208,6592,59452,16/01/2019,19:33:16,15,1,21.2,1.1,97.5,97.3,2,1,1.00,CYCLE,N
IND,208,6592,59452,16/01/2019,19:34:56,15,1,26.4,1.0,100.3,100.1,2,1,1.00,CYCLE,N
IND,208,6592,59452,16/01/2019,19:35:08,15,1,26.9,1.1,11.1,11.0,2,1,1.00,CYCLE,N
IND,208,6592,59452,16/01/2019,19:36:52,15,1,24.7,1.0,104.3,104.1,2,1,1.00,CYCLE,N
IND,208,6592,59452,16/01/2019,19:36:55,15,1,24.3,1.0,3.1,3.0,2,1,1.00,CYCLE,N
IND,208,6592,59452,16/01/2019,19:37:08,15,1,22.5,1.1,12.9,12.7,2,1,1.00,CYCLE,N
IND,208,6592,59453,16/01/2019,19:38:05,15,0,26.1,1.0,772.5,772.3,2,1,1.00,CYCLE,S
IND,208,6592,59453,16/01/2019,19:38:15,15,0,25.5,1.0,10.2,10.1,2,1,1.00,CYCLE,S
IND,208,6592,59452,16/01/2019,19:38:49,15,1,22.3,1.1,101.4,101.2,2,1,1.00,CYCLE,N
IND,208,6592,59452,16/01/2019,19:38:58,15,1,22.7,1.1,8.8,8.7,2,1,1.00,CYCLE,N
IND,208,6592,59452,16/01/2019,19:39:23,15,1,34.9,1.0,25.0,24.8,2,1,1.00,CYCLE,N
IND,208,6592,59452,16/01/2019,19:40:25,15,1,23.2,1.1,62.4,62.3,2,1,1.00,CYCLE,N
IND,208,6592,59452,16/01/2019,19:40:31,15,1,24.5,1.0,5.6,5.4,2,1,1.00,CYCLE,N
IND,208,6592,59452,16/01/2019,19:43:26,15,1,20.9,1.1,174.7,174.5,2,1,1.00,CYCLE,N
IND,208,6592,59452,16/01/2019,19:43:39,15,1,15.7,1.0,13.6,13.4,2,1,1.00,CYCLE,N
IND,208,6592,59452,16/01/2019,19:45:32,15,1,17.5,1.0,112.8,112.6,2,1,1.00,CYCLE,N
IND,208,6592,59452,16/01/2019,19:45:50,15,1,27.1,1.0,17.4,17.2,2,1,1.00,CYCLE,N
IND,208,6592,59452,16/01/2019,19:46:01,15,1,24.3,1.0,11.0,10.9,2,1,1.00,CYCLE,N
IND,208,6592,59452,16/01/2019,19:46:11,15,1,20.4,1.0,10.4,10.3,2,1,1.00,CYCLE,N
IND,208,6592,59452,16/01/2019,19:47:59,15,1,22.7,1.1,108.2,108.0,2,1,1.00,CYCLE,N
IND,208,6592,59453,16/01/2019,19:51:23,15,0,18.7,1.1,787.6,787.5,2,1,1.00,CYCLE,S
IND,208,6592,59452,16/01/2019,19:52:19,15,1,28.6,1.1,259.5,259.4,2,1,1.00,CYCLE,N
IND,208,6592,59452,16/01/2019,19:54:31,15,1,16.2,1.1,132.0,131.9,2,1,1.00,CYCLE,N
IND,208,6592,59453,16/01/2019,19:54:47,15,0,24.1,1.0,203.9,203.7,2,1,1.00,CYCLE,S
IND,208,6592,59453,16/01/2019,19:56:12,15,0,27.2,1.2,85.6,85.5,2,1,1.00,CYCLE,S
IND,208,6592,59452,16/01/2019,19:57:48,15,1,19.7,1.1,197.6,197.4,2,1,1.00,CYCLE,N
IND,208,6592,59452,16/01/2019,19:57:56,15,1,22.7,1.0,7.8,7.6,2,1,1.00,CYCLE,N
IND,208,6592,59452,16/01/2019,19:58:54,15,1,26.8,1.1,58.0,57.8,2,1,1.00,CYCLE,N
IND,208,6592,59452,16/01/2019,19:59:06,15,1,25.1,1.0,11.8,11.6,2,1,1.00,CYCLE,N
IND,208,6592,59452,16/01/2019,20:00:41,15,1,28.7,1.0,94.9,94.7,2,1,1.00,CYCLE,N
IND,208,6592,59453,16/01/2019,20:07:37,15,0,19.2,1.1,684.5,684.3,2,1,1.00,CYCLE,S
IND,208,6592,59452,16/01/2019,20:11:14,15,1,16.5,1.0,633.6,633.5,2,1,1.00,CYCLE,N
IND,208,6592,59452,16/01/2019,20:12:50,15,1,21.0,1.1,95.4,95.1,2,1,1.00,CYCLE,N
IND,208,6592,59452,16/01/2019,20:16:47,15,1,25.1,1.0,237.3,237.1,2,1,1.00,CYCLE,N
IND,208,6592,59452,16/01/2019,20:18:12,15,1,28.4,1.1,84.9,84.8,2,1,1.00,CYCLE,N
IND,208,6592,59453,16/01/2019,20:19:00,15,0,21.2,1.1,683.2,683.1,2,1,1.00,CYCLE,S
IND,208,6592,59452,16/01/2019,20:19:03,15,1,18.3,1.1,51.2,51.0,2,1,1.00,CYCLE,N
IND,208,6592,59452,16/01/2019,20:19:51,15,1,25.5,1.0,48.4,48.2,2,1,1.00,CYCLE,N
IND,208,6592,59453,16/01/2019,20:21:43,15,0,17.6,1.0,162.8,162.7,2,1,1.00,CYCLE,S
IND,208,6592,59452,16/01/2019,20:22:29,15,1,23.9,1.0,157.1,157.0,2,1,1.00,CYCLE,N
IND,208,6592,59452,16/01/2019,20:22:36,15,1,24.8,1.1,7.7,7.5,2,1,1.00,CYCLE,N
IND,208,6592,59452,16/01/2019,20:24:17,15,1,21.7,1.1,100.6,100.4,2,1,1.00,CYCLE,N
IND,208,6592,59452,16/01/2019,20:25:38,15,1,32.0,1.1,81.1,80.9,2,1,1.00,CYCLE,N
IND,208,6592,59453,16/01/2019,20:27:45,15,0,20.4,1.0,362.4,362.2,2,1,1.00,CYCLE,S
IND,208,6592,59452,16/01/2019,20:28:53,15,1,26.6,1.0,195.5,195.4,2,1,1.00,CYCLE,N
IND,208,6592,59452,16/01/2019,20:29:25,15,1,18.5,1.1,31.8,31.7,2,1,1.00,CYCLE,N
IND,208,6592,59452,16/01/2019,20:29:58,15,1,16.8,1.0,0.7,0.8,2,1,1.00,CYCLE,N
IND,208,6592,59452,16/01/2019,20:30:12,15,1,17.0,1.0,1.0,1.1,2,1,0.93,CYCLE,N
IND,208,6592,59452,16/01/2019,20:30:12,15,1,17.0,1.0,0.0,0.0,2,1,0.93,CYCLE,N
IND,208,6592,59452,16/01/2019,20:30:22,15,1,10.6,1.0,3.4,2.9,2,1,0.70,CYCLE,N
IND,208,6592,59452,16/01/2019,20:30:22,15,1,10.6,1.0,0.0,0.0,2,1,0.70,CYCLE,N
IND,208,6592,59452,16/01/2019,20:30:22,15,1,10.6,1.0,0.0,0.0,2,1,0.70,CYCLE,N
IND,208,6592,59452,16/01/2019,20:30:22,15,1,10.6,1.0,0.0,0.0,2,1,0.70,CYCLE,N
IND,208,6592,59452,16/01/2019,20:30:52,15,1,12.4,1.0,11.2,11.2,2,1,1.00,CYCLE,N
IND,208,6592,59452,16/01/2019,20:30:52,15,1,12.4,1.0,0.0,0.0,2,1,1.00,CYCLE,N
IND,208,6592,59452,16/01/2019,20:30:58,15,1,17.8,0.2,5.5,5.2,2,1,1.00,CYCLE,N
IND,208,6592,59452,16/01/2019,20:31:01,15,1,12.9,1.0,1.1,1.0,2,1,0.86,CYCLE,N
IND,208,6592,59452,16/01/2019,20:31:01,15,1,12.9,1.0,0.0,0.0,2,1,0.86,CYCLE,N
IND,208,6592,59452,16/01/2019,20:31:01,15,1,12.9,1.0,0.0,0.0,2,1,0.86,CYCLE,N
IND,208,6592,59452,16/01/2019,20:31:01,15,1,12.9,1.0,0.0,0.0,2,1,0.86,CYCLE,N
IND,208,6592,59452,16/01/2019,20:31:04,15,1,31.9,1.0,1.5,1.3,2,1,0.31,CYCLE,N
IND,208,6592,59452,16/01/2019,20:31:35,15,1,15.2,0.2,14.1,13.9,2,1,1.00,CYCLE,N
IND,208,6592,59452,16/01/2019,20:31:39,15,1,10.2,1.0,2.2,2.2,2,1,0.83,CYCLE,N
IND,208,6592,59452,16/01/2019,20:31:39,15,1,10.2,1.0,0.0,0.0,2,1,0.83,CYCLE,N
IND,208,6592,59452,16/01/2019,20:31:44,15,1,17.6,1.0,5.3,4.8,2,1,0.93,CYCLE,N
IND,208,6592,59452,16/01/2019,20:31:44,15,1,17.6,1.0,0.0,0.0,2,1,0.93,CYCLE,N
IND,208,6592,59452,16/01/2019,20:31:46,15,1,34.5,1.0,1.8,1.6,2,1,0.44,CYCLE,N
IND,208,6592,59453,16/01/2019,20:31:57,15,0,13.7,1.0,251.5,251.3,2,1,1.00,CYCLE,S
IND,208,6592,59453,16/01/2019,20:35:26,15,0,23.0,1.0,209.5,209.2,2,1,1.00,CYCLE,S
IND,208,6592,59453,16/01/2019,20:37:56,15,0,24.9,1.1,149.4,149.2,2,1,1.00,CYCLE,S
IND,208,6592,59452,16/01/2019,20:38:49,15,1,23.5,1.1,397.1,396.9,2,1,1.00,CYCLE,N
IND,208,6592,59452,16/01/2019,20:38:50,15,1,19.5,1.0,1.5,1.4,2,1,1.00,CYCLE,N
IND,208,6592,59452,16/01/2019,20:39:00,15,1,17.5,1.0,10.1,9.9,2,1,1.00,CYCLE,N
IND,208,6592,59452,16/01/2019,20:39:00,15,1,17.5,1.0,0.0,0.0,2,1,1.00,CYCLE,N
IND,208,6592,59452,16/01/2019,20:39:38,15,1,28.1,1.1,37.7,37.2,2,1,1.00,CYCLE,N
IND,208,6592,59452,16/01/2019,20:40:25,15,1,26.6,1.0,47.4,47.3,2,1,1.00,CYCLE,N
IND,208,6592,59452,16/01/2019,20:43:20,15,1,22.8,1.1,174.8,174.7,2,1,1.00,CYCLE,N
IND,208,6592,59452,16/01/2019,20:43:32,15,1,14.3,1.0,11.8,11.7,2,1,1.00,CYCLE,N
IND,208,6592,59452,16/01/2019,20:43:33,15,1,14.8,1.1,1.2,1.0,2,1,1.00,CYCLE,N
IND,208,6592,59453,16/01/2019,20:46:41,15,0,28.0,1.0,525.3,525.1,2,1,1.00,CYCLE,S
IND,208,6592,59452,16/01/2019,20:46:51,15,1,25.7,1.1,197.8,197.5,2,1,1.00,CYCLE,N
IND,208,6592,59452,16/01/2019,20:48:47,15,1,23.9,1.2,116.2,116.0,2,1,1.00,CYCLE,N
IND,208,6592,59452,16/01/2019,20:50:01,15,1,29.8,1.0,74.2,74.0,2,1,1.00,CYCLE,N
IND,208,6592,59452,16/01/2019,20:50:14,15,1,25.8,1.1,12.8,12.7,2,1,1.00,CYCLE,N
IND,208,6592,59452,16/01/2019,20:50:20,15,1,26.2,1.0,5.5,5.3,2,1,1.00,CYCLE,N
IND,208,6592,59452,16/01/2019,20:54:47,15,1,19.7,1.0,216.9,216.8,2,1,1.00,CYCLE,N
IND,208,6592,59452,16/01/2019,20:55:05,15,1,20.6,1.1,18.4,18.2,2,1,1.00,CYCLE,N
IND,208,6592,59452,16/01/2019,20:55:08,15,1,19.9,1.0,2.6,2.4,2,1,1.00,CYCLE,N
IND,208,6592,59452,16/01/2019,20:55:20,15,1,20.3,1.0,12.5,12.3,2,1,1.00,CYCLE,N
IND,208,6592,59452,16/01/2019,20:58:39,15,1,26.0,1.1,197.8,197.5,2,1,1.00,CYCLE,N
IND,208,6592,59453,16/01/2019,20:59:38,15,0,23.7,1.0,777.0,776.9,2,1,1.00,CYCLE,S
IND,208,6592,59452,16/01/2019,21:00:10,15,1,10.5,1.0,91.1,91.0,2,1,1.00,CYCLE,N
IND,208,6592,59452,16/01/2019,21:03:04,15,1,26.2,1.0,174.2,173.7,2,1,1.00,CYCLE,N
IND,208,6592,59452,16/01/2019,21:03:15,15,1,24.0,1.1,10.6,10.4,2,1,1.00,CYCLE,N
IND,208,6592,59453,16/01/2019,21:04:27,15,0,25.2,1.0,288.7,288.5,2,1,1.00,CYCLE,S
IND,208,6592,59452,16/01/2019,21:05:02,15,1,23.4,1.0,106.9,106.7,2,1,1.00,CYCLE,N
IND,208,6592,59452,16/01/2019,21:05:42,15,1,26.7,1.1,39.8,39.7,2,1,1.00,CYCLE,N
IND,208,6592,59452,16/01/2019,21:07:11,15,1,19.1,1.1,89.5,89.4,2,1,1.00,CYCLE,N
IND,208,6592,59452,16/01/2019,21:08:34,15,1,20.7,1.1,20.3,20.1,2,1,1.00,CYCLE,N
IND,208,6592,59452,16/01/2019,21:11:46,15,1,23.9,1.0,191.4,191.2,2,1,0.86,CYCLE,N
IND,208,6592,59452,16/01/2019,21:14:27,15,1,24.2,1.1,161.7,161.5,2,1,1.00,CYCLE,N
IND,208,6592,59452,16/01/2019,21:15:30,15,1,17.0,1.0,62.9,62.8,2,1,1.00,CYCLE,N
IND,208,6592,59452,16/01/2019,21:17:03,15,1,27.2,1.0,92.8,92.6,2,1,1.00,CYCLE,N
IND,208,6592,59452,16/01/2019,21:19:22,15,1,23.4,1.1,139.0,138.9,2,1,1.00,CYCLE,N
IND,208,6592,59453,16/01/2019,21:21:16,15,0,20.5,1.0,1009.1,1008.9,2,1,1.00,CYCLE,S
IND,208,6592,59452,16/01/2019,21:24:31,15,1,16.1,1.1,309.0,308.8,2,1,1.00,CYCLE,N
IND,208,6592,59453,16/01/2019,21:25:26,15,0,22.0,1.0,250.1,249.9,2,1,1.00,CYCLE,S
IND,208,6592,59452,16/01/2019,21:26:33,15,1,22.8,1.0,122.2,121.9,2,1,1.00,CYCLE,N
IND,208,6592,59452,16/01/2019,21:27:12,15,1,27.8,1.1,39.1,39.0,2,1,1.00,CYCLE,N
IND,208,6592,59453,16/01/2019,21:39:00,15,0,29.3,1.0,814.6,814.4,2,1,1.00,CYCLE,S
IND,208,6592,59452,16/01/2019,21:40:14,15,1,22.0,1.0,781.4,781.2,2,1,1.00,CYCLE,N
IND,208,6592,59452,16/01/2019,21:40:14,15,1,22.0,1.0,0.0,0.0,2,1,1.00,CYCLE,N
IND,208,6592,59452,16/01/2019,21:43:24,15,1,23.8,1.1,56.4,56.3,2,1,1.00,CYCLE,N
IND,208,6592,59452,16/01/2019,21:43:25,15,1,24.5,1.1,0.2,0.1,2,1,1.00,CYCLE,N
IND,208,6592,59452,16/01/2019,21:43:26,15,1,25.5,1.0,1.1,0.9,2,1,1.00,CYCLE,N
IND,208,6592,59452,16/01/2019,21:43:26,15,1,26.8,1.1,0.6,0.5,2,1,1.00,CYCLE,N
IND,208,6592,59452,16/01/2019,21:46:45,15,1,24.0,1.0,198.4,198.3,2,1,1.00,CYCLE,N
IND,208,6592,59452,16/01/2019,21:51:07,15,1,28.0,1.0,262.4,262.3,2,1,1.00,CYCLE,N
IND,208,6592,59452,16/01/2019,21:52:53,15,1,22.7,1.1,106.2,106.1,2,1,1.00,CYCLE,N
IND,208,6592,59452,16/01/2019,22:00:13,15,1,28.7,1.0,439.8,439.6,2,1,1.00,CYCLE,N
IND,208,6592,59452,16/01/2019,22:03:19,15,1,26.6,1.1,185.6,185.5,2,1,1.00,CYCLE,N
IND,208,6592,59452,16/01/2019,22:04:34,15,1,32.7,1.2,74.8,74.6,2,1,1.00,CYCLE,N
IND,208,6592,59452,16/01/2019,22:06:34,15,1,24.3,1.0,120.5,120.4,2,1,1.00,CYCLE,N
IND,208,6592,59452,16/01/2019,22:07:08,15,1,18.9,1.1,34.3,34.1,2,1,1.00,CYCLE,N
IND,208,6592,59452,16/01/2019,22:10:39,15,1,28.3,1.0,210.9,210.7,2,1,1.00,CYCLE,N
IND,208,6592,59452,16/01/2019,22:14:02,15,1,22.0,1.1,202.4,202.3,2,1,1.00,CYCLE,N
IND,208,6592,59452,16/01/2019,22:17:49,15,1,29.2,1.1,227.3,227.1,2,1,1.00,CYCLE,N
IND,208,6592,59452,16/01/2019,22:19:02,15,1,17.8,1.0,73.1,73.0,2,1,0.86,CYCLE,N
IND,208,6592,59452,16/01/2019,22:20:41,15,1,17.6,1.1,98.5,98.3,2,1,1.00,CYCLE,N
IND,208,6592,59452,16/01/2019,22:29:50,15,1,18.1,1.0,549.4,549.2,2,1,1.00,CYCLE,N
IND,208,6592,59452,16/01/2019,22:30:11,15,1,27.7,1.0,20.6,20.4,2,1,1.00,CYCLE,N
IND,208,6592,59452,16/01/2019,22:32:43,15,1,26.9,1.1,152.8,152.7,2,1,1.00,CYCLE,N
IND,208,6592,59452,16/01/2019,22:38:01,15,1,24.8,1.0,318.0,317.9,2,1,1.00,CYCLE,N
IND,208,6592,59452,16/01/2019,22:41:10,15,1,19.3,1.1,188.2,188.0,2,1,1.00,CYCLE,N
IND,208,6592,59452,16/01/2019,22:47:08,15,1,26.1,1.0,358.0,357.7,2,1,1.00,CYCLE,N
IND,208,6592,59453,16/01/2019,22:52:46,15,0,24.0,1.0,4425.4,4425.3,2,1,1.00,CYCLE,S
IND,208,6592,59452,16/01/2019,22:56:36,15,1,24.9,1.1,568.1,568.0,2,1,1.00,CYCLE,N
IND,208,6592,59452,16/01/2019,22:57:46,15,1,18.7,1.1,70.4,70.2,2,1,1.00,CYCLE,N
IND,208,6592,59453,16/01/2019,23:19:12,15,0,16.2,1.0,1586.5,1586.3,2,1,1.00,CYCLE,S
IND,208,6592,59452,16/01/2019,23:20:05,15,1,27.4,1.0,1339.2,1338.9,2,1,1.00,CYCLE,N
IND,208,6592,59452,16/01/2019,23:35:15,15,1,22.0,1.1,910.1,909.9,2,1,1.00,CYCLE,N
IND,208,6592,59453,16/01/2019,23:37:43,15,0,23.6,1.1,1111.1,1110.8,2,1,1.00,CYCLE,S
IND,208,6592,59452,16/01/2019,23:50:04,15,1,22.8,1.0,889.0,888.9,2,1,1.00,CYCLE,N
IND,208,6592,59453,16/01/2019,23:57:00,15,0,21.9,1.0,1156.8,1156.6,2,1,1.00,CYCLE,S
IND,208,6592,59453,16/01/2019,23:57:00,15,0,21.9,1.0,0.0,0.0,2,1,1.00,CYCLE,S
IND,208,6592,59452,17/01/2019,00:10:22,15,1,18.0,1.0,1218.2,1218.0,2,1,1.00,CYCLE,N
IND,208,6592,59452,17/01/2019,00:22:02,15,1,31.1,1.0,699.8,699.5,2,1,1.00,CYCLE,N
IND,208,6592,59452,17/01/2019,00:26:09,15,1,25.4,1.1,246.9,246.8,2,1,1.00,CYCLE,N
IND,208,6592,59452,17/01/2019,00:29:14,15,1,20.4,1.0,184.9,184.8,2,1,1.00,CYCLE,N
IND,208,6592,59453,17/01/2019,00:32:43,15,0,21.0,1.0,2142.4,2142.0,2,1,1.00,CYCLE,S
IND,208,6592,59452,17/01/2019,00:38:26,15,1,26.9,1.1,551.9,551.7,2,1,1.00,CYCLE,N
IND,208,6592,59452,17/01/2019,01:18:55,15,1,18.3,1.1,2429.4,2429.3,2,1,1.00,CYCLE,N
IND,208,6592,59452,17/01/2019,01:42:50,15,1,21.6,1.1,1434.4,1434.2,2,1,1.00,CYCLE,N
IND,208,6592,59452,17/01/2019,02:48:33,15,1,28.9,1.0,3942.8,3942.6,2,1,1.00,CYCLE,N
IND,208,6592,59453,17/01/2019,03:05:35,15,0,31.4,1.0,9172.6,9172.4,2,1,1.00,CYCLE,S
IND,208,6592,59453,17/01/2019,03:43:15,15,0,23.5,1.1,2260.1,2260.0,2,1,1.00,CYCLE,S
IND,208,6592,59452,17/01/2019,03:45:37,15,1,24.6,1.1,3424.6,3424.5,2,1,1.00,CYCLE,N
IND,208,6592,59452,17/01/2019,03:57:30,15,1,19.5,1.1,713.1,713.0,2,1,1.00,CYCLE,N
IND,208,6592,59453,17/01/2019,04:00:05,15,0,27.9,1.0,1009.3,1009.2,2,1,1.00,CYCLE,S
IND,208,6592,59453,17/01/2019,04:00:24,15,0,21.1,1.1,19.0,18.9,2,1,1.00,CYCLE,S
IND,208,6592,59453,17/01/2019,04:05:32,15,0,24.5,1.1,308.3,308.1,2,1,1.00,CYCLE,S
IND,208,6592,59453,17/01/2019,04:09:39,15,0,31.6,1.0,246.8,246.6,2,1,1.00,CYCLE,S
IND,208,6592,59453,17/01/2019,04:09:49,15,0,25.3,1.1,10.4,10.2,2,1,1.00,CYCLE,S
IND,208,6592,59453,17/01/2019,04:12:50,15,0,30.5,1.1,181.2,181.0,2,1,1.00,CYCLE,S
IND,208,6592,59453,17/01/2019,04:19:03,15,0,27.5,1.0,372.8,372.7,2,1,1.00,CYCLE,S
IND,208,6592,59452,17/01/2019,04:20:19,15,1,24.9,0.8,1368.9,1368.7,2,1,1.00,CYCLE,N
IND,208,6592,59453,17/01/2019,04:23:36,15,0,28.3,1.0,82.1,81.9,2,1,1.00,CYCLE,S
IND,208,6592,59453,17/01/2019,04:24:07,15,0,23.0,1.0,30.9,30.8,2,1,1.00,CYCLE,S
IND,208,6592,59453,17/01/2019,04:27:06,15,0,28.2,1.0,179.4,179.3,2,1,1.00,CYCLE,S
IND,208,6592,59453,17/01/2019,04:28:37,15,0,18.2,1.0,90.4,90.3,2,1,1.00,CYCLE,S
IND,208,6592,59453,17/01/2019,04:30:38,15,0,20.7,1.1,121.3,121.1,2,1,1.00,CYCLE,S
IND,208,6592,59453,17/01/2019,04:31:33,15,0,26.5,1.0,55.1,54.9,2,1,1.00,CYCLE,S
IND,208,6592,59453,17/01/2019,04:35:34,15,0,25.6,1.0,240.3,240.2,2,1,1.00,CYCLE,S
IND,208,6592,59452,17/01/2019,04:35:37,15,1,23.1,1.0,917.5,917.4,2,1,1.00,CYCLE,N
IND,208,6592,59452,17/01/2019,04:40:08,15,1,28.1,1.1,270.8,270.7,2,1,1.00,CYCLE,N
IND,208,6592,59452,17/01/2019,04:43:40,15,1,25.5,1.1,212.1,211.9,2,1,1.00,CYCLE,N
IND,208,6592,59453,17/01/2019,04:43:50,15,0,24.6,1.0,496.9,496.7,2,1,1.00,CYCLE,S
IND,208,6592,59453,17/01/2019,04:43:57,15,0,23.6,1.0,6.7,6.6,2,1,1.00,CYCLE,S
IND,208,6592,59453,17/01/2019,04:46:12,15,0,21.4,1.0,135.2,135.1,2,1,1.00,CYCLE,S
IND,208,6592,59453,17/01/2019,04:47:06,15,0,23.4,1.0,53.6,53.4,2,1,1.00,CYCLE,S
IND,208,6592,59453,17/01/2019,04:48:19,15,0,28.2,1.0,72.6,72.5,2,1,1.00,CYCLE,S
IND,208,6592,59452,17/01/2019,04:48:31,15,1,23.3,1.1,291.3,291.1,2,1,1.00,CYCLE,N
IND,208,6592,59453,17/01/2019,04:48:32,15,0,24.7,1.1,13.2,13.1,2,1,1.00,CYCLE,S
IND,208,6592,59453,17/01/2019,04:54:34,15,0,28.5,1.0,361.9,361.7,2,1,1.00,CYCLE,S
IND,208,6592,59453,17/01/2019,04:56:53,15,0,27.4,1.0,139.6,139.4,2,1,1.00,CYCLE,S
IND,208,6592,59452,17/01/2019,04:57:09,15,1,22.8,1.1,518.1,517.9,2,1,1.00,CYCLE,N
IND,208,6592,59453,17/01/2019,04:57:10,15,0,21.0,1.1,16.7,16.5,2,1,1.00,CYCLE,S
IND,208,6592,59453,17/01/2019,04:58:09,15,0,23.1,1.0,59.5,59.3,2,1,1.00,CYCLE,S
IND,208,6592,59452,17/01/2019,05:00:41,15,1,32.4,1.1,211.6,211.4,2,1,1.00,CYCLE,N
IND,208,6592,59453,17/01/2019,05:01:19,15,0,29.8,1.0,189.4,189.2,2,1,1.00,CYCLE,S
IND,208,6592,59453,17/01/2019,05:01:20,15,0,25.7,1.1,1.3,1.2,2,1,1.00,CYCLE,S
IND,208,6592,59453,17/01/2019,05:01:23,15,0,29.7,1.1,3.2,3.0,2,1,1.00,CYCLE,S
IND,208,6592,59453,17/01/2019,05:01:25,15,0,28.9,1.0,1.5,1.4,2,1,1.00,CYCLE,S
IND,208,6592,59453,17/01/2019,05:02:09,15,0,20.7,1.1,44.1,44.0,2,1,1.00,CYCLE,S
IND,208,6592,59453,17/01/2019,05:02:41,15,0,25.0,1.0,32.4,32.2,2,1,1.00,CYCLE,S
IND,208,6592,59453,17/01/2019,05:03:15,15,0,26.7,1.0,33.2,33.1,2,1,1.00,CYCLE,S
IND,208,6592,59452,17/01/2019,05:05:51,15,1,13.7,1.0,310.7,310.7,2,1,1.00,CYCLE,N
IND,208,6592,59452,17/01/2019,05:05:52,15,1,13.5,1.1,1.1,0.8,2,1,1.00,CYCLE,N
IND,208,6592,59453,17/01/2019,05:06:36,15,0,22.8,1.1,201.0,200.9,2,1,1.00,CYCLE,S
IND,208,6592,59453,17/01/2019,05:07:20,15,0,29.7,1.0,44.1,44.0,2,1,1.00,CYCLE,S
IND,208,6592,59453,17/01/2019,05:09:36,15,0,25.2,1.1,136.1,136.0,2,1,1.00,CYCLE,S
IND,208,6592,59453,17/01/2019,05:10:49,15,0,18.4,1.0,73.2,73.0,2,1,1.00,CYCLE,S
IND,208,6592,59453,17/01/2019,05:12:24,15,0,21.6,1.0,94.6,94.4,2,1,1.00,CYCLE,S
IND,208,6592,59453,17/01/2019,05:12:24,15,0,21.8,1.1,0.9,0.7,2,1,1.00,CYCLE,S
IND,208,6592,59452,17/01/2019,05:15:34,15,1,28.7,1.0,581.5,581.2,2,1,1.00,CYCLE,N
IND,208,6592,59453,17/01/2019,05:15:52,15,0,30.4,1.0,207.2,207.0,2,1,1.00,CYCLE,S
IND,208,6592,59453,17/01/2019,05:15:54,15,0,22.5,1.0,2.6,2.4,2,1,1.00,CYCLE,S
IND,208,6592,59453,17/01/2019,05:16:02,15,0,16.9,1.0,7.7,7.5,2,1,1.00,CYCLE,S
IND,208,6592,59453,17/01/2019,05:16:03,15,0,18.1,1.0,1.0,0.8,2,1,1.00,CYCLE,S
IND,208,6592,59453,17/01/2019,05:16:17,15,0,28.6,1.1,13.8,13.6,2,1,1.00,CYCLE,S
IND,208,6592,59453,17/01/2019,05:16:19,15,0,26.2,1.0,2.5,2.3,2,1,1.00,CYCLE,S
IND,208,6592,59453,17/01/2019,05:17:24,15,0,29.0,1.0,64.5,64.4,2,1,1.00,CYCLE,S
IND,208,6592,59453,17/01/2019,05:17:29,15,0,30.4,1.1,4.9,4.7,2,1,1.00,CYCLE,S
IND,208,6592,59453,17/01/2019,05:18:42,15,0,29.6,1.0,73.3,73.1,2,1,1.00,CYCLE,S
IND,208,6592,59453,17/01/2019,05:19:41,15,0,29.2,0.9,59.6,59.5,2,1,1.00,CYCLE,S
IND,208,6592,59453,17/01/2019,05:20:19,15,0,27.2,1.1,37.5,37.4,2,1,1.00,CYCLE,S
IND,208,6592,59452,17/01/2019,05:20:31,15,1,31.4,1.1,297.2,297.1,2,1,1.00,CYCLE,N
IND,208,6592,59452,17/01/2019,05:20:38,15,1,29.2,1.1,7.2,7.1,2,1,1.00,CYCLE,N
IND,208,6592,59452,17/01/2019,05:20:39,15,1,30.7,1.1,0.7,0.5,2,1,1.00,CYCLE,N
IND,208,6592,59453,17/01/2019,05:20:51,15,0,27.0,1.0,32.4,32.2,2,1,1.00,CYCLE,S
IND,208,6592,59452,17/01/2019,05:21:31,15,1,19.4,1.1,52.4,52.3,2,1,1.00,CYCLE,N
IND,208,6592,59453,17/01/2019,05:21:38,15,0,28.1,1.0,46.3,46.1,2,1,1.00,CYCLE,S
IND,208,6592,59453,17/01/2019,05:21:39,15,0,26.1,1.0,1.1,1.0,2,1,1.00,CYCLE,S
IND,208,6592,59453,17/01/2019,05:21:50,15,0,28.8,1.0,10.9,10.8,2,1,1.00,CYCLE,S
IND,208,6592,59452,17/01/2019,05:22:21,15,1,21.0,1.0,49.9,49.7,2,1,1.00,CYCLE,N
IND,208,6592,59453,17/01/2019,05:23:04,15,0,28.8,1.0,74.5,74.3,2,1,1.00,CYCLE,S
IND,208,6592,59453,17/01/2019,05:23:59,15,0,27.5,1.0,54.6,54.4,2,1,1.00,CYCLE,S
IND,208,6592,59453,17/01/2019,05:23:59,15,0,27.7,1.0,0.9,0.8,2,1,1.00,CYCLE,S
IND,208,6592,59453,17/01/2019,05:24:00,15,0,23.6,1.0,0.5,0.4,2,1,1.00,CYCLE,S
IND,208,6592,59453,17/01/2019,05:24:12,15,0,21.8,1.0,11.9,11.7,2,1,1.00,CYCLE,S
IND,208,6592,59452,17/01/2019,05:24:37,15,1,77.3,1.1,136.1,135.8,2,1,0.80,CYCLE,N
IND,208,6592,59453,17/01/2019,05:24:38,15,0,23.9,1.0,26.0,25.9,2,1,1.00,CYCLE,S
IND,208,6592,59453,17/01/2019,05:24:44,15,0,24.1,1.0,6.6,6.4,2,1,1.00,CYCLE,S
IND,208,6592,59452,17/01/2019,05:27:06,15,1,28.1,1.0,149.0,149.0,2,1,1.00,CYCLE,N
IND,208,6592,59452,17/01/2019,05:27:08,15,1,28.0,1.0,2.0,1.9,2,1,1.00,CYCLE,N
IND,208,6592,59453,17/01/2019,05:27:26,15,0,27.0,1.0,161.3,161.2,2,1,1.00,CYCLE,S
IND,208,6592,59453,17/01/2019,05:27:30,15,0,27.8,1.1,3.8,3.6,2,1,1.00,CYCLE,S
IND,208,6592,59453,17/01/2019,05:28:06,15,0,21.7,0.8,36.7,36.6,2,1,1.00,CYCLE,S
IND,208,6592,59453,17/01/2019,05:28:24,15,0,24.3,1.1,17.8,17.7,2,1,1.00,CYCLE,S
IND,208,6592,59453,17/01/2019,05:28:40,15,0,29.8,1.0,15.5,15.4,2,1,1.00,CYCLE,S
IND,208,6592,59453,17/01/2019,05:28:40,15,0,29.3,1.0,0.5,0.4,2,1,1.00,CYCLE,S
IND,208,6592,59453,17/01/2019,05:28:41,15,0,27.6,1.1,1.3,1.2,2,1,1.00,CYCLE,S
IND,208,6592,59453,17/01/2019,05:28:51,15,0,41.7,1.1,9.7,9.6,2,1,1.00,CYCLE,S
IND,208,6592,59453,17/01/2019,05:30:14,15,0,27.2,1.0,82.7,82.6,2,1,1.00,CYCLE,S
IND,208,6592,59453,17/01/2019,05:30:16,15,0,26.7,1.0,2.1,1.9,2,1,1.00,CYCLE,S
IND,208,6592,59453,17/01/2019,05:30:18,15,0,22.3,1.0,2.2,2.1,2,1,1.00,CYCLE,S
IND,208,6592,59453,17/01/2019,05:31:34,15,0,23.0,1.1,75.9,75.7,2,1,1.00,CYCLE,S
IND,208,6592,59453,17/01/2019,05:31:54,15,0,25.3,1.0,20.2,20.0,2,1,1.00,CYCLE,S
IND,208,6592,59453,17/01/2019,05:32:12,15,0,27.5,1.0,17.7,17.6,2,1,1.00,CYCLE,S
IND,208,6592,59452,17/01/2019,05:32:27,15,1,25.0,1.1,318.6,318.5,2,1,1.00,CYCLE,N
IND,208,6592,59452,17/01/2019,05:32:34,15,1,22.5,1.0,7.6,7.4,2,1,1.00,CYCLE,N
IND,208,6592,59453,17/01/2019,05:32:55,15,0,25.2,1.1,43.4,43.3,2,1,1.00,CYCLE,S
IND,208,6592,59453,17/01/2019,05:32:56,15,0,25.5,1.1,1.2,1.0,2,1,1.00,CYCLE,S
IND,208,6592,59453,17/01/2019,05:33:48,15,0,26.2,1.0,51.6,51.4,2,1,1.00,CYCLE,S
IND,208,6592,59453,17/01/2019,05:34:27,15,0,20.0,1.1,39.3,39.2,2,1,1.00,CYCLE,S
IND,208,6592,59453,17/01/2019,05:34:54,15,0,31.6,1.0,26.9,26.7,2,1,1.00,CYCLE,S
IND,208,6592,59453,17/01/2019,05:35:24,15,0,29.1,1.2,29.3,29.2,2,1,1.00,CYCLE,S
IND,208,6592,59453,17/01/2019,05:36:03,15,0,24.4,1.0,39.3,39.1,2,1,1.00,CYCLE,S
IND,208,6592,59453,17/01/2019,05:37:56,15,0,38.6,1.0,112.8,112.7,2,1,1.00,CYCLE,S
IND,208,6592,59453,17/01/2019,05:38:01,15,0,33.1,1.0,5.2,5.1,2,1,1.00,CYCLE,S
IND,208,6592,59453,17/01/2019,05:38:31,15,0,24.6,1.1,30.2,30.1,2,1,1.00,CYCLE,S
IND,208,6592,59453,17/01/2019,05:38:42,15,0,30.8,1.0,11.2,11.0,2,1,1.00,CYCLE,S
IND,208,6592,59453,17/01/2019,05:39:15,15,0,26.2,1.0,32.9,32.7,2,1,1.00,CYCLE,S
IND,208,6592,59452,17/01/2019,05:39:16,15,1,26.3,1.0,199.3,199.1,2,1,1.00,CYCLE,N
IND,208,6592,59453,17/01/2019,05:39:43,15,0,29.2,1.1,27.6,27.4,2,1,1.00,CYCLE,S
IND,208,6592,59453,17/01/2019,05:40:59,15,0,30.1,1.1,76.2,76.1,2,1,1.00,CYCLE,S
IND,208,6592,59453,17/01/2019,05:41:12,15,0,25.0,1.1,13.3,13.2,2,1,1.00,CYCLE,S
IND,208,6592,59453,17/01/2019,05:41:16,15,0,27.5,1.0,3.8,3.6,2,1,1.00,CYCLE,S
IND,208,6592,59453,17/01/2019,05:41:54,15,0,26.6,1.1,38.5,38.3,2,1,1.00,CYCLE,S
IND,208,6592,59453,17/01/2019,05:41:57,15,0,23.7,1.0,2.4,2.2,2,1,1.00,CYCLE,S
IND,208,6592,59453,17/01/2019,05:42:21,15,0,22.3,1.1,24.2,24.1,2,1,1.00,CYCLE,S
IND,208,6592,59453,17/01/2019,05:42:24,15,0,20.1,1.1,3.0,2.8,2,1,1.00,CYCLE,S
IND,208,6592,59452,17/01/2019,05:42:49,15,1,24.2,1.0,212.7,212.6,2,1,1.00,CYCLE,N
IND,208,6592,59453,17/01/2019,05:42:58,15,0,26.5,1.0,34.0,33.8,2,1,1.00,CYCLE,S
IND,208,6592,59452,17/01/2019,05:43:01,15,1,23.4,1.1,11.8,11.7,2,1,1.00,CYCLE,N
IND,208,6592,59453,17/01/2019,05:43:21,15,0,26.3,1.1,23.0,22.9,2,1,1.00,CYCLE,S
IND,208,6592,59453,17/01/2019,05:45:05,15,0,23.9,1.1,104.6,104.4,2,1,1.00,CYCLE,S
IND,208,6592,59453,17/01/2019,05:45:06,15,0,23.2,1.1,0.4,0.3,2,1,1.00,CYCLE,S
IND,208,6592,59453,17/01/2019,05:45:37,15,0,26.0,1.0,31.2,31.1,2,1,1.00,CYCLE,S
IND,208,6592,59453,17/01/2019,05:45:44,15,0,26.7,1.0,6.8,6.7,2,1,1.00,CYCLE,S
IND,208,6592,59453,17/01/2019,05:45:45,15,0,26.5,1.0,0.5,0.4,2,1,1.00,CYCLE,S
IND,208,6592,59453,17/01/2019,05:45:49,15,0,23.4,1.1,4.8,4.7,2,1,1.00,CYCLE,S
IND,208,6592,59453,17/01/2019,05:45:51,15,0,21.6,1.0,2.1,1.9,2,1,1.00,CYCLE,S
IND,208,6592,59453,17/01/2019,05:45:52,15,0,21.7,1.0,0.7,0.5,2,1,0.63,CYCLE,S
IND,208,6592,59453,17/01/2019,05:45:52,15,0,21.7,1.0,0.0,0.0,2,1,0.63,CYCLE,S
IND,208,6592,59453,17/01/2019,05:45:52,15,0,21.7,1.0,0.0,0.0,2,1,0.63,CYCLE,S
IND,208,6592,59453,17/01/2019,05:46:04,15,0,23.6,1.0,11.4,9.0,2,1,1.00,CYCLE,S
IND,208,6592,59453,17/01/2019,05:46:25,15,0,21.9,1.0,21.6,21.4,2,1,1.00,CYCLE,S
IND,208,6592,59453,17/01/2019,05:46:37,15,0,27.1,1.0,12.2,12.0,2,1,1.00,CYCLE,S
IND,208,6592,59453,17/01/2019,05:46:41,15,0,34.0,1.0,4.0,3.9,2,1,0.67,CYCLE,S
IND,208,6592,59453,17/01/2019,05:46:41,15,0,34.0,1.0,0.0,0.0,2,1,0.67,CYCLE,S
IND,208,6592,59453,17/01/2019,05:47:50,15,0,25.3,1.0,68.5,68.3,2,1,1.00,CYCLE,S
IND,208,6592,59453,17/01/2019,05:48:00,15,0,24.2,1.0,10.5,10.4,2,1,1.00,CYCLE,S
IND,208,6592,59453,17/01/2019,05:48:02,15,0,37.2,1.0,2.1,2.0,2,1,1.00,CYCLE,S
IND,208,6592,59453,17/01/2019,05:48:14,15,0,21.2,1.1,11.5,11.4,2,1,1.00,CYCLE,S
IND,208,6592,59452,17/01/2019,05:48:24,15,1,32.4,1.0,323.3,323.1,2,1,1.00,CYCLE,N
IND,208,6592,59453,17/01/2019,05:49:02,15,0,27.5,1.0,48.4,48.2,2,1,1.00,CYCLE,S
IND,208,6592,59453,17/01/2019,05:49:03,15,0,23.2,1.1,0.9,0.8,2,1,1.00,CYCLE,S
IND,208,6592,59453,17/01/2019,05:49:41,15,0,22.4,1.1,37.3,37.2,2,1,1.00,CYCLE,S
IND,208,6592,59453,17/01/2019,05:49:42,15,0,22.1,1.0,1.4,1.2,2,1,1.00,CYCLE,S
IND,208,6592,59453,17/01/2019,05:49:42,15,0,23.2,1.0,0.4,0.2,2,1,1.00,CYCLE,S
IND,208,6592,59453,17/01/2019,05:49:44,15,0,29.1,1.0,1.5,1.3,2,1,1.00,CYCLE,S
IND,208,6592,59453,17/01/2019,05:49:45,15,0,27.8,1.0,1.3,1.2,2,1,1.00,CYCLE,S
IND,208,6592,59453,17/01/2019,05:50:15,15,0,29.6,1.0,30.2,30.1,2,1,1.00,CYCLE,S
IND,208,6592,59452,17/01/2019,05:51:18,15,1,29.0,1.1,174.0,173.9,2,1,1.00,CYCLE,N
IND,208,6592,59452,17/01/2019,05:51:19,15,1,29.4,1.0,1.1,1.0,2,1,1.00,CYCLE,N
IND,208,6592,59453,17/01/2019,05:51:20,15,0,23.6,1.1,64.9,64.8,2,1,1.00,CYCLE,S
IND,208,6592,59453,17/01/2019,05:51:21,15,0,23.8,1.1,0.8,0.6,2,1,1.00,CYCLE,S
IND,208,6592,59452,17/01/2019,05:51:28,15,1,27.3,1.0,9.1,9.0,2,1,1.00,CYCLE,N
IND,208,6592,59452,17/01/2019,05:51:42,15,1,31.4,1.0,13.8,13.7,2,1,1.00,CYCLE,N
IND,208,6592,59453,17/01/2019,05:51:47,15,0,24.4,1.0,25.9,25.7,2,1,1.00,CYCLE,S
IND,208,6592,59453,17/01/2019,05:51:48,15,0,24.5,1.1,0.8,0.6,2,1,1.00,CYCLE,S
IND,208,6592,59453,17/01/2019,05:51:48,15,0,24.1,1.0,0.5,0.4,2,1,1.00,CYCLE,S
IND,208,6592,59452,17/01/2019,05:52:03,15,1,20.6,1.1,20.8,20.7,2,1,1.00,CYCLE,N
IND,208,6592,59453,17/01/2019,05:52:41,15,0,26.5,1.0,53.2,53.0,2,1,1.00,CYCLE,S
IND,208,6592,59453,17/01/2019,05:53:46,15,0,23.3,1.1,64.6,64.4,2,1,1.00,CYCLE,S
IND,208,6592,59453,17/01/2019,05:54:19,15,0,34.5,1.1,32.8,32.6,2,1,1.00,CYCLE,S
IND,208,6592,59453,17/01/2019,05:54:19,15,0,33.9,1.0,0.4,0.2,2,1,1.00,CYCLE,S
IND,208,6592,59453,17/01/2019,05:54:45,15,0,28.3,1.0,26.1,26.0,2,1,1.00,CYCLE,S
IND,208,6592,59453,17/01/2019,05:55:16,15,0,36.9,1.1,30.8,30.7,2,1,1.00,CYCLE,S
IND,208,6592,59453,17/01/2019,05:55:17,15,0,34.6,1.0,1.4,1.3,2,1,1.00,CYCLE,S
IND,208,6592,59453,17/01/2019,05:55:22,15,0,29.1,1.1,4.7,4.6,2,1,1.00,CYCLE,S
IND,208,6592,59453,17/01/2019,05:55:33,15,0,21.7,1.1,11.3,11.2,2,1,1.00,CYCLE,S
IND,208,6592,59453,17/01/2019,05:56:00,15,0,30.3,1.0,26.3,26.1,2,1,1.00,CYCLE,S
IND,208,6592,59453,17/01/2019,05:56:03,15,0,29.2,1.0,2.8,2.7,2,1,1.00,CYCLE,S
IND,208,6592,59453,17/01/2019,05:56:05,15,0,34.5,1.0,2.6,2.5,2,1,1.00,CYCLE,S
IND,208,6592,59453,17/01/2019,05:56:06,15,0,33.9,1.0,0.4,0.3,2,1,1.00,CYCLE,S
IND,208,6592,59453,17/01/2019,05:56:09,15,0,25.4,1.0,3.2,3.0,2,1,1.00,CYCLE,S
IND,208,6592,59453,17/01/2019,05:56:11,15,0,26.5,1.1,1.8,1.6,2,1,1.00,CYCLE,S
IND,208,6592,59453,17/01/2019,05:56:25,15,0,29.9,1.0,14.1,13.9,2,1,1.00,CYCLE,S
IND,208,6592,59453,17/01/2019,05:56:28,15,0,23.4,1.1,3.0,2.8,2,1,1.00,CYCLE,S
IND,208,6592,59453,17/01/2019,05:56:39,15,0,25.5,1.0,11.1,10.9,2,1,1.00,CYCLE,S
IND,208,6592,59453,17/01/2019,05:57:18,15,0,23.8,1.1,38.9,38.7,2,1,1.00,CYCLE,S
IND,208,6592,59453,17/01/2019,05:57:22,15,0,22.5,1.1,4.6,4.5,2,1,1.00,CYCLE,S
IND,208,6592,59453,17/01/2019,05:57:23,15,0,23.7,1.1,0.4,0.2,2,1,1.00,CYCLE,S
IND,208,6592,59453,17/01/2019,05:57:25,15,0,22.4,1.0,2.0,1.8,2,1,1.00,CYCLE,S
IND,208,6592,59453,17/01/2019,05:57:48,15,0,26.4,1.0,23.0,22.9,2,1,1.00,CYCLE,S
IND,208,6592,59453,17/01/2019,05:57:53,15,0,23.1,1.1,5.5,5.4,2,1,1.00,CYCLE,S
IND,208,6592,59453,17/01/2019,05:58:00,15,0,23.7,1.1,6.5,6.3,2,1,1.00,CYCLE,S
IND,208,6592,59453,17/01/2019,05:58:01,15,0,27.5,1.0,1.4,1.3,2,1,1.00,CYCLE,S
IND,208,6592,59453,17/01/2019,05:58:12,15,0,33.0,1.0,10.9,10.7,2,1,1.00,CYCLE,S
IND,208,6592,59453,17/01/2019,05:58:36,15,0,20.9,1.0,23.7,23.5,2,1,1.00,CYCLE,S
IND,208,6592,59453,17/01/2019,05:58:44,15,0,29.2,1.0,8.2,8.1,2,1,1.00,CYCLE,S
IND,208,6592,59453,17/01/2019,05:58:52,15,0,20.0,1.1,8.5,8.4,2,1,1.00,CYCLE,S
IND,208,6592,59453,17/01/2019,05:59:07,15,0,27.4,1.0,14.4,14.2,2,1,1.00,CYCLE,S
IND,208,6592,59453,17/01/2019,05:59:10,15,0,25.5,1.1,3.0,2.9,2,1,1.00,CYCLE,S
IND,208,6592,59453,17/01/2019,05:59:14,15,0,23.6,1.1,4.0,3.9,2,1,1.00,CYCLE,S
IND,208,6592,59452,17/01/2019,05:59:52,15,1,22.4,1.0,469.8,469.6,2,1,1.00,CYCLE,N
IND,208,6592,59453,17/01/2019,06:00:02,15,0,29.3,1.0,47.8,47.7,2,1,1.00,CYCLE,S
IND,208,6592,59453,17/01/2019,06:00:03,15,0,31.5,1.0,1.3,1.2,2,1,1.00,CYCLE,S
IND,208,6592,59453,17/01/2019,06:00:06,15,0,37.5,1.0,2.7,2.6,2,1,1.00,CYCLE,S
IND,208,6592,59452,17/01/2019,06:00:08,15,1,29.6,1.0,15.3,15.1,2,1,1.00,CYCLE,N
IND,208,6592,59453,17/01/2019,06:00:54,15,0,27.7,1.0,48.2,48.1,2,1,1.00,CYCLE,S
IND,208,6592,59453,17/01/2019,06:00:58,15,0,24.8,1.1,4.5,4.3,2,1,1.00,CYCLE,S
IND,208,6592,59453,17/01/2019,06:00:59,15,0,30.9,1.0,0.5,0.3,2,1,1.00,CYCLE,S
IND,208,6592,59453,17/01/2019,06:01:01,15,0,24.9,1.0,1.7,1.5,2,1,1.00,CYCLE,S
IND,208,6592,59453,17/01/2019,06:01:09,15,0,22.9,1.1,8.5,8.4,2,1,1.00,CYCLE,S
IND,208,6592,59453,17/01/2019,06:01:32,15,0,26.0,1.0,23.2,23.0,2,1,1.00,CYCLE,S
IND,208,6592,59453,17/01/2019,06:01:36,15,0,30.8,1.0,3.9,3.7,2,1,1.00,CYCLE,S
IND,208,6592,59453,17/01/2019,06:01:50,15,0,26.6,1.0,13.6,13.5,2,1,1.00,CYCLE,S
IND,208,6592,59453,17/01/2019,06:02:10,15,0,25.0,1.0,20.4,20.8,2,1,0.80,CYCLE,S
IND,208,6592,59453,17/01/2019,06:02:22,15,0,29.2,1.0,11.5,10.8,2,1,1.00,CYCLE,S
IND,208,6592,59453,17/01/2019,06:02:22,15,0,29.4,1.0,0.6,0.5,2,1,1.00,CYCLE,S
IND,208,6592,59453,17/01/2019,06:02:38,15,0,25.2,1.0,15.9,15.7,2,1,1.00,CYCLE,S
IND,208,6592,59453,17/01/2019,06:02:50,15,0,18.9,1.0,11.7,11.6,2,1,1.00,CYCLE,S
IND,208,6592,59453,17/01/2019,06:02:50,15,0,25.6,1.0,0.5,0.3,2,1,1.00,CYCLE,S
IND,208,6592,59453,17/01/2019,06:02:54,15,0,23.8,1.0,3.3,3.1,2,1,1.00,CYCLE,S
IND,208,6592,59453,17/01/2019,06:02:54,15,0,23.7,1.0,1.0,0.8,2,1,1.00,CYCLE,S
IND,208,6592,59453,17/01/2019,06:03:24,15,0,36.2,1.0,29.7,29.5,2,1,1.00,CYCLE,S
IND,208,6592,59453,17/01/2019,06:03:26,15,0,35.6,1.0,2.2,2.1,2,1,1.00,CYCLE,S
IND,208,6592,59453,17/01/2019,06:03:28,15,0,32.9,1.1,1.3,1.2,2,1,1.00,CYCLE,S
IND,208,6592,59453,17/01/2019,06:03:28,15,0,26.6,1.0,0.7,0.5,2,1,1.00,CYCLE,S
IND,208,6592,59452,17/01/2019,06:03:36,15,1,28.9,1.0,208.0,207.8,2,1,1.00,CYCLE,N
IND,208,6592,59452,17/01/2019,06:03:37,15,1,26.4,1.0,1.3,1.2,2,1,1.00,CYCLE,N
IND,208,6592,59452,17/01/2019,06:03:42,15,1,29.2,1.0,5.4,5.3,2,1,1.00,CYCLE,N
IND,208,6592,59453,17/01/2019,06:04:00,15,0,29.2,1.0,32.2,32.1,2,1,1.00,CYCLE,S
IND,208,6592,59452,17/01/2019,06:04:15,15,1,18.7,1.0,32.8,32.7,2,1,1.00,CYCLE,N
IND,208,6592,59453,17/01/2019,06:04:35,15,0,31.4,1.0,34.9,34.7,2,1,1.00,CYCLE,S
IND,208,6592,59453,17/01/2019,06:04:43,15,0,32.1,1.0,7.5,7.4,2,1,1.00,CYCLE,S
IND,208,6592,59453,17/01/2019,06:04:46,15,0,27.7,1.2,3.3,3.2,2,1,1.00,CYCLE,S
IND,208,6592,59453,17/01/2019,06:04:48,15,0,28.0,1.0,1.5,1.4,2,1,1.00,CYCLE,S
IND,208,6592,59453,17/01/2019,06:04:48,15,0,32.8,1.1,0.6,0.4,2,1,1.00,CYCLE,S
IND,208,6592,59453,17/01/2019,06:04:49,15,0,25.5,1.0,0.5,0.4,2,1,1.00,CYCLE,S
IND,208,6592,59453,17/01/2019,06:04:49,15,0,25.5,1.0,0.0,0.0,2,1,1.00,CYCLE,S
IND,208,6592,59453,17/01/2019,06:04:49,15,0,26.5,1.1,0.7,0.5,2,1,1.00,CYCLE,S
IND,208,6592,59453,17/01/2019,06:04:53,15,0,24.5,1.1,3.7,3.6,2,1,1.00,CYCLE,S
IND,208,6592,59453,17/01/2019,06:04:58,15,0,22.6,1.0,5.0,4.8,2,1,1.00,CYCLE,S
IND,208,6592,59452,17/01/2019,06:05:08,15,1,25.3,1.0,52.4,52.2,2,1,1.00,CYCLE,N
IND,208,6592,59453,17/01/2019,06:05:17,15,0,32.1,1.0,19.1,18.9,2,1,1.00,CYCLE,S
IND,208,6592,59453,17/01/2019,06:05:26,15,0,25.7,1.0,8.8,8.7,2,1,1.00,CYCLE,S
IND,208,6592,59453,17/01/2019,06:05:31,15,0,28.6,1.1,5.1,4.9,2,1,1.00,CYCLE,S
IND,208,6592,59452,17/01/2019,06:05:45,15,1,22.9,1.0,37.1,37.0,2,1,1.00,CYCLE,N
IND,208,6592,59453,17/01/2019,06:05:58,15,0,37.0,1.0,26.8,26.7,2,1,1.00,CYCLE,S
IND,208,6592,59453,17/01/2019,06:06:06,15,0,23.4,1.1,8.0,7.9,2,1,1.00,CYCLE,S
IND,208,6592,59453,17/01/2019,06:06:08,15,0,26.2,1.0,1.8,1.6,2,1,1.00,CYCLE,S
IND,208,6592,59453,17/01/2019,06:06:30,15,0,28.1,1.0,21.8,21.7,2,1,1.00,CYCLE,S
IND,208,6592,59453,17/01/2019,06:06:41,15,0,28.8,1.0,11.8,11.7,2,1,1.00,CYCLE,S
IND,208,6592,59453,17/01/2019,06:06:47,15,0,23.7,1.1,5.2,5.1,2,1,1.00,CYCLE,S
IND,208,6592,59453,17/01/2019,06:06:49,15,0,23.6,1.1,2.4,2.3,2,1,1.00,CYCLE,S
IND,208,6592,59453,17/01/2019,06:06:51,15,0,22.9,1.0,1.7,1.5,2,1,1.00,CYCLE,S
IND,208,6592,59453,17/01/2019,06:07:04,15,0,29.5,1.0,13.1,13.0,2,1,1.00,CYCLE,S
IND,208,6592,59453,17/01/2019,06:07:09,15,0,26.4,1.1,4.7,4.5,2,1,1.00,CYCLE,S
IND,208,6592,59452,17/01/2019,06:07:22,15,1,29.2,1.1,97.1,96.9,2,1,1.00,CYCLE,N
IND,208,6592,59453,17/01/2019,06:07:31,15,0,23.0,1.0,22.0,21.9,2,1,1.00,CYCLE,S
IND,208,6592,59453,17/01/2019,06:07:33,15,0,22.8,1.1,2.2,2.0,2,1,1.00,CYCLE,S
IND,208,6592,59453,17/01/2019,06:07:53,15,0,21.8,1.1,20.1,19.9,2,1,1.00,CYCLE,S
IND,208,6592,59453,17/01/2019,06:08:09,15,0,27.9,1.0,16.0,15.8,2,1,1.00,CYCLE,S
IND,208,6592,59453,17/01/2019,06:08:44,15,0,23.6,1.1,34.8,34.7,2,1,1.00,CYCLE,S
IND,208,6592,59453,17/01/2019,06:08:46,15,0,24.1,1.1,2.5,2.3,2,1,1.00,CYCLE,S
IND,208,6592,59453,17/01/2019,06:08:49,15,0,26.0,1.0,3.2,3.1,2,1,1.00,CYCLE,S
IND,208,6592,59453,17/01/2019,06:08:52,15,0,25.8,1.1,2.4,2.3,2,1,1.00,CYCLE,S
IND,208,6592,59453,17/01/2019,06:08:53,15,0,24.5,1.1,1.1,1.0,2,1,1.00,CYCLE,S
IND,208,6592,59453,17/01/2019,06:08:54,15,0,28.0,1.0,1.3,1.2,2,1,1.00,CYCLE,S
IND,208,6592,59453,17/01/2019,06:08:55,15,0,22.1,1.1,0.6,0.5,2,1,1.00,CYCLE,S
IND,208,6592,59453,17/01/2019,06:08:59,15,0,23.1,1.0,4.5,4.3,2,1,1.00,CYCLE,S
IND,208,6592,59453,17/01/2019,06:09:23,15,0,26.4,1.0,23.2,23.1,2,1,1.00,CYCLE,S
IND,208,6592,59453,17/01/2019,06:09:25,15,0,24.6,1.0,2.7,2.6,2,1,1.00,CYCLE,S
IND,208,6592,59453,17/01/2019,06:09:27,15,0,24.7,1.0,1.1,1.0,2,1,1.00,CYCLE,S
IND,208,6592,59453,17/01/2019,06:09:27,15,0,24.7,1.0,0.0,0.0,2,1,1.00,CYCLE,S
IND,208,6592,59453,17/01/2019,06:09:33,15,0,31.8,1.0,6.0,5.8,2,1,1.00,CYCLE,S
IND,208,6592,59453,17/01/2019,06:09:43,15,0,27.3,1.0,10.4,10.2,2,1,1.00,CYCLE,S
IND,208,6592,59452,17/01/2019,06:09:59,15,1,14.6,1.0,157.0,156.9,2,1,1.00,CYCLE,N
IND,208,6592,59452,17/01/2019,06:10:37,15,1,30.2,1.1,38.0,37.7,2,1,1.00,CYCLE,N
IND,208,6592,59453,17/01/2019,06:10:48,15,0,24.0,1.0,64.7,64.5,2,1,1.00,CYCLE,S
IND,208,6592,59453,17/01/2019,06:10:49,15,0,24.5,1.1,1.0,0.8,2,1,1.00,CYCLE,S
IND,208,6592,59453,17/01/2019,06:10:55,15,0,19.6,1.0,6.2,6.1,2,1,1.00,CYCLE,S
IND,208,6592,59453,17/01/2019,06:10:56,15,0,21.4,1.1,0.9,0.8,2,1,1.00,CYCLE,S
IND,208,6592,59453,17/01/2019,06:10:57,15,0,20.6,1.0,1.6,1.5,2,1,1.00,CYCLE,S
IND,208,6592,59453,17/01/2019,06:10:58,15,0,21.1,1.0,0.6,0.4,2,1,1.00,CYCLE,S
IND,208,6592,59453,17/01/2019,06:11:31,15,0,22.0,1.1,33.4,33.2,2,1,1.00,CYCLE,S
IND,208,6592,59453,17/01/2019,06:11:39,15,0,28.7,1.0,7.8,7.7,2,1,1.00,CYCLE,S
IND,208,6592,59453,17/01/2019,06:12:31,15,0,24.8,1.0,51.8,51.7,2,1,1.00,CYCLE,S
IND,208,6592,59453,17/01/2019,06:12:42,15,0,26.4,1.0,11.4,11.2,2,1,1.00,CYCLE,S
IND,208,6592,59453,17/01/2019,06:12:43,15,0,27.0,1.1,0.5,0.3,2,1,1.00,CYCLE,S
IND,208,6592,59453,17/01/2019,06:13:27,15,0,31.2,1.0,2.2,2.1,2,1,1.00,CYCLE,S
IND,208,6592,59453,17/01/2019,06:13:28,15,0,26.7,1.0,0.9,0.8,2,1,1.00,CYCLE,S
IND,208,6592,59453,17/01/2019,06:13:29,15,0,26.5,1.0,0.6,0.5,2,1,1.00,CYCLE,S
IND,208,6592,59453,17/01/2019,06:13:29,15,0,27.6,1.0,0.4,0.3,2,1,1.00,CYCLE,S
IND,208,6592,59453,17/01/2019,06:13:34,15,0,28.8,1.0,4.5,4.3,2,1,1.00,CYCLE,S
IND,208,6592,59452,17/01/2019,06:13:37,15,1,28.9,1.0,179.9,179.8,2,1,1.00,CYCLE,N
IND,208,6592,59453,17/01/2019,06:13:38,15,0,23.4,1.1,4.6,4.5,2,1,1.00,CYCLE,S
IND,208,6592,59452,17/01/2019,06:14:23,15,1,25.4,1.0,46.4,46.2,2,1,1.00,CYCLE,N
IND,208,6592,59452,17/01/2019,06:14:28,15,1,25.6,1.1,5.3,5.1,2,1,1.00,CYCLE,N
IND,208,6592,59452,17/01/2019,06:14:29,15,1,25.6,1.0,0.8,0.7,2,1,1.00,CYCLE,N
IND,208,6592,59453,17/01/2019,06:14:46,15,0,27.6,1.1,67.4,67.3,2,1,1.00,CYCLE,S
IND,208,6592,59453,17/01/2019,06:14:48,15,0,25.0,1.1,2.4,2.2,2,1,1.00,CYCLE,S
IND,208,6592,59453,17/01/2019,06:14:51,15,0,23.6,1.0,3.2,3.1,2,1,1.00,CYCLE,S
IND,208,6592,59453,17/01/2019,06:15:18,15,0,30.4,1.0,27.0,26.8,2,1,1.00,CYCLE,S
IND,208,6592,59453,17/01/2019,06:15:19,15,0,25.5,1.1,1.0,0.9,2,1,1.00,CYCLE,S
IND,208,6592,59453,17/01/2019,06:15:29,15,0,26.9,1.1,9.7,9.6,2,1,1.00,CYCLE,S
IND,208,6592,59453,17/01/2019,06:15:34,15,0,29.0,1.0,5.4,5.3,2,1,1.00,CYCLE,S
IND,208,6592,59453,17/01/2019,06:15:38,15,0,26.7,1.0,3.8,3.7,2,1,1.00,CYCLE,S
IND,208,6592,59453,17/01/2019,06:15:39,15,0,29.6,1.0,1.2,1.1,2,1,1.00,CYCLE,S
IND,208,6592,59453,17/01/2019,06:15:41,15,0,30.2,1.0,1.6,1.5,2,1,1.00,CYCLE,S
IND,208,6592,59453,17/01/2019,06:16:02,15,0,28.9,1.0,21.5,21.4,2,1,1.00,CYCLE,S
IND,208,6592,59453,17/01/2019,06:16:40,15,0,33.2,1.0,37.2,37.1,2,1,1.00,CYCLE,S
IND,208,6592,59453,17/01/2019,06:16:40,15,0,34.2,1.1,0.8,0.7,2,1,1.00,CYCLE,S
IND,208,6592,59453,17/01/2019,06:16:41,15,0,27.3,1.0,0.6,0.5,2,1,1.00,CYCLE,S
IND,208,6592,59453,17/01/2019,06:16:42,15,0,30.7,1.0,0.9,0.8,2,1,1.00,CYCLE,S
IND,208,6592,59453,17/01/2019,06:16:48,15,0,24.5,1.0,6.1,6.0,2,1,0.67,CYCLE,S
IND,208,6592,59453,17/01/2019,06:16:48,15,0,24.5,1.0,0.0,0.0,2,1,0.67,CYCLE,S
IND,208,6592,59453,17/01/2019,06:16:48,15,0,24.5,1.0,0.0,0.0,2,1,0.67,CYCLE,S
IND,208,6592,59453,17/01/2019,06:16:50,15,0,25.6,1.0,2.5,1.6,2,1,1.00,CYCLE,S
IND,208,6592,59453,17/01/2019,06:16:52,15,0,23.6,1.0,1.7,1.6,2,1,1.00,CYCLE,S
IND,208,6592,59453,17/01/2019,06:17:28,15,0,29.7,1.1,35.3,35.2,2,1,1.00,CYCLE,S
IND,208,6592,59453,17/01/2019,06:17:28,15,0,20.6,1.1,0.5,0.4,2,1,1.00,CYCLE,S
IND,208,6592,59453,17/01/2019,06:17:30,15,0,27.5,1.1,2.2,2.0,2,1,1.00,CYCLE,S
IND,208,6592,59453,17/01/2019,06:17:37,15,0,27.1,1.0,6.3,6.1,2,1,1.00,CYCLE,S
IND,208,6592,59453,17/01/2019,06:17:57,15,0,21.3,1.0,20.2,20.0,2,1,1.00,CYCLE,S
IND,208,6592,59453,17/01/2019,06:18:06,15,0,21.6,1.0,9.0,8.8,2,1,1.00,CYCLE,S
IND,208,6592,59453,17/01/2019,06:18:11,15,0,27.3,1.0,5.1,5.0,2,1,1.00,CYCLE,S
IND,208,6592,59453,17/01/2019,06:18:14,15,0,25.2,1.0,3.2,3.1,2,1,1.00,CYCLE,S
IND,208,6592,59452,17/01/2019,06:18:16,15,1,14.9,1.0,216.8,216.6,2,1,1.00,CYCLE,N
IND,208,6592,59452,17/01/2019,06:18:17,15,1,15.5,1.1,0.8,0.5,2,1,1.00,CYCLE,N
IND,208,6592,59453,17/01/2019,06:18:45,15,0,30.2,1.0,31.0,30.8,2,1,1.00,CYCLE,S
IND,208,6592,59453,17/01/2019,06:18:47,15,0,27.2,1.0,1.6,1.5,2,1,1.00,CYCLE,S
IND,208,6592,59453,17/01/2019,06:18:48,15,0,24.3,1.1,1.1,0.9,2,1,1.00,CYCLE,S
IND,208,6592,59453,17/01/2019,06:19:49,15,0,30.6,1.0,61.1,60.9,2,1,1.00,CYCLE,S
IND,208,6592,59453,17/01/2019,06:19:53,15,0,32.2,1.1,3.8,3.7,2,1,1.00,CYCLE,S
IND,208,6592,59453,17/01/2019,06:19:54,15,0,29.9,1.0,1.1,1.0,2,1,1.00,CYCLE,S
IND,208,6592,59453,17/01/2019,06:20:08,15,0,22.0,1.1,14.5,14.4,2,1,1.00,CYCLE,S
IND,208,6592,59452,17/01/2019,06:20:10,15,1,31.5,1.0,113.1,112.8,2,1,1.00,CYCLE,N
IND,208,6592,59453,17/01/2019,06:20:39,15,0,27.6,1.1,30.9,30.7,2,1,1.00,CYCLE,S
IND,208,6592,59453,17/01/2019,06:20:43,15,0,24.5,1.0,3.7,3.6,2,1,1.00,CYCLE,S
IND,208,6592,59453,17/01/2019,06:20:45,15,0,25.9,1.0,2.3,2.2,2,1,1.00,CYCLE,S
IND,208,6592,59453,17/01/2019,06:20:47,15,0,23.3,1.1,2.2,2.0,2,1,1.00,CYCLE,S
IND,208,6592,59453,17/01/2019,06:21:12,15,0,29.5,1.0,25.1,24.9,2,1,1.00,CYCLE,S
IND,208,6592,59453,17/01/2019,06:21:15,15,0,30.3,1.1,2.4,2.3,2,1,1.00,CYCLE,S
IND,208,6592,59453,17/01/2019,06:21:15,15,0,29.0,1.1,0.3,0.2,2,1,1.00,CYCLE,S
IND,208,6592,59453,17/01/2019,06:21:16,15,0,29.6,1.0,1.1,1.0,2,1,1.00,CYCLE,S
IND,208,6592,59453,17/01/2019,06:21:18,15,0,33.7,1.0,2.0,1.9,2,1,0.57,CYCLE,S
IND,208,6592,59453,17/01/2019,06:21:19,15,0,34.7,1.0,0.6,0.3,2,1,1.00,CYCLE,S
IND,208,6592,59453,17/01/2019,06:21:21,15,0,22.1,1.1,2.2,2.1,2,1,1.00,CYCLE,S
IND,208,6592,59453,17/01/2019,06:21:57,15,0,27.8,1.1,36.1,36.0,2,1,1.00,CYCLE,S
IND,208,6592,59453,17/01/2019,06:22:42,15,0,26.3,1.0,44.6,44.5,2,1,1.00,CYCLE,S
IND,208,6592,59453,17/01/2019,06:22:46,15,0,31.9,1.0,3.8,3.7,2,1,1.00,CYCLE,S
IND,208,6592,59453,17/01/2019,06:22:47,15,0,24.3,1.0,1.3,1.2,2,1,1.00,CYCLE,S
IND,208,6592,59453,17/01/2019,06:23:14,15,0,30.4,1.1,26.9,26.7,2,1,1.00,CYCLE,S
IND,208,6592,59453,17/01/2019,06:23:17,15,0,27.1,1.0,3.2,3.1,2,1,1.00,CYCLE,S
IND,208,6592,59453,17/01/2019,06:23:18,15,0,26.5,1.0,0.7,0.5,2,1,1.00,CYCLE,S
IND,208,6592,59453,17/01/2019,06:23:18,15,0,27.5,1.1,0.6,0.5,2,1,1.00,CYCLE,S
IND,208,6592,59453,17/01/2019,06:23:26,15,0,31.7,1.1,7.3,7.2,2,1,1.00,CYCLE,S
IND,208,6592,59453,17/01/2019,06:23:26,15,0,28.4,1.1,0.2,0.1,2,1,1.00,CYCLE,S
IND,208,6592,59453,17/01/2019,06:23:26,15,0,24.9,1.0,0.7,0.6,2,1,1.00,CYCLE,S
IND,208,6592,59453,17/01/2019,06:23:27,15,0,28.6,1.1,0.5,0.4,2,1,1.00,CYCLE,S
IND,208,6592,59453,17/01/2019,06:23:28,15,0,28.6,1.1,1.0,0.9,2,1,1.00,CYCLE,S
IND,208,6592,59453,17/01/2019,06:23:31,15,0,27.1,1.0,2.7,2.6,2,1,1.00,CYCLE,S
IND,208,6592,59453,17/01/2019,06:23:32,15,0,27.2,1.0,1.2,1.1,2,1,1.00,CYCLE,S
IND,208,6592,59453,17/01/2019,06:23:36,15,0,32.8,1.0,3.7,3.6,2,1,1.00,CYCLE,S
IND,208,6592,59453,17/01/2019,06:23:37,15,0,29.0,1.1,1.6,1.5,2,1,1.00,CYCLE,S
IND,208,6592,59453,17/01/2019,06:23:39,15,0,30.5,1.0,1.4,1.2,2,1,1.00,CYCLE,S
IND,208,6592,59453,17/01/2019,06:23:41,15,0,24.7,1.1,2.0,1.9,2,1,1.00,CYCLE,S
IND,208,6592,59453,17/01/2019,06:23:43,15,0,28.7,1.0,2.4,2.3,2,1,1.00,CYCLE,S
IND,208,6592,59452,17/01/2019,06:23:47,15,1,27.3,1.1,207.2,206.6,2,1,1.00,CYCLE,N
IND,208,6592,59453,17/01/2019,06:24:05,15,0,25.8,1.0,22.3,22.2,2,1,1.00,CYCLE,S
IND,208,6592,59452,17/01/2019,06:24:17,15,1,21.7,1.0,30.1,30.0,2,1,1.00,CYCLE,N
IND,208,6592,59452,17/01/2019,06:24:18,15,1,21.6,1.0,0.8,0.6,2,1,1.00,CYCLE,N
IND,208,6592,59453,17/01/2019,06:24:37,15,0,31.2,1.1,32.0,31.8,2,1,1.00,CYCLE,S
IND,208,6592,59453,17/01/2019,06:24:39,15,0,27.0,1.0,1.4,1.3,2,1,1.00,CYCLE,S
IND,208,6592,59453,17/01/2019,06:24:44,15,0,29.9,1.0,4.9,4.7,2,1,1.00,CYCLE,S
IND,208,6592,59453,17/01/2019,06:24:44,15,0,29.6,1.0,0.4,0.3,2,1,1.00,CYCLE,S
IND,208,6592,59453,17/01/2019,06:24:45,15,0,25.2,1.0,1.1,1.0,2,1,1.00,CYCLE,S
IND,208,6592,59453,17/01/2019,06:24:49,15,0,25.3,1.0,3.6,3.5,2,1,1.00,CYCLE,S
IND,208,6592,59453,17/01/2019,06:24:49,15,0,25.3,1.0,0.0,0.0,2,1,1.00,CYCLE,S
IND,208,6592,59453,17/01/2019,06:24:55,15,0,22.5,1.1,5.8,5.6,2,1,1.00,CYCLE,S
IND,208,6592,59453,17/01/2019,06:24:56,15,0,24.0,1.0,1.1,0.9,2,1,1.00,CYCLE,S
IND,208,6592,59452,17/01/2019,06:25:05,15,1,23.9,1.0,46.9,46.8,2,1,1.00,CYCLE,N
IND,208,6592,59453,17/01/2019,06:25:19,15,0,31.2,1.0,23.1,23.0,2,1,1.00,CYCLE,S
IND,208,6592,59453,17/01/2019,06:26:51,15,0,29.7,1.1,92.6,92.5,2,1,1.00,CYCLE,S
IND,208,6592,59453,17/01/2019,06:26:52,15,0,30.7,1.0,0.6,0.4,2,1,1.00,CYCLE,S
IND,208,6592,59453,17/01/2019,06:26:57,15,0,30.5,1.0,5.1,5.0,2,1,1.00,CYCLE,S
IND,208,6592,59453,17/01/2019,06:26:59,15,0,24.5,1.0,1.8,1.7,2,1,1.00,CYCLE,S
IND,208,6592,59453,17/01/2019,06:27:01,15,0,23.7,1.1,0.7,0.7,2,1,1.00,CYCLE,S
IND,208,6592,59453,17/01/2019,06:27:04,15,0,23.9,1.2,3.4,3.2,2,1,1.00,CYCLE,S
IND,208,6592,59453,17/01/2019,06:27:22,15,0,35.8,1.0,18.1,18.0,2,1,1.00,CYCLE,S
IND,208,6592,59453,17/01/2019,06:27:28,15,0,27.3,1.1,5.4,5.3,2,1,1.00,CYCLE,S
IND,208,6592,59453,17/01/2019,06:27:29,15,0,27.3,1.1,1.6,1.5,2,1,1.00,CYCLE,S
IND,208,6592,59453,17/01/2019,06:27:31,15,0,26.2,1.0,1.6,1.5,2,1,1.00,CYCLE,S
IND,208,6592,59453,17/01/2019,06:27:46,15,0,25.8,1.0,14.8,14.7,2,1,1.00,CYCLE,S
IND,208,6592,59453,17/01/2019,06:27:47,15,0,30.9,1.0,1.6,1.5,2,1,1.00,CYCLE,S
IND,208,6592,59453,17/01/2019,06:27:54,15,0,22.1,1.1,6.2,6.1,2,1,1.00,CYCLE,S
IND,208,6592,59453,17/01/2019,06:28:01,15,0,2.0,1.0,7.7,7.5,2,1,0.31,CYCLE,S
IND,208,6592,59453,17/01/2019,06:28:01,15,0,2.0,1.0,0.0,0.0,2,1,0.31,CYCLE,S
IND,208,6592,59453,17/01/2019,06:28:01,15,0,2.0,1.0,0.0,0.0,2,1,0.31,CYCLE,S
IND,208,6592,59453,17/01/2019,06:28:25,15,0,29.1,1.1,23.8,21.1,2,1,1.00,CYCLE,S
IND,208,6592,59453,17/01/2019,06:28:30,15,0,26.1,1.1,5.2,5.1,2,1,1.00,CYCLE,S
IND,208,6592,59453,17/01/2019,06:28:38,15,0,29.0,1.0,8.0,7.9,2,1,1.00,CYCLE,S
IND,208,6592,59453,17/01/2019,06:28:42,15,0,30.8,1.1,3.8,3.7,2,1,1.00,CYCLE,S
IND,208,6592,59453,17/01/2019,06:28:44,15,0,26.3,1.0,1.5,1.4,2,1,1.00,CYCLE,S
IND,208,6592,59453,17/01/2019,06:28:45,15,0,27.3,1.1,1.3,1.2,2,1,1.00,CYCLE,S
IND,208,6592,59453,17/01/2019,06:28:48,15,0,25.4,1.1,2.6,2.5,2,1,1.00,CYCLE,S
IND,208,6592,59453,17/01/2019,06:28:49,15,0,21.5,1.1,1.0,0.9,2,1,1.00,CYCLE,S
IND,208,6592,59453,17/01/2019,06:28:49,15,0,24.3,1.0,0.7,0.6,2,1,1.00,CYCLE,S
IND,208,6592,59453,17/01/2019,06:29:08,15,0,30.5,1.0,18.8,18.7,2,1,1.00,CYCLE,S
IND,208,6592,59453,17/01/2019,06:29:11,15,0,35.9,1.1,3.2,3.1,2,1,1.00,CYCLE,S
IND,208,6592,59453,17/01/2019,06:29:12,15,0,34.9,1.0,0.3,0.2,2,1,1.00,CYCLE,S
IND,208,6592,59453,17/01/2019,06:29:16,15,0,34.4,1.0,4.3,4.2,2,1,1.00,CYCLE,S
IND,208,6592,59453,17/01/2019,06:29:22,15,0,31.3,1.1,5.9,5.8,2,1,1.00,CYCLE,S
IND,208,6592,59453,17/01/2019,06:29:31,15,0,30.9,1.0,8.5,8.4,2,1,1.00,CYCLE,S
IND,208,6592,59452,17/01/2019,06:29:42,15,1,30.7,1.1,101.4,101.3,2,1,1.00,CYCLE,N
IND,208,6592,59453,17/01/2019,06:30:12,15,0,25.3,1.1,41.1,41.0,2,1,1.00,CYCLE,S
IND,208,6592,59453,17/01/2019,06:30:12,15,0,23.2,1.0,0.9,0.7,2,1,1.00,CYCLE,S
IND,208,6592,59453,17/01/2019,06:30:33,15,0,30.3,1.1,20.4,20.2,2,1,1.00,CYCLE,S
IND,208,6592,59453,17/01/2019,06:30:33,15,0,22.9,1.1,0.6,0.5,2,1,1.00,CYCLE,S
IND,208,6592,59453,17/01/2019,06:30:43,15,0,29.2,1.0,9.1,9.0,2,1,1.00,CYCLE,S
IND,208,6592,59453,17/01/2019,06:30:45,15,0,27.5,1.0,2.3,2.2,2,1,1.00,CYCLE,S
IND,208,6592,59453,17/01/2019,06:30:48,15,0,18.8,1.1,3.2,3.1,2,1,1.00,CYCLE,S
IND,208,6592,59453,17/01/2019,06:31:07,15,0,26.1,1.1,18.4,18.2,2,1,1.00,CYCLE,S
IND,208,6592,59453,17/01/2019,06:31:12,15,0,26.8,1.0,5.9,5.7,2,1,1.00,CYCLE,S
IND,208,6592,59453,17/01/2019,06:31:15,15,0,27.6,1.0,3.0,2.8,2,1,1.00,CYCLE,S
IND,208,6592,59453,17/01/2019,06:31:20,15,0,24.7,1.0,4.9,4.7,2,1,1.00,CYCLE,S
IND,208,6592,59453,17/01/2019,06:31:23,15,0,22.5,1.0,2.2,2.1,2,1,1.00,CYCLE,S
IND,208,6592,59453,17/01/2019,06:31:37,15,0,32.2,1.0,14.5,14.3,2,1,1.00,CYCLE,S
IND,208,6592,59453,17/01/2019,06:31:38,15,0,32.1,1.0,1.1,0.9,2,1,1.00,CYCLE,S
IND,208,6592,59453,17/01/2019,06:31:40,15,0,27.2,1.0,2.2,2.0,2,1,1.00,CYCLE,S
IND,208,6592,59453,17/01/2019,06:31:47,15,0,26.1,1.0,6.8,6.6,2,1,1.00,CYCLE,S
IND,208,6592,59452,17/01/2019,06:31:57,15,1,26.5,1.0,134.8,134.7,2,1,1.00,CYCLE,N
IND,208,6592,59453,17/01/2019,06:31:58,15,0,24.0,1.1,10.9,10.7,2,1,1.00,CYCLE,S
IND,208,6592,59452,17/01/2019,06:32:04,15,1,22.1,1.1,6.6,6.5,2,1,1.00,CYCLE,N
IND,208,6592,59453,17/01/2019,06:32:07,15,0,25.3,1.1,9.6,9.4,2,1,1.00,CYCLE,S
IND,208,6592,59452,17/01/2019,06:32:16,15,1,22.8,1.1,12.6,12.4,2,1,1.00,CYCLE,N
IND,208,6592,59453,17/01/2019,06:32:33,15,0,21.1,1.0,25.8,25.7,2,1,1.00,CYCLE,S
IND,208,6592,59453,17/01/2019,06:32:54,15,0,29.1,1.1,20.5,20.3,2,1,1.00,CYCLE,S
IND,208,6592,59453,17/01/2019,06:32:55,15,0,28.2,1.0,1.2,1.1,2,1,1.00,CYCLE,S
IND,208,6592,59453,17/01/2019,06:32:57,15,0,24.0,1.1,2.2,2.1,2,1,1.00,CYCLE,S
IND,208,6592,59453,17/01/2019,06:32:58,15,0,25.9,1.0,1.1,1.0,2,1,1.00,CYCLE,S
IND,208,6592,59453,17/01/2019,06:33:01,15,0,22.3,1.1,2.7,2.6,2,1,1.00,CYCLE,S
IND,208,6592,59453,17/01/2019,06:33:03,15,0,18.8,1.0,2.1,1.9,2,1,1.00,CYCLE,S
IND,208,6592,59453,17/01/2019,06:33:14,15,0,16.5,1.1,10.5,10.3,2,1,1.00,CYCLE,S
IND,208,6592,59453,17/01/2019,06:33:30,15,0,24.3,1.0,16.8,16.5,2,1,1.00,CYCLE,S
IND,208,6592,59453,17/01/2019,06:33:33,15,0,29.2,1.1,2.3,2.2,2,1,1.00,CYCLE,S
IND,208,6592,59453,17/01/2019,06:33:39,15,0,20.3,1.1,5.8,5.7,2,1,1.00,CYCLE,S
IND,208,6592,59453,17/01/2019,06:33:53,15,0,29.1,1.0,14.9,14.7,2,1,1.00,CYCLE,S
IND,208,6592,59453,17/01/2019,06:33:54,15,0,22.9,1.1,0.5,0.3,2,1,1.00,CYCLE,S
IND,208,6592,59453,17/01/2019,06:34:01,15,0,23.2,1.0,6.6,6.5,2,1,1.00,CYCLE,S
IND,208,6592,59453,17/01/2019,06:34:11,15,0,27.5,1.1,10.6,10.4,2,1,1.00,CYCLE,S
IND,208,6592,59453,17/01/2019,06:34:39,15,0,33.4,1.0,2.1,2.1,2,1,1.00,CYCLE,S
IND,208,6592,59453,17/01/2019,06:34:40,15,0,25.9,1.0,0.5,0.4,2,1,1.00,CYCLE,S
IND,208,6592,59453,17/01/2019,06:34:41,15,0,27.1,1.1,1.0,0.9,2,1,1.00,CYCLE,S
IND,208,6592,59453,17/01/2019,06:34:45,15,0,26.7,1.1,3.6,3.5,2,1,1.00,CYCLE,S
IND,208,6592,59453,17/01/2019,06:34:45,15,0,22.5,1.0,0.4,0.2,2,1,1.00,CYCLE,S
IND,208,6592,59453,17/01/2019,06:34:58,15,0,22.6,1.0,13.2,13.0,2,1,1.00,CYCLE,S
IND,208,6592,59453,17/01/2019,06:35:17,15,0,32.9,1.0,18.9,18.7,2,1,1.00,CYCLE,S
IND,208,6592,59453,17/01/2019,06:35:25,15,0,18.7,1.1,7.6,7.5,2,1,1.00,CYCLE,S
IND,208,6592,59453,17/01/2019,06:35:32,15,0,25.1,1.0,7.3,7.0,2,1,1.00,CYCLE,S
IND,208,6592,59453,17/01/2019,06:35:37,15,0,27.4,1.1,4.8,4.6,2,1,1.00,CYCLE,S
IND,208,6592,59453,17/01/2019,06:35:37,15,0,26.5,1.1,0.4,0.2,2,1,1.00,CYCLE,S
IND,208,6592,59453,17/01/2019,06:35:55,15,0,34.4,1.0,17.7,17.5,2,1,1.00,CYCLE,S
IND,208,6592,59453,17/01/2019,06:35:56,15,0,30.5,1.0,0.9,0.8,2,1,1.00,CYCLE,S
IND,208,6592,59453,17/01/2019,06:35:57,15,0,29.1,1.0,1.4,1.3,2,1,1.00,CYCLE,S
IND,208,6592,59452,17/01/2019,06:35:57,15,1,24.5,1.0,221.1,220.9,2,1,1.00,CYCLE,N
IND,208,6592,59453,17/01/2019,06:36:37,15,0,26.1,1.0,4.0,3.9,2,1,1.00,CYCLE,S
IND,208,6592,59453,17/01/2019,06:36:47,15,0,26.8,1.1,9.5,9.3,2,1,1.00,CYCLE,S
IND,208,6592,59453,17/01/2019,06:36:48,15,0,24.9,1.1,1.5,1.3,2,1,1.00,CYCLE,S
IND,208,6592,59453,17/01/2019,06:36:49,15,0,18.8,1.0,0.6,0.4,2,1,1.00,CYCLE,S
IND,208,6592,59453,17/01/2019,06:36:53,15,0,19.5,1.1,4.2,4.0,2,1,1.00,CYCLE,S
IND,208,6592,59453,17/01/2019,06:37:12,15,0,30.2,1.1,18.7,18.5,2,1,1.00,CYCLE,S
IND,208,6592,59453,17/01/2019,06:37:15,15,0,29.0,1.1,3.0,2.9,2,1,1.00,CYCLE,S
IND,208,6592,59453,17/01/2019,06:37:16,15,0,27.9,1.0,1.1,1.0,2,1,1.00,CYCLE,S
IND,208,6592,59453,17/01/2019,06:37:23,15,0,20.3,1.0,7.1,7.0,2,1,1.00,CYCLE,S
IND,208,6592,59453,17/01/2019,06:37:33,15,0,27.4,1.0,10.1,9.9,2,1,1.00,CYCLE,S
IND,208,6592,59453,17/01/2019,06:37:45,15,0,25.0,1.0,11.4,11.3,2,1,1.00,CYCLE,S
IND,208,6592,59453,17/01/2019,06:37:50,15,0,30.1,1.1,5.9,5.8,2,1,1.00,CYCLE,S
IND,208,6592,59453,17/01/2019,06:38:03,15,0,23.5,1.1,13.0,12.9,2,1,1.00,CYCLE,S
IND,208,6592,59453,17/01/2019,06:38:58,15,0,29.1,1.0,55.0,54.8,2,1,1.00,CYCLE,S
IND,208,6592,59453,17/01/2019,06:38:59,15,0,27.9,1.0,0.5,0.4,2,1,1.00,CYCLE,S
IND,208,6592,59453,17/01/2019,06:39:00,15,0,28.9,1.0,0.8,0.7,2,1,1.00,CYCLE,S
IND,208,6592,59453,17/01/2019,06:39:01,15,0,28.3,1.0,1.3,1.2,2,1,1.00,CYCLE,S
IND,208,6592,59453,17/01/2019,06:39:02,15,0,28.4,1.0,0.9,0.7,2,1,1.00,CYCLE,S
IND,208,6592,59453,17/01/2019,06:39:03,15,0,28.6,1.0,1.3,1.2,2,1,1.00,CYCLE,S
IND,208,6592,59453,17/01/2019,06:39:05,15,0,29.8,1.0,1.6,1.5,2,1,1.00,CYCLE,S
IND,208,6592,59453,17/01/2019,06:39:06,15,0,28.3,1.0,0.8,0.7,2,1,1.00,CYCLE,S
IND,208,6592,59453,17/01/2019,06:39:07,15,0,28.9,1.0,1.6,1.4,2,1,1.00,CYCLE,S
IND,208,6592,59453,17/01/2019,06:39:09,15,0,27.8,1.0,1.3,1.2,2,1,1.00,CYCLE,S
IND,208,6592,59453,17/01/2019,06:39:11,15,0,26.3,1.0,2.2,2.1,2,1,1.00,CYCLE,S
IND,208,6592,59453,17/01/2019,06:39:13,15,0,29.0,1.1,2.1,1.9,2,1,1.00,CYCLE,S
IND,208,6592,59453,17/01/2019,06:39:28,15,0,26.9,1.1,14.8,14.7,2,1,1.00,CYCLE,S
IND,208,6592,59453,17/01/2019,06:39:31,15,0,34.6,1.1,3.5,3.3,2,1,1.00,CYCLE,S
IND,208,6592,59453,17/01/2019,06:39:33,15,0,29.0,1.0,1.5,1.4,2,1,1.00,CYCLE,S
IND,208,6592,59453,17/01/2019,06:39:34,15,0,30.4,1.0,1.2,1.1,2,1,1.00,CYCLE,S
IND,208,6592,59453,17/01/2019,06:39:35,15,0,25.3,1.1,1.0,0.9,2,1,1.00,CYCLE,S
IND,208,6592,59453,17/01/2019,06:39:36,15,0,30.0,1.1,0.9,0.8,2,1,1.00,CYCLE,S
IND,208,6592,59453,17/01/2019,06:39:36,15,0,24.3,1.1,0.5,0.4,2,1,1.00,CYCLE,S
IND,208,6592,59453,17/01/2019,06:39:40,15,0,32.5,1.1,3.7,3.6,2,1,1.00,CYCLE,S
IND,208,6592,59453,17/01/2019,06:39:40,15,0,26.5,1.1,0.2,0.1,2,1,1.00,CYCLE,S
IND,208,6592,59453,17/01/2019,06:39:45,15,0,33.0,1.0,4.3,4.2,2,1,1.00,CYCLE,S
IND,208,6592,59453,17/01/2019,06:39:51,15,0,34.9,1.0,6.0,5.9,2,1,1.00,CYCLE,S
IND,208,6592,59453,17/01/2019,06:39:53,15,0,32.7,1.0,2.9,2.8,2,1,1.00,CYCLE,S
IND,208,6592,59452,17/01/2019,06:40:12,15,1,18.3,1.1,254.5,254.4,2,1,1.00,CYCLE,N
IND,208,6592,59452,17/01/2019,06:40:13,15,1,20.2,0.9,1.5,1.2,2,1,1.00,CYCLE,N
IND,208,6592,59453,17/01/2019,06:40:50,15,0,33.6,1.0,56.7,56.6,2,1,1.00,CYCLE,S
IND,208,6592,59453,17/01/2019,06:40:51,15,0,34.3,1.0,1.3,1.2,2,1,1.00,CYCLE,S
IND,208,6592,59453,17/01/2019,06:40:52,15,0,29.0,1.1,0.9,0.8,2,1,1.00,CYCLE,S
IND,208,6592,59453,17/01/2019,06:40:55,15,0,30.8,1.0,2.7,2.6,2,1,1.00,CYCLE,S
IND,208,6592,59453,17/01/2019,06:40:57,15,0,26.4,1.0,1.5,1.4,2,1,1.00,CYCLE,S
IND,208,6592,59453,17/01/2019,06:40:57,15,0,26.5,1.1,0.8,0.6,2,1,1.00,CYCLE,S
IND,208,6592,59453,17/01/2019,06:41:09,15,0,19.2,1.1,12.0,11.9,2,1,1.00,CYCLE,S
IND,208,6592,59453,17/01/2019,06:41:14,15,0,17.5,1.0,4.3,4.1,2,1,1.00,CYCLE,S
IND,208,6592,59453,17/01/2019,06:41:32,15,0,27.2,1.0,18.5,18.3,2,1,1.00,CYCLE,S
IND,208,6592,59452,17/01/2019,06:41:36,15,1,27.3,1.0,82.4,82.2,2,1,1.00,CYCLE,N
IND,208,6592,59453,17/01/2019,06:41:45,15,0,16.8,1.0,13.2,13.0,2,1,0.50,CYCLE,S
IND,208,6592,59452,17/01/2019,06:41:45,15,1,16.8,1.0,0.0,0.0,2,1,0.50,CYCLE,N
IND,208,6592,59453,17/01/2019,06:41:48,15,0,23.2,1.0,2.5,2.2,2,1,1.00,CYCLE,S
IND,208,6592,59453,17/01/2019,06:42:04,15,0,24.5,1.0,15.8,15.7,2,1,1.00,CYCLE,S
IND,208,6592,59453,17/01/2019,06:42:30,15,0,18.0,1.0,26.7,26.5,2,1,0.40,CYCLE,S
IND,208,6592,59453,17/01/2019,06:42:30,15,0,18.0,1.0,0.0,0.0,2,1,0.40,CYCLE,S
IND,208,6592,59453,17/01/2019,06:42:33,15,0,27.7,1.0,3.1,2.3,2,1,1.00,CYCLE,S
IND,208,6592,59453,17/01/2019,06:42:36,15,0,28.9,1.1,2.5,2.3,2,1,1.00,CYCLE,S
IND,208,6592,59453,17/01/2019,06:42:39,15,0,25.4,1.1,3.3,3.2,2,1,1.00,CYCLE,S
IND,208,6592,59453,17/01/2019,06:42:40,15,0,26.2,1.0,0.7,0.5,2,1,1.00,CYCLE,S
IND,208,6592,59453,17/01/2019,06:42:41,15,0,28.2,1.0,1.1,0.9,2,1,0.75,CYCLE,S
IND,208,6592,59453,17/01/2019,06:42:47,15,0,25.9,1.0,6.3,6.1,2,1,0.55,CYCLE,S
IND,208,6592,59453,17/01/2019,06:42:47,15,0,25.9,1.0,0.0,0.0,2,1,0.55,CYCLE,S
IND,208,6592,59453,17/01/2019,06:42:50,15,0,20.2,1.0,2.4,1.6,2,1,1.00,CYCLE,S
IND,208,6592,59453,17/01/2019,06:42:51,15,0,25.0,1.0,1.3,1.1,2,1,1.00,CYCLE,S
IND,208,6592,59453,17/01/2019,06:43:35,15,0,27.4,1.0,44.5,44.3,2,1,1.00,CYCLE,S
IND,208,6592,59452,17/01/2019,06:43:41,15,1,31.3,1.0,124.7,124.5,2,1,1.00,CYCLE,N
IND,208,6592,59452,17/01/2019,06:43:49,15,1,27.8,1.0,8.2,8.1,2,1,1.00,CYCLE,N
IND,208,6592,59453,17/01/2019,06:44:10,15,0,35.0,1.0,34.6,34.5,2,1,1.00,CYCLE,S
IND,208,6592,59453,17/01/2019,06:44:10,15,0,34.1,1.0,0.2,0.1,2,1,1.00,CYCLE,S
IND,208,6592,59453,17/01/2019,06:44:11,15,0,35.9,1.0,0.6,0.5,2,1,1.00,CYCLE,S
IND,208,6592,59453,17/01/2019,06:44:13,15,0,31.7,1.0,2.6,2.5,2,1,1.00,CYCLE,S
IND,208,6592,59453,17/01/2019,06:44:15,15,0,36.7,1.0,1.4,1.3,2,1,1.00,CYCLE,S
IND,208,6592,59453,17/01/2019,06:44:17,15,0,30.2,1.0,2.3,2.2,2,1,1.00,CYCLE,S
IND,208,6592,59453,17/01/2019,06:44:18,15,0,31.6,1.0,1.3,1.2,2,1,1.00,CYCLE,S
IND,208,6592,59453,17/01/2019,06:44:19,15,0,23.3,1.1,0.6,0.4,2,1,1.00,CYCLE,S
IND,208,6592,59453,17/01/2019,06:44:21,15,0,25.1,1.1,1.8,1.6,2,1,1.00,CYCLE,S
IND,208,6592,59453,17/01/2019,06:44:23,15,0,27.0,1.0,2.5,2.3,2,1,1.00,CYCLE,S
IND,208,6592,59453,17/01/2019,06:44:26,15,0,20.0,1.1,2.6,2.4,2,1,1.00,CYCLE,S
IND,208,6592,59453,17/01/2019,06:44:43,15,0,25.2,1.0,17.3,17.1,2,1,1.00,CYCLE,S
IND,208,6592,59453,17/01/2019,06:44:57,15,0,27.3,1.0,13.5,13.4,2,1,1.00,CYCLE,S
IND,208,6592,59453,17/01/2019,06:45:01,15,0,26.1,1.0,4.0,3.8,2,1,1.00,CYCLE,S
IND,208,6592,59453,17/01/2019,06:45:02,15,0,26.2,1.1,1.8,1.7,2,1,1.00,CYCLE,S
IND,208,6592,59453,17/01/2019,06:45:03,15,0,27.0,1.0,0.4,0.3,2,1,1.00,CYCLE,S
IND,208,6592,59453,17/01/2019,06:45:04,15,0,30.5,1.0,1.4,1.3,2,1,1.00,CYCLE,S
IND,208,6592,59453,17/01/2019,06:45:06,15,0,29.0,1.0,1.3,1.2,2,1,1.00,CYCLE,S
IND,208,6592,59453,17/01/2019,06:45:06,15,0,26.4,1.1,0.3,0.2,2,1,1.00,CYCLE,S
IND,208,6592,59453,17/01/2019,06:45:08,15,0,21.5,1.1,2.6,2.5,2,1,1.00,CYCLE,S
IND,208,6592,59453,17/01/2019,06:45:20,15,0,29.5,1.0,11.1,11.0,2,1,1.00,CYCLE,S
IND,208,6592,59453,17/01/2019,06:45:41,15,0,25.1,1.0,21.4,21.3,2,1,1.00,CYCLE,S
IND,208,6592,59453,17/01/2019,06:45:43,15,0,23.6,1.1,2.1,2.0,2,1,1.00,CYCLE,S
IND,208,6592,59453,17/01/2019,06:45:55,15,0,32.0,1.0,12.0,11.8,2,1,1.00,CYCLE,S
IND,208,6592,59452,17/01/2019,06:46:06,15,1,28.2,1.0,137.1,137.0,2,1,1.00,CYCLE,N
IND,208,6592,59453,17/01/2019,06:46:08,15,0,29.0,1.1,12.8,12.7,2,1,1.00,CYCLE,S
IND,208,6592,59453,17/01/2019,06:46:10,15,0,22.1,1.1,2.5,2.3,2,1,1.00,CYCLE,S
IND,208,6592,59453,17/01/2019,06:46:31,15,0,25.3,1.1,20.3,20.1,2,1,1.00,CYCLE,S
IND,208,6592,59453,17/01/2019,06:46:36,15,0,28.5,1.0,5.2,5.1,2,1,1.00,CYCLE,S
IND,208,6592,59453,17/01/2019,06:46:38,15,0,34.8,1.1,2.0,1.8,2,1,1.00,CYCLE,S
IND,208,6592,59453,17/01/2019,06:46:38,15,0,29.3,1.0,0.2,0.1,2,1,1.00,CYCLE,S
IND,208,6592,59453,17/01/2019,06:46:39,15,0,19.4,1.1,1.1,0.9,2,1,1.00,CYCLE,S
IND,208,6592,59453,17/01/2019,06:46:43,15,0,28.5,1.1,4.4,4.2,2,1,1.00,CYCLE,S
IND,208,6592,59453,17/01/2019,06:46:46,15,0,24.3,1.0,2.4,2.3,2,1,1.00,CYCLE,S
IND,208,6592,59453,17/01/2019,06:46:46,15,0,24.5,1.0,0.5,0.3,2,1,1.00,CYCLE,S
IND,208,6592,59453,17/01/2019,06:46:47,15,0,25.7,1.0,0.5,0.4,2,1,1.00,CYCLE,S
IND,208,6592,59453,17/01/2019,06:46:47,15,0,32.8,1.0,0.4,0.2,2,1,1.00,CYCLE,S
IND,208,6592,59453,17/01/2019,06:46:50,15,0,25.1,1.0,2.3,2.2,2,1,1.00,CYCLE,S
IND,208,6592,59453,17/01/2019,06:46:50,15,0,25.1,1.0,0.0,0.0,2,1,1.00,CYCLE,S
IND,208,6592,59453,17/01/2019,06:46:50,15,0,25.1,1.0,0.0,0.0,2,1,1.00,CYCLE,S
IND,208,6592,59453,17/01/2019,06:46:51,15,0,22.4,1.1,1.7,1.4,2,1,1.00,CYCLE,S
IND,208,6592,59453,17/01/2019,06:46:52,15,0,24.3,1.0,0.3,0.1,2,1,1.00,CYCLE,S
IND,208,6592,59453,17/01/2019,06:46:54,15,0,22.1,1.0,2.0,1.8,2,1,1.00,CYCLE,S
IND,208,6592,59453,17/01/2019,06:47:11,15,0,28.1,1.0,17.1,16.9,2,1,1.00,CYCLE,S
IND,208,6592,59453,17/01/2019,06:47:14,15,0,29.3,1.1,3.3,3.1,2,1,1.00,CYCLE,S
IND,208,6592,59453,17/01/2019,06:47:16,15,0,26.6,1.1,1.9,1.8,2,1,1.00,CYCLE,S
IND,208,6592,59453,17/01/2019,06:47:20,15,0,27.2,1.1,3.8,3.7,2,1,1.00,CYCLE,S
IND,208,6592,59453,17/01/2019,06:47:25,15,0,20.7,1.1,5.5,5.3,2,1,1.00,CYCLE,S
IND,208,6592,59452,17/01/2019,06:47:42,15,1,14.8,1.1,96.2,96.1,2,1,1.00,CYCLE,N
IND,208,6592,59453,17/01/2019,06:47:55,15,0,27.4,1.0,30.4,30.2,2,1,1.00,CYCLE,S
IND,208,6592,59453,17/01/2019,06:48:09,15,0,30.9,1.0,13.5,13.4,2,1,1.00,CYCLE,S
IND,208,6592,59453,17/01/2019,06:48:10,15,0,28.9,1.0,1.1,1.0,2,1,1.00,CYCLE,S
IND,208,6592,59453,17/01/2019,06:48:53,15,0,32.1,1.1,43.4,43.3,2,1,1.00,CYCLE,S
IND,208,6592,59453,17/01/2019,06:48:58,15,0,25.5,1.1,4.2,4.1,2,1,1.00,CYCLE,S
IND,208,6592,59453,17/01/2019,06:49:00,15,0,27.0,1.1,2.2,2.0,2,1,1.00,CYCLE,S
IND,208,6592,59453,17/01/2019,06:49:00,15,0,22.3,1.0,0.6,0.4,2,1,1.00,CYCLE,S
IND,208,6592,59453,17/01/2019,06:49:02,15,0,23.2,1.0,1.2,1.0,2,1,1.00,CYCLE,S
IND,208,6592,59453,17/01/2019,06:49:04,15,0,26.5,1.1,2.7,2.6,2,1,1.00,CYCLE,S
IND,208,6592,59453,17/01/2019,06:49:05,15,0,27.4,1.0,0.6,0.4,2,1,1.00,CYCLE,S
IND,208,6592,59453,17/01/2019,06:49:08,15,0,22.6,1.0,3.3,3.2,2,1,1.00,CYCLE,S
IND,208,6592,59453,17/01/2019,06:49:28,15,0,30.3,1.0,20.0,19.9,2,1,1.00,CYCLE,S
IND,208,6592,59453,17/01/2019,06:49:29,15,0,26.9,1.0,0.9,0.7,2,1,1.00,CYCLE,S
IND,208,6592,59453,17/01/2019,06:49:32,15,0,26.0,1.1,2.3,2.2,2,1,1.00,CYCLE,S
IND,208,6592,59453,17/01/2019,06:49:52,15,0,27.2,1.1,20.1,20.0,2,1,1.00,CYCLE,S
IND,208,6592,59452,17/01/2019,06:50:04,15,1,26.2,1.0,142.2,141.9,2,1,1.00,CYCLE,N
IND,208,6592,59453,17/01/2019,06:50:11,15,0,25.9,1.0,19.6,19.4,2,1,1.00,CYCLE,S
IND,208,6592,59453,17/01/2019,06:50:34,15,0,32.4,1.0,23.1,23.0,2,1,1.00,CYCLE,S
IND,208,6592,59453,17/01/2019,06:50:37,15,0,31.0,1.0,2.6,2.5,2,1,1.00,CYCLE,S
IND,208,6592,59453,17/01/2019,06:50:38,15,0,33.6,1.0,1.3,1.1,2,1,1.00,CYCLE,S
IND,208,6592,59453,17/01/2019,06:50:39,15,0,27.6,1.1,0.9,0.8,2,1,1.00,CYCLE,S
IND,208,6592,59453,17/01/2019,06:50:41,15,0,28.5,1.0,2.0,1.8,2,1,1.00,CYCLE,S
IND,208,6592,59453,17/01/2019,06:50:48,15,0,22.5,1.0,7.4,7.3,2,1,1.00,CYCLE,S
IND,208,6592,59453,17/01/2019,06:50:52,15,0,19.0,1.1,3.6,3.4,2,1,1.00,CYCLE,S
IND,208,6592,59453,17/01/2019,06:50:54,15,0,20.4,1.1,2.0,1.8,2,1,1.00,CYCLE,S
IND,208,6592,59453,17/01/2019,06:50:55,15,0,15.3,1.0,0.5,0.3,2,1,1.00,CYCLE,S
IND,208,6592,59453,17/01/2019,06:51:13,15,0,32.9,1.0,18.3,18.0,2,1,1.00,CYCLE,S
IND,208,6592,59453,17/01/2019,06:51:13,15,0,32.9,1.0,0.0,0.0,2,1,1.00,CYCLE,S
IND,208,6592,59453,17/01/2019,06:51:14,15,0,31.2,1.0,0.8,0.6,2,1,0.75,CYCLE,S
IND,208,6592,59453,17/01/2019,06:51:14,15,0,35.8,1.0,0.7,0.6,2,1,1.00,CYCLE,S
IND,208,6592,59453,17/01/2019,06:51:16,15,0,26.2,1.0,1.2,1.1,2,1,1.00,CYCLE,S
IND,208,6592,59453,17/01/2019,06:51:16,15,0,30.1,1.0,0.7,0.6,2,1,1.00,CYCLE,S
IND,208,6592,59453,17/01/2019,06:51:17,15,0,25.1,1.0,0.7,0.6,2,1,1.00,CYCLE,S
IND,208,6592,59453,17/01/2019,06:51:22,15,0,27.9,1.0,4.6,4.5,2,1,1.00,CYCLE,S
IND,208,6592,59453,17/01/2019,06:51:22,15,0,27.1,1.1,0.3,0.2,2,1,1.00,CYCLE,S
IND,208,6592,59453,17/01/2019,06:51:23,15,0,30.1,1.0,1.1,1.0,2,1,1.00,CYCLE,S
IND,208,6592,59453,17/01/2019,06:51:33,15,0,27.6,1.0,10.5,10.3,2,1,1.00,CYCLE,S
IND,208,6592,59453,17/01/2019,06:51:38,15,0,33.3,1.0,4.7,4.6,2,1,1.00,CYCLE,S
IND,208,6592,59453,17/01/2019,06:51:42,15,0,26.2,1.0,3.4,3.3,2,1,1.00,CYCLE,S
IND,208,6592,59453,17/01/2019,06:51:53,15,0,31.7,1.0,11.5,11.3,2,1,1.00,CYCLE,S
IND,208,6592,59453,17/01/2019,06:51:57,15,0,29.3,1.0,4.3,4.2,2,1,1.00,CYCLE,S
IND,208,6592,59453,17/01/2019,06:52:01,15,0,33.4,1.0,3.2,3.1,2,1,1.00,CYCLE,S
IND,208,6592,59453,17/01/2019,06:52:01,15,0,34.2,1.0,0.4,0.3,2,1,1.00,CYCLE,S
IND,208,6592,59453,17/01/2019,06:52:36,15,0,30.3,1.0,35.4,35.3,2,1,1.00,CYCLE,S
IND,208,6592,59453,17/01/2019,06:52:37,15,0,30.5,1.0,0.9,0.7,2,1,1.00,CYCLE,S
IND,208,6592,59453,17/01/2019,06:52:38,15,0,30.6,1.0,0.6,0.5,2,1,1.00,CYCLE,S
IND,208,6592,59453,17/01/2019,06:52:41,15,0,32.0,1.0,3.4,3.3,2,1,1.00,CYCLE,S
IND,208,6592,59453,17/01/2019,06:52:42,15,0,26.6,1.1,1.0,0.9,2,1,1.00,CYCLE,S
IND,208,6592,59453,17/01/2019,06:52:45,15,0,31.8,1.0,2.9,2.8,2,1,1.00,CYCLE,S
IND,208,6592,59453,17/01/2019,06:52:47,15,0,26.5,1.0,1.6,1.5,2,1,0.57,CYCLE,S
IND,208,6592,59453,17/01/2019,06:52:48,15,0,27.7,1.0,1.2,0.9,2,1,1.00,CYCLE,S
IND,208,6592,59453,17/01/2019,06:52:50,15,0,25.8,1.0,1.9,1.8,2,1,1.00,CYCLE,S
IND,208,6592,59453,17/01/2019,06:52:51,15,0,20.2,1.1,1.3,1.1,2,1,1.00,CYCLE,S
IND,208,6592,59453,17/01/2019,06:52:55,15,0,21.0,1.1,4.4,4.2,2,1,1.00,CYCLE,S
IND,208,6592,59453,17/01/2019,06:52:56,15,0,19.5,1.0,0.7,0.5,2,1,1.00,CYCLE,S
IND,208,6592,59453,17/01/2019,06:53:27,15,0,24.1,1.0,31.1,30.9,2,1,1.00,CYCLE,S
IND,208,6592,59453,17/01/2019,06:53:30,15,0,31.6,1.1,2.9,2.8,2,1,1.00,CYCLE,S
IND,208,6592,59453,17/01/2019,06:53:32,15,0,32.6,1.0,1.9,1.8,2,1,1.00,CYCLE,S
IND,208,6592,59453,17/01/2019,06:53:37,15,0,29.5,1.1,4.5,4.4,2,1,1.00,CYCLE,S
IND,208,6592,59453,17/01/2019,06:53:38,15,0,29.1,1.0,1.3,1.1,2,1,1.00,CYCLE,S
IND,208,6592,59453,17/01/2019,06:53:40,15,0,29.1,1.1,2.6,2.4,2,1,1.00,CYCLE,S
IND,208,6592,59452,17/01/2019,06:53:58,15,1,27.5,1.0,193.9,192.7,2,1,1.00,CYCLE,N
IND,208,6592,59453,17/01/2019,06:54:34,15,0,33.7,1.1,53.7,53.6,2,1,1.00,CYCLE,S
IND,208,6592,59453,17/01/2019,06:54:35,15,0,28.9,1.0,1.1,1.0,2,1,1.00,CYCLE,S
IND,208,6592,59453,17/01/2019,06:54:41,15,0,24.9,1.0,6.0,5.8,2,1,1.00,CYCLE,S
IND,208,6592,59453,17/01/2019,06:54:42,15,0,29.7,1.0,1.0,0.8,2,1,1.00,CYCLE,S
IND,208,6592,59453,17/01/2019,06:54:43,15,0,24.7,1.0,0.9,0.8,2,1,1.00,CYCLE,S
IND,208,6592,59453,17/01/2019,06:54:44,15,0,23.8,1.1,1.3,1.2,2,1,1.00,CYCLE,S
IND,208,6592,59453,17/01/2019,06:54:47,15,0,25.2,1.0,2.3,2.2,2,1,1.00,CYCLE,S
IND,208,6592,59453,17/01/2019,06:54:47,15,0,25.2,1.0,0.0,0.0,2,1,1.00,CYCLE,S
IND,208,6592,59453,17/01/2019,06:54:49,15,0,28.0,1.0,2.3,2.1,2,1,1.00,CYCLE,S
IND,208,6592,59453,17/01/2019,06:55:17,15,0,29.7,1.0,28.3,28.2,2,1,1.00,CYCLE,S
IND,208,6592,59453,17/01/2019,06:55:19,15,0,35.0,1.0,1.8,1.7,2,1,1.00,CYCLE,S
IND,208,6592,59453,17/01/2019,06:55:24,15,0,36.8,1.0,4.0,3.1,2,1,1.00,CYCLE,S
IND,208,6592,59453,17/01/2019,06:55:24,15,0,27.3,1.1,0.8,0.7,2,1,1.00,CYCLE,S
IND,208,6592,59453,17/01/2019,06:55:25,15,0,28.3,1.0,0.9,0.8,2,1,1.00,CYCLE,S
IND,208,6592,59453,17/01/2019,06:55:27,15,0,27.4,1.0,2.0,1.8,2,1,1.00,CYCLE,S
IND,208,6592,59453,17/01/2019,06:55:28,15,0,32.1,1.0,0.6,0.5,2,1,1.00,CYCLE,S
IND,208,6592,59453,17/01/2019,06:55:29,15,0,27.3,1.0,1.3,1.2,2,1,1.00,CYCLE,S
IND,208,6592,59453,17/01/2019,06:55:31,15,0,27.1,1.1,1.7,1.6,2,1,1.00,CYCLE,S
IND,208,6592,59453,17/01/2019,06:55:37,15,0,15.8,1.0,5.8,5.7,2,1,1.00,CYCLE,S
IND,208,6592,59452,17/01/2019,06:55:40,15,1,27.9,1.0,18.3,17.7,2,1,1.00,CYCLE,N
IND,208,6592,59453,17/01/2019,06:55:48,15,0,29.4,1.1,10.8,10.5,2,1,1.00,CYCLE,S
IND,208,6592,59452,17/01/2019,06:55:48,15,1,28.7,1.0,8.1,8.0,2,1,1.00,CYCLE,N
IND,208,6592,59453,17/01/2019,06:55:56,15,0,22.5,1.1,8.7,8.6,2,1,1.00,CYCLE,S
IND,208,6592,59453,17/01/2019,06:56:22,15,0,30.6,1.0,25.6,25.4,2,1,1.00,CYCLE,S
IND,208,6592,59453,17/01/2019,06:56:41,15,0,27.9,1.1,19.2,19.1,2,1,1.00,CYCLE,S
IND,208,6592,59453,17/01/2019,06:56:44,15,0,25.5,1.1,3.1,3.0,2,1,1.00,CYCLE,S
IND,208,6592,59453,17/01/2019,06:56:50,15,0,22.0,1.1,5.7,5.5,2,1,1.00,CYCLE,S
IND,208,6592,59453,17/01/2019,06:56:52,15,0,24.7,1.0,2.1,1.9,2,1,1.00,CYCLE,S
IND,208,6592,59453,17/01/2019,06:56:53,15,0,21.7,1.0,0.7,0.6,2,1,1.00,CYCLE,S
IND,208,6592,59453,17/01/2019,06:56:53,15,0,16.9,1.1,0.3,0.1,2,1,1.00,CYCLE,S
IND,208,6592,59453,17/01/2019,06:56:54,15,0,23.7,1.0,0.8,0.5,2,1,1.00,CYCLE,S
IND,208,6592,59453,17/01/2019,06:57:00,15,0,21.5,1.1,6.4,6.3,2,1,1.00,CYCLE,S
IND,208,6592,59453,17/01/2019,06:57:12,15,0,11.2,1.0,12.4,12.2,2,1,0.80,CYCLE,S
IND,208,6592,59453,17/01/2019,06:57:19,15,0,24.3,1.1,6.2,5.9,2,1,1.00,CYCLE,S
IND,208,6592,59453,17/01/2019,06:57:19,15,0,24.9,1.0,0.5,0.3,2,1,1.00,CYCLE,S
IND,208,6592,59453,17/01/2019,06:57:20,15,0,24.9,1.0,0.4,0.2,2,1,1.00,CYCLE,S
IND,208,6592,59453,17/01/2019,06:57:22,15,0,23.3,1.0,2.0,1.8,2,1,1.00,CYCLE,S
IND,208,6592,59453,17/01/2019,06:57:25,15,0,33.5,1.0,3.0,2.9,2,1,1.00,CYCLE,S
IND,208,6592,59452,17/01/2019,06:57:58,15,1,25.7,1.1,129.6,129.5,2,1,1.00,CYCLE,N
IND,208,6592,59453,17/01/2019,06:58:20,15,0,29.0,1.1,55.3,55.2,2,1,1.00,CYCLE,S
IND,208,6592,59453,17/01/2019,06:58:25,15,0,31.1,1.1,5.4,5.3,2,1,1.00,CYCLE,S
IND,208,6592,59453,17/01/2019,06:58:26,15,0,30.2,1.0,0.7,0.5,2,1,1.00,CYCLE,S
IND,208,6592,59453,17/01/2019,06:58:30,15,0,31.9,1.0,3.6,3.5,2,1,1.00,CYCLE,S
IND,208,6592,59453,17/01/2019,06:58:31,15,0,31.4,1.1,0.9,0.8,2,1,1.00,CYCLE,S
IND,208,6592,59453,17/01/2019,06:58:33,15,0,35.3,1.0,2.6,2.4,2,1,1.00,CYCLE,S
IND,208,6592,59453,17/01/2019,06:58:34,15,0,23.8,1.0,1.2,1.1,2,1,0.67,CYCLE,S
IND,208,6592,59453,17/01/2019,06:58:34,15,0,23.8,1.0,0.0,0.0,2,1,0.67,CYCLE,S
IND,208,6592,59453,17/01/2019,06:58:34,15,0,23.8,1.0,0.0,0.0,2,1,0.67,CYCLE,S
IND,208,6592,59453,17/01/2019,06:58:37,15,0,27.4,1.0,2.9,2.0,2,1,1.00,CYCLE,S
IND,208,6592,59453,17/01/2019,06:58:38,15,0,31.3,1.0,0.7,0.6,2,1,1.00,CYCLE,S
IND,208,6592,59453,17/01/2019,06:58:39,15,0,22.8,1.1,0.9,0.7,2,1,1.00,CYCLE,S
IND,208,6592,59453,17/01/2019,06:58:40,15,0,24.8,1.0,1.1,1.0,2,1,1.00,CYCLE,S
IND,208,6592,59453,17/01/2019,06:58:40,15,0,24.8,1.0,0.0,0.0,2,1,1.00,CYCLE,S
IND,208,6592,59453,17/01/2019,06:58:44,15,0,21.8,1.0,4.1,3.8,2,1,1.00,CYCLE,S
IND,208,6592,59453,17/01/2019,06:58:45,15,0,20.6,1.0,0.8,0.6,2,1,1.00,CYCLE,S
IND,208,6592,59453,17/01/2019,06:59:10,15,0,30.3,1.0,25.1,24.9,2,1,1.00,CYCLE,S
IND,208,6592,59453,17/01/2019,06:59:13,15,0,29.9,1.1,2.8,2.7,2,1,1.00,CYCLE,S
IND,208,6592,59453,17/01/2019,06:59:13,15,0,28.2,1.0,0.2,0.1,2,1,1.00,CYCLE,S
IND,208,6592,59453,17/01/2019,06:59:14,15,0,32.1,1.0,0.8,0.7,2,1,1.00,CYCLE,S
IND,208,6592,59453,17/01/2019,06:59:15,15,0,30.9,1.1,1.6,1.5,2,1,1.00,CYCLE,S
IND,208,6592,59453,17/01/2019,06:59:17,15,0,27.0,1.0,1.4,1.3,2,1,1.00,CYCLE,S
IND,208,6592,59453,17/01/2019,06:59:21,15,0,24.2,1.1,4.7,4.6,2,1,1.00,CYCLE,S
IND,208,6592,59453,17/01/2019,06:59:22,15,0,23.3,1.1,0.8,0.7,2,1,1.00,CYCLE,S
IND,208,6592,59453,17/01/2019,06:59:31,15,0,26.5,1.1,8.3,8.1,2,1,1.00,CYCLE,S
IND,208,6592,59453,17/01/2019,06:59:36,15,0,34.3,1.0,5.6,5.5,2,1,1.00,CYCLE,S
IND,208,6592,59453,17/01/2019,06:59:41,15,0,36.2,1.0,4.7,4.6,2,1,1.00,CYCLE,S
IND,208,6592,59452,17/01/2019,06:59:47,15,1,28.0,1.1,109.5,109.3,2,1,1.00,CYCLE,N
IND,208,6592,59453,17/01/2019,06:59:59,15,0,29.6,1.1,18.6,18.5,2,1,1.00,CYCLE,S
IND,208,6592,59453,17/01/2019,07:00:25,15,0,25.7,1.0,25.8,25.7,2,1,1.00,CYCLE,S
IND,208,6592,59453,17/01/2019,07:00:26,15,0,27.8,1.0,1.0,0.9,2,1,1.00,CYCLE,S
IND,208,6592,59453,17/01/2019,07:00:27,15,0,28.2,1.0,0.7,0.6,2,1,1.00,CYCLE,S
IND,208,6592,59453,17/01/2019,07:00:43,15,0,20.6,1.0,15.8,15.7,2,1,1.00,CYCLE,S
IND,208,6592,59453,17/01/2019,07:00:45,15,0,20.8,1.0,1.9,1.7,2,1,1.00,CYCLE,S
IND,208,6592,59453,17/01/2019,07:01:02,15,0,31.6,1.0,16.9,16.8,2,1,1.00,CYCLE,S
IND,208,6592,59453,17/01/2019,07:01:02,15,0,31.2,1.1,0.5,0.4,2,1,1.00,CYCLE,S
IND,208,6592,59453,17/01/2019,07:01:03,15,0,32.9,1.1,1.3,1.2,2,1,1.00,CYCLE,S
IND,208,6592,59453,17/01/2019,07:01:04,15,0,27.2,1.1,0.2,0.1,2,1,1.00,CYCLE,S
IND,208,6592,59453,17/01/2019,07:01:06,15,0,26.7,1.1,2.1,2.0,2,1,1.00,CYCLE,S
IND,208,6592,59453,17/01/2019,07:01:07,15,0,26.7,1.0,0.9,0.7,2,1,1.00,CYCLE,S
IND,208,6592,59453,17/01/2019,07:01:08,15,0,27.7,1.1,1.7,1.6,2,1,1.00,CYCLE,S
IND,208,6592,59453,17/01/2019,07:01:09,15,0,25.3,1.0,0.6,0.6,2,1,0.57,CYCLE,S
IND,208,6592,59453,17/01/2019,07:01:26,15,0,33.6,1.0,16.7,16.5,2,1,1.00,CYCLE,S
IND,208,6592,59453,17/01/2019,07:01:32,15,0,30.5,1.0,6.4,6.3,2,1,1.00,CYCLE,S
IND,208,6592,59453,17/01/2019,07:01:34,15,0,33.6,1.1,2.2,2.0,2,1,1.00,CYCLE,S
IND,208,6592,59453,17/01/2019,07:01:37,15,0,23.6,1.0,2.7,2.6,2,1,1.00,CYCLE,S
IND,208,6592,59452,17/01/2019,07:01:42,15,1,30.8,1.0,114.7,114.5,2,1,1.00,CYCLE,N
IND,208,6592,59452,17/01/2019,07:01:43,15,1,30.4,1.1,1.1,1.0,2,1,1.00,CYCLE,N
IND,208,6592,59452,17/01/2019,07:01:47,15,1,29.4,1.1,3.6,3.5,2,1,1.00,CYCLE,N
IND,208,6592,59453,17/01/2019,07:02:09,15,0,26.2,1.1,31.9,31.8,2,1,1.00,CYCLE,S
IND,208,6592,59453,17/01/2019,07:02:30,15,0,23.1,1.0,21.4,21.3,2,1,1.00,CYCLE,S
IND,208,6592,59453,17/01/2019,07:02:31,15,0,30.4,1.0,0.8,0.7,2,1,0.50,CYCLE,S
IND,208,6592,59452,17/01/2019,07:02:31,15,1,30.4,1.0,0.0,0.0,2,1,0.50,CYCLE,N
IND,208,6592,59453,17/01/2019,07:02:32,15,0,26.0,1.1,1.3,1.1,2,1,1.00,CYCLE,S
IND,208,6592,59453,17/01/2019,07:02:33,15,0,28.7,1.0,0.8,0.6,2,1,1.00,CYCLE,S
IND,208,6592,59453,17/01/2019,07:02:33,15,0,22.9,1.0,0.2,0.1,2,1,1.00,CYCLE,S
IND,208,6592,59453,17/01/2019,07:02:34,15,0,28.7,1.0,0.5,0.4,2,1,1.00,CYCLE,S
IND,208,6592,59453,17/01/2019,07:02:34,15,0,23.1,1.1,0.4,0.3,2,1,1.00,CYCLE,S
IND,208,6592,59453,17/01/2019,07:02:35,15,0,23.9,1.0,0.7,0.5,2,1,1.00,CYCLE,S
IND,208,6592,59453,17/01/2019,07:02:37,15,0,27.2,1.1,1.8,1.6,2,1,1.00,CYCLE,S
IND,208,6592,59453,17/01/2019,07:02:39,15,0,25.7,1.0,2.3,2.1,2,1,1.00,CYCLE,S
IND,208,6592,59453,17/01/2019,07:02:40,15,0,21.2,1.0,0.9,0.7,2,1,1.00,CYCLE,S
IND,208,6592,59453,17/01/2019,07:02:40,15,0,25.0,1.0,0.3,0.1,2,1,1.00,CYCLE,S
IND,208,6592,59453,17/01/2019,07:02:59,15,0,25.2,1.1,18.3,18.2,2,1,1.00,CYCLE,S
IND,208,6592,59453,17/01/2019,07:03:17,15,0,29.7,1.0,18.3,18.1,2,1,1.00,CYCLE,S
IND,208,6592,59452,17/01/2019,07:03:30,15,1,20.4,1.1,103.3,103.2,2,1,1.00,CYCLE,N
IND,208,6592,59453,17/01/2019,07:03:42,15,0,30.2,1.1,25.2,25.1,2,1,1.00,CYCLE,S
IND,208,6592,59453,17/01/2019,07:03:44,15,0,33.4,1.0,1.5,1.4,2,1,1.00,CYCLE,S
IND,208,6592,59453,17/01/2019,07:03:44,15,0,34.1,1.1,0.3,0.2,2,1,1.00,CYCLE,S
IND,208,6592,59453,17/01/2019,07:03:45,15,0,26.3,1.0,0.6,0.5,2,1,1.00,CYCLE,S
IND,208,6592,59453,17/01/2019,07:03:45,15,0,26.3,1.0,0.0,0.0,2,1,1.00,CYCLE,S
IND,208,6592,59453,17/01/2019,07:03:47,15,0,25.1,1.1,2.6,2.4,2,1,1.00,CYCLE,S
IND,208,6592,59453,17/01/2019,07:03:48,15,0,24.5,1.1,0.4,0.3,2,1,1.00,CYCLE,S
IND,208,6592,59453,17/01/2019,07:03:48,15,0,30.8,1.0,0.3,0.1,2,1,1.00,CYCLE,S
IND,208,6592,59453,17/01/2019,07:03:57,15,0,33.9,1.1,9.1,9.0,2,1,1.00,CYCLE,S
IND,208,6592,59453,17/01/2019,07:03:57,15,0,27.1,1.1,0.3,0.2,2,1,1.00,CYCLE,S
IND,208,6592,59452,17/01/2019,07:04:02,15,1,25.3,1.0,32.0,31.8,2,1,1.00,CYCLE,N
IND,208,6592,59453,17/01/2019,07:04:28,15,0,26.5,1.1,30.7,30.5,2,1,1.00,CYCLE,S
IND,208,6592,59453,17/01/2019,07:04:31,15,0,19.0,1.2,3.2,3.0,2,1,1.00,CYCLE,S
IND,208,6592,59453,17/01/2019,07:04:32,15,0,26.1,1.0,1.0,0.8,2,1,1.00,CYCLE,S
IND,208,6592,59453,17/01/2019,07:04:33,15,0,27.1,1.1,1.0,0.9,2,1,1.00,CYCLE,S
IND,208,6592,59453,17/01/2019,07:04:35,15,0,25.5,1.1,1.2,1.1,2,1,1.00,CYCLE,S
IND,208,6592,59453,17/01/2019,07:04:35,15,0,25.7,1.1,0.5,0.4,2,1,1.00,CYCLE,S
IND,208,6592,59453,17/01/2019,07:04:36,15,0,25.2,1.0,0.9,0.8,2,1,1.00,CYCLE,S
IND,208,6592,59453,17/01/2019,07:04:36,15,0,25.5,1.1,0.5,0.4,2,1,1.00,CYCLE,S
IND,208,6592,59453,17/01/2019,07:04:37,15,0,20.9,1.0,0.4,0.2,2,1,1.00,CYCLE,S
IND,208,6592,59453,17/01/2019,07:04:38,15,0,24.0,1.0,0.8,0.6,2,1,1.00,CYCLE,S
IND,208,6592,59453,17/01/2019,07:04:41,15,0,21.4,1.0,3.6,3.4,2,1,1.00,CYCLE,S
IND,208,6592,59453,17/01/2019,07:04:44,15,0,23.6,1.1,2.4,2.2,2,1,1.00,CYCLE,S
IND,208,6592,59453,17/01/2019,07:04:51,15,0,19.0,1.0,7.4,7.2,2,1,1.00,CYCLE,S
IND,208,6592,59453,17/01/2019,07:05:08,15,0,26.6,1.0,16.8,16.6,2,1,1.00,CYCLE,S
IND,208,6592,59453,17/01/2019,07:05:08,15,0,36.4,1.0,0.2,0.1,2,1,1.00,CYCLE,S
IND,208,6592,59453,17/01/2019,07:05:09,15,0,32.6,1.0,0.9,0.8,2,1,1.00,CYCLE,S
IND,208,6592,59453,17/01/2019,07:05:10,15,0,31.5,1.0,0.9,0.8,2,1,0.56,CYCLE,S
IND,208,6592,59453,17/01/2019,07:05:10,15,0,31.5,1.0,0.0,0.0,2,1,0.56,CYCLE,S
IND,208,6592,59453,17/01/2019,07:05:11,15,0,27.1,1.0,1.3,0.3,2,1,1.00,CYCLE,S
IND,208,6592,59453,17/01/2019,07:05:16,15,0,24.3,1.0,5.2,5.1,2,1,1.00,CYCLE,S
IND,208,6592,59453,17/01/2019,07:05:42,15,0,27.3,1.1,25.6,25.5,2,1,1.00,CYCLE,S
IND,208,6592,59453,17/01/2019,07:05:43,15,0,27.6,1.0,0.9,0.8,2,1,1.00,CYCLE,S
IND,208,6592,59453,17/01/2019,07:05:45,15,0,30.1,1.1,2.0,1.8,2,1,1.00,CYCLE,S
IND,208,6592,59453,17/01/2019,07:05:49,15,0,25.1,1.1,4.1,3.9,2,1,1.00,CYCLE,S
IND,208,6592,59453,17/01/2019,07:05:52,15,0,30.4,1.0,3.0,2.8,2,1,1.00,CYCLE,S
IND,208,6592,59453,17/01/2019,07:05:52,15,0,27.2,1.1,0.2,0.1,2,1,1.00,CYCLE,S
IND,208,6592,59453,17/01/2019,07:05:58,15,0,25.3,1.1,5.6,5.4,2,1,1.00,CYCLE,S
IND,208,6592,59452,17/01/2019,07:06:07,15,1,21.0,1.0,125.0,124.9,2,1,1.00,CYCLE,N
IND,208,6592,59453,17/01/2019,07:06:26,15,0,29.1,1.1,28.1,28.0,2,1,1.00,CYCLE,S
IND,208,6592,59453,17/01/2019,07:06:27,15,0,30.2,1.0,0.8,0.6,2,1,1.00,CYCLE,S
IND,208,6592,59453,17/01/2019,07:06:27,15,0,24.7,1.0,0.4,0.3,2,1,1.00,CYCLE,S
IND,208,6592,59453,17/01/2019,07:06:33,15,0,20.6,1.1,4.0,3.9,2,1,1.00,CYCLE,S
IND,208,6592,59453,17/01/2019,07:06:35,15,0,22.6,1.2,1.8,1.6,2,1,1.00,CYCLE,S
IND,208,6592,59453,17/01/2019,07:06:36,15,0,23.0,1.1,0.8,0.6,2,1,1.00,CYCLE,S
IND,208,6592,59453,17/01/2019,07:06:39,15,0,22.7,1.1,3.1,2.9,2,1,1.00,CYCLE,S
IND,208,6592,59453,17/01/2019,07:06:43,15,0,18.2,1.0,3.7,3.5,2,1,1.00,CYCLE,S
IND,208,6592,59453,17/01/2019,07:07:03,15,0,25.8,1.0,20.2,20.0,2,1,1.00,CYCLE,S
IND,208,6592,59453,17/01/2019,07:07:04,15,0,29.0,1.0,1.0,0.9,2,1,1.00,CYCLE,S
IND,208,6592,59453,17/01/2019,07:07:09,15,0,32.6,1.0,5.3,5.2,2,1,1.00,CYCLE,S
IND,208,6592,59453,17/01/2019,07:07:13,15,0,23.7,1.0,4.0,3.9,2,1,1.00,CYCLE,S
IND,208,6592,59453,17/01/2019,07:07:16,15,0,30.0,1.0,2.6,2.5,2,1,1.00,CYCLE,S
IND,208,6592,59453,17/01/2019,07:07:23,15,0,29.3,1.0,7.4,7.3,2,1,1.00,CYCLE,S
IND,208,6592,59453,17/01/2019,07:07:27,15,0,28.5,1.0,4.0,3.9,2,1,1.00,CYCLE,S
IND,208,6592,59453,17/01/2019,07:07:28,15,0,28.1,1.1,0.9,0.8,2,1,1.00,CYCLE,S
IND,208,6592,59453,17/01/2019,07:07:30,15,0,30.5,1.0,1.6,1.5,2,1,1.00,CYCLE,S
IND,208,6592,59452,17/01/2019,07:07:33,15,1,29.1,1.0,1.6,1.5,2,1,1.00,CYCLE,N
IND,208,6592,59453,17/01/2019,07:07:42,15,0,26.5,1.0,12.5,12.4,2,1,1.00,CYCLE,S
IND,208,6592,59453,17/01/2019,07:07:43,15,0,25.4,1.0,0.7,0.6,2,1,0.57,CYCLE,S
IND,208,6592,59453,17/01/2019,07:07:43,15,0,25.4,1.0,0.0,0.0,2,1,0.57,CYCLE,S
IND,208,6592,59453,17/01/2019,07:07:48,15,0,22.0,1.1,4.7,4.5,2,1,1.00,CYCLE,S
IND,208,6592,59453,17/01/2019,07:08:22,15,0,31.3,1.1,33.9,33.7,2,1,1.00,CYCLE,S
IND,208,6592,59453,17/01/2019,07:08:23,15,0,26.7,1.1,1.7,1.6,2,1,1.00,CYCLE,S
IND,208,6592,59453,17/01/2019,07:08:24,15,0,36.1,1.1,0.6,0.4,2,1,1.00,CYCLE,S
IND,208,6592,59453,17/01/2019,07:08:25,15,0,33.6,1.1,1.2,1.1,2,1,1.00,CYCLE,S
IND,208,6592,59453,17/01/2019,07:08:27,15,0,33.6,1.0,1.5,1.4,2,1,1.00,CYCLE,S
IND,208,6592,59453,17/01/2019,07:08:28,15,0,23.0,1.0,1.1,1.0,2,1,1.00,CYCLE,S
IND,208,6592,59453,17/01/2019,07:08:30,15,0,24.8,1.0,1.7,1.5,2,1,1.00,CYCLE,S
IND,208,6592,59453,17/01/2019,07:08:31,15,0,30.7,1.0,1.3,1.1,2,1,1.00,CYCLE,S
IND,208,6592,59453,17/01/2019,07:08:37,15,0,24.0,1.0,5.9,5.8,2,1,1.00,CYCLE,S
IND,208,6592,59453,17/01/2019,07:08:37,15,0,24.0,1.0,0.0,0.0,2,1,1.00,CYCLE,S
IND,208,6592,59453,17/01/2019,07:08:37,15,0,24.0,1.0,0.0,0.0,2,1,1.00,CYCLE,S
IND,208,6592,59453,17/01/2019,07:08:38,15,0,24.2,1.0,1.1,0.5,2,1,1.00,CYCLE,S
IND,208,6592,59453,17/01/2019,07:08:40,15,0,25.3,1.0,2.0,1.9,2,1,1.00,CYCLE,S
IND,208,6592,59453,17/01/2019,07:08:41,15,0,23.9,1.1,1.2,1.0,2,1,1.00,CYCLE,S
IND,208,6592,59452,17/01/2019,07:08:41,15,1,24.2,1.0,68.7,68.6,2,1,0.33,CYCLE,N
IND,208,6592,59453,17/01/2019,07:08:43,15,0,21.8,1.0,1.7,1.5,2,1,1.00,CYCLE,S
IND,208,6592,59453,17/01/2019,07:09:28,15,0,32.6,1.0,45.0,44.9,2,1,1.00,CYCLE,S
IND,208,6592,59453,17/01/2019,07:09:28,15,0,32.5,1.0,0.6,0.5,2,1,1.00,CYCLE,S
IND,208,6592,59453,17/01/2019,07:09:29,15,0,31.8,1.0,0.5,0.3,2,1,1.00,CYCLE,S
IND,208,6592,59453,17/01/2019,07:09:34,15,0,22.5,1.1,5.0,4.9,2,1,1.00,CYCLE,S
IND,208,6592,59453,17/01/2019,07:09:35,15,0,24.8,1.1,1.3,1.1,2,1,1.00,CYCLE,S
IND,208,6592,59453,17/01/2019,07:09:36,15,0,34.8,1.0,1.3,1.2,2,1,1.00,CYCLE,S
IND,208,6592,59453,17/01/2019,07:09:50,15,0,36.4,1.0,13.1,13.0,2,1,1.00,CYCLE,S
IND,208,6592,59453,17/01/2019,07:09:53,15,0,31.2,1.1,3.0,2.9,2,1,1.00,CYCLE,S
IND,208,6592,59453,17/01/2019,07:09:54,15,0,24.9,1.0,1.9,1.7,2,1,1.00,CYCLE,S
IND,208,6592,59453,17/01/2019,07:09:55,15,0,25.1,1.0,0.8,0.7,2,1,1.00,CYCLE,S
IND,208,6592,59453,17/01/2019,07:09:56,15,0,25.0,1.0,0.5,0.3,2,1,1.00,CYCLE,S
IND,208,6592,59452,17/01/2019,07:09:56,15,1,25.8,1.0,75.1,74.9,2,1,1.00,CYCLE,N
IND,208,6592,59452,17/01/2019,07:09:56,15,1,25.8,1.0,0.0,0.0,2,1,1.00,CYCLE,N
IND,208,6592,59453,17/01/2019,07:10:03,15,0,22.0,1.1,7.1,7.0,2,1,1.00,CYCLE,S
IND,208,6592,59453,17/01/2019,07:10:18,15,0,27.7,1.1,15.4,15.2,2,1,1.00,CYCLE,S
IND,208,6592,59453,17/01/2019,07:10:24,15,0,28.6,1.0,6.0,5.9,2,1,1.00,CYCLE,S
IND,208,6592,59453,17/01/2019,07:10:25,15,0,27.3,1.0,0.6,0.5,2,1,1.00,CYCLE,S
IND,208,6592,59453,17/01/2019,07:10:25,15,0,26.9,1.1,0.6,0.5,2,1,1.00,CYCLE,S
IND,208,6592,59453,17/01/2019,07:10:29,15,0,30.1,1.0,3.8,3.7,2,1,1.00,CYCLE,S
IND,208,6592,59453,17/01/2019,07:10:30,15,0,24.6,1.1,0.8,0.6,2,1,1.00,CYCLE,S
IND,208,6592,59453,17/01/2019,07:10:31,15,0,25.4,1.0,1.2,1.1,2,1,1.00,CYCLE,S
IND,208,6592,59453,17/01/2019,07:10:32,15,0,26.3,1.0,0.6,0.4,2,1,1.00,CYCLE,S
IND,208,6592,59453,17/01/2019,07:10:34,15,0,26.2,1.0,2.0,1.9,2,1,1.00,CYCLE,S
IND,208,6592,59453,17/01/2019,07:10:34,15,0,28.5,1.1,0.6,0.5,2,1,1.00,CYCLE,S
IND,208,6592,59453,17/01/2019,07:10:35,15,0,26.4,1.0,0.2,0.1,2,1,1.00,CYCLE,S
IND,208,6592,59453,17/01/2019,07:10:35,15,0,21.3,1.0,0.2,0.1,2,1,1.00,CYCLE,S
IND,208,6592,59453,17/01/2019,07:10:36,15,0,21.3,1.1,0.7,0.6,2,1,1.00,CYCLE,S
IND,208,6592,59453,17/01/2019,07:10:37,15,0,28.0,1.0,1.5,1.3,2,1,1.00,CYCLE,S
IND,208,6592,59453,17/01/2019,07:10:37,15,0,21.6,1.0,0.3,0.1,2,1,1.00,CYCLE,S
IND,208,6592,59453,17/01/2019,07:10:38,15,0,23.1,1.1,1.0,0.8,2,1,1.00,CYCLE,S
IND,208,6592,59453,17/01/2019,07:10:59,15,0,28.5,1.0,21.0,20.9,2,1,1.00,CYCLE,S
IND,208,6592,59453,17/01/2019,07:11:01,15,0,31.5,1.1,1.1,1.0,2,1,1.00,CYCLE,S
IND,208,6592,59453,17/01/2019,07:11:03,15,0,27.6,1.0,2.2,2.1,2,1,1.00,CYCLE,S
IND,208,6592,59453,17/01/2019,07:11:04,15,0,24.3,1.0,1.1,1.0,2,1,1.00,CYCLE,S
IND,208,6592,59453,17/01/2019,07:11:06,15,0,23.0,1.0,2.4,2.2,2,1,1.00,CYCLE,S
IND,208,6592,59453,17/01/2019,07:11:10,15,0,21.3,1.1,3.6,3.4,2,1,1.00,CYCLE,S
IND,208,6592,59453,17/01/2019,07:11:22,15,0,25.8,1.0,12.0,11.8,2,1,1.00,CYCLE,S
IND,208,6592,59452,17/01/2019,07:11:43,15,1,33.7,1.0,106.3,106.1,2,1,1.00,CYCLE,N
IND,208,6592,59452,17/01/2019,07:11:43,15,1,29.3,1.1,0.4,0.3,2,1,1.00,CYCLE,N
IND,208,6592,59453,17/01/2019,07:11:49,15,0,31.3,1.0,26.7,26.6,2,1,1.00,CYCLE,S
IND,208,6592,59453,17/01/2019,07:11:52,15,0,28.1,1.0,3.4,3.3,2,1,1.00,CYCLE,S
IND,208,6592,59453,17/01/2019,07:11:54,15,0,28.6,1.1,1.9,1.8,2,1,1.00,CYCLE,S
IND,208,6592,59453,17/01/2019,07:11:59,15,0,21.3,1.1,4.8,4.7,2,1,1.00,CYCLE,S
IND,208,6592,59452,17/01/2019,07:12:02,15,1,24.3,1.0,18.6,18.5,2,1,1.00,CYCLE,N
IND,208,6592,59453,17/01/2019,07:12:02,15,0,32.2,1.0,3.4,3.2,2,1,1.00,CYCLE,S
IND,208,6592,59453,17/01/2019,07:12:21,15,0,30.2,1.1,18.4,18.3,2,1,1.00,CYCLE,S
IND,208,6592,59453,17/01/2019,07:12:22,15,0,26.0,1.0,1.1,1.0,2,1,1.00,CYCLE,S
IND,208,6592,59453,17/01/2019,07:12:27,15,0,27.4,1.1,5.3,5.1,2,1,1.00,CYCLE,S
IND,208,6592,59453,17/01/2019,07:12:29,15,0,26.6,1.0,2.3,2.1,2,1,1.00,CYCLE,S
IND,208,6592,59453,17/01/2019,07:12:29,15,0,24.6,1.1,0.3,0.1,2,1,1.00,CYCLE,S
IND,208,6592,59453,17/01/2019,07:12:30,15,0,28.2,1.0,0.3,0.1,2,1,1.00,CYCLE,S
IND,208,6592,59453,17/01/2019,07:12:30,15,0,28.2,1.0,0.0,0.0,2,1,1.00,CYCLE,S
IND,208,6592,59453,17/01/2019,07:12:30,15,0,24.2,1.1,0.8,0.6,2,1,1.00,CYCLE,S
IND,208,6592,59453,17/01/2019,07:12:32,15,0,24.9,1.0,2.0,1.8,2,1,1.00,CYCLE,S
IND,208,6592,59453,17/01/2019,07:12:35,15,0,24.1,1.0,2.2,2.1,2,1,1.00,CYCLE,S
IND,208,6592,59453,17/01/2019,07:12:35,15,0,23.7,1.0,0.8,0.6,2,1,1.00,CYCLE,S
IND,208,6592,59453,17/01/2019,07:12:36,15,0,27.6,1.0,0.8,0.7,2,1,0.50,CYCLE,S
IND,208,6592,59452,17/01/2019,07:12:36,15,1,27.6,1.0,0.0,0.0,2,1,0.50,CYCLE,N
IND,208,6592,59453,17/01/2019,07:12:37,15,0,26.5,1.1,0.8,0.4,2,1,1.00,CYCLE,S
IND,208,6592,59453,17/01/2019,07:12:38,15,0,25.5,1.0,1.0,0.8,2,1,1.00,CYCLE,S
IND,208,6592,59453,17/01/2019,07:12:39,15,0,27.9,1.0,1.3,1.2,2,1,1.00,CYCLE,S
IND,208,6592,59453,17/01/2019,07:12:41,15,0,23.0,1.1,1.5,1.3,2,1,1.00,CYCLE,S
IND,208,6592,59453,17/01/2019,07:12:41,15,0,22.9,1.0,0.5,0.4,2,1,1.00,CYCLE,S
IND,208,6592,59453,17/01/2019,07:12:43,15,0,24.2,1.0,1.4,1.3,2,1,1.00,CYCLE,S
IND,208,6592,59453,17/01/2019,07:12:44,15,0,23.5,1.1,1.6,1.4,2,1,1.00,CYCLE,S
IND,208,6592,59453,17/01/2019,07:12:46,15,0,24.1,1.0,1.6,1.4,2,1,1.00,CYCLE,S
IND,208,6592,59453,17/01/2019,07:12:49,15,0,22.8,1.0,3.1,3.0,2,1,1.00,CYCLE,S
IND,208,6592,59453,17/01/2019,07:12:59,15,0,32.1,1.1,9.7,9.5,2,1,1.00,CYCLE,S
IND,208,6592,59453,17/01/2019,07:13:00,15,0,30.9,1.0,1.4,1.3,2,1,1.00,CYCLE,S
IND,208,6592,59453,17/01/2019,07:13:01,15,0,29.2,1.1,0.5,0.4,2,1,1.00,CYCLE,S
IND,208,6592,59453,17/01/2019,07:13:07,15,0,27.4,1.1,6.4,6.2,2,1,1.00,CYCLE,S
IND,208,6592,59453,17/01/2019,07:13:09,15,0,39.4,1.0,1.8,1.7,2,1,1.00,CYCLE,S
IND,208,6592,59453,17/01/2019,07:13:09,15,0,34.7,1.0,0.5,0.5,2,1,1.00,CYCLE,S
IND,208,6592,59453,17/01/2019,07:13:11,15,0,27.4,1.1,1.3,1.2,2,1,1.00,CYCLE,S
IND,208,6592,59453,17/01/2019,07:13:15,15,0,32.7,1.0,4.0,3.9,2,1,1.00,CYCLE,S
IND,208,6592,59453,17/01/2019,07:13:25,15,0,25.0,1.1,10.3,10.2,2,1,1.00,CYCLE,S
IND,208,6592,59453,17/01/2019,07:13:39,15,0,31.7,1.1,13.5,13.4,2,1,1.00,CYCLE,S
IND,208,6592,59453,17/01/2019,07:13:53,15,0,25.6,1.0,14.8,14.7,2,1,1.00,CYCLE,S
IND,208,6592,59453,17/01/2019,07:13:55,15,0,22.5,1.1,1.8,1.7,2,1,1.00,CYCLE,S
IND,208,6592,59453,17/01/2019,07:13:59,15,0,25.3,1.0,3.9,3.7,2,1,1.00,CYCLE,S
IND,208,6592,59452,17/01/2019,07:14:02,15,1,30.5,1.0,119.8,119.7,2,1,1.00,CYCLE,N
IND,208,6592,59453,17/01/2019,07:14:20,15,0,31.0,1.0,20.9,20.8,2,1,1.00,CYCLE,S
IND,208,6592,59452,17/01/2019,07:14:21,15,1,23.9,1.1,19.1,19.0,2,1,1.00,CYCLE,N
IND,208,6592,59453,17/01/2019,07:14:22,15,0,33.7,1.1,1.5,1.4,2,1,1.00,CYCLE,S
IND,208,6592,59453,17/01/2019,07:14:26,15,0,29.3,1.0,4.0,3.9,2,1,1.00,CYCLE,S
IND,208,6592,59453,17/01/2019,07:14:28,15,0,31.4,1.0,2.5,2.4,2,1,1.00,CYCLE,S
IND,208,6592,59453,17/01/2019,07:14:31,15,0,30.3,1.0,3.4,3.3,2,1,0.60,CYCLE,S
IND,208,6592,59453,17/01/2019,07:14:35,15,0,23.1,1.0,4.1,3.6,2,1,1.00,CYCLE,S
IND,208,6592,59453,17/01/2019,07:14:38,15,0,19.5,1.1,3.0,2.8,2,1,1.00,CYCLE,S
IND,208,6592,59453,17/01/2019,07:14:39,15,0,20.2,1.0,1.0,0.8,2,1,1.00,CYCLE,S
IND,208,6592,59453,17/01/2019,07:14:59,15,0,31.6,1.0,19.2,19.0,2,1,1.00,CYCLE,S
IND,208,6592,59453,17/01/2019,07:15:00,15,0,28.3,1.0,0.9,0.8,2,1,1.00,CYCLE,S
IND,208,6592,59453,17/01/2019,07:15:04,15,0,22.5,1.1,4.5,4.4,2,1,1.00,CYCLE,S
IND,208,6592,59453,17/01/2019,07:15:04,15,0,29.9,1.0,0.5,0.3,2,1,1.00,CYCLE,S
IND,208,6592,59453,17/01/2019,07:15:12,15,0,30.0,1.1,7.5,7.3,2,1,1.00,CYCLE,S
IND,208,6592,59453,17/01/2019,07:15:31,15,0,21.9,1.1,18.9,18.7,2,1,1.00,CYCLE,S
IND,208,6592,59453,17/01/2019,07:15:42,15,0,32.1,1.1,11.0,10.8,2,1,1.00,CYCLE,S
IND,208,6592,59453,17/01/2019,07:15:44,15,0,39.6,1.0,2.2,2.1,2,1,1.00,CYCLE,S
IND,208,6592,59453,17/01/2019,07:15:45,15,0,33.7,1.1,1.1,1.0,2,1,1.00,CYCLE,S
IND,208,6592,59453,17/01/2019,07:15:48,15,0,29.6,1.0,2.7,2.6,2,1,1.00,CYCLE,S
IND,208,6592,59453,17/01/2019,07:15:49,15,0,26.4,1.1,1.1,1.0,2,1,1.00,CYCLE,S
IND,208,6592,59453,17/01/2019,07:15:50,15,0,25.7,1.0,0.7,0.6,2,1,1.00,CYCLE,S
IND,208,6592,59453,17/01/2019,07:15:54,15,0,25.5,1.0,4.2,4.0,2,1,1.00,CYCLE,S
IND,208,6592,59453,17/01/2019,07:15:59,15,0,22.6,1.0,4.8,4.6,2,1,1.00,CYCLE,S
IND,208,6592,59452,17/01/2019,07:16:07,15,1,27.1,1.0,106.2,106.1,2,1,1.00,CYCLE,N
IND,208,6592,59453,17/01/2019,07:16:17,15,0,26.4,1.1,17.0,17.0,2,1,1.00,CYCLE,S
IND,208,6592,59453,17/01/2019,07:16:25,15,0,26.3,1.1,7.2,7.0,2,1,1.00,CYCLE,S
IND,208,6592,59453,17/01/2019,07:16:27,15,0,20.2,1.1,2.3,2.1,2,1,1.00,CYCLE,S
IND,208,6592,59453,17/01/2019,07:16:30,15,0,26.2,1.0,3.0,2.8,2,1,1.00,CYCLE,S
IND,208,6592,59453,17/01/2019,07:16:30,15,0,26.2,1.0,0.0,0.0,2,1,1.00,CYCLE,S
IND,208,6592,59453,17/01/2019,07:16:30,15,0,26.2,1.0,0.0,0.0,2,1,1.00,CYCLE,S
IND,208,6592,59453,17/01/2019,07:16:32,15,0,25.0,0.9,2.2,1.6,2,1,1.00,CYCLE,S
IND,208,6592,59453,17/01/2019,07:16:34,15,0,24.2,1.0,2.4,2.3,2,1,1.00,CYCLE,S
IND,208,6592,59453,17/01/2019,07:16:35,15,0,25.4,1.0,1.1,1.0,2,1,1.00,CYCLE,S
IND,208,6592,59453,17/01/2019,07:16:37,15,0,24.6,1.0,1.1,0.9,2,1,1.00,CYCLE,S
IND,208,6592,59453,17/01/2019,07:16:39,15,0,20.3,1.1,2.6,2.4,2,1,1.00,CYCLE,S
IND,208,6592,59453,17/01/2019,07:16:40,15,0,20.1,1.1,0.9,0.7,2,1,1.00,CYCLE,S
IND,208,6592,59453,17/01/2019,07:16:43,15,0,19.2,1.1,2.6,2.4,2,1,1.00,CYCLE,S
IND,208,6592,59453,17/01/2019,07:17:00,15,0,25.5,1.1,17.0,16.7,2,1,1.00,CYCLE,S
IND,208,6592,59453,17/01/2019,07:17:00,15,0,25.4,1.1,0.6,0.5,2,1,1.00,CYCLE,S
IND,208,6592,59453,17/01/2019,07:17:05,15,0,27.8,1.0,4.3,4.2,2,1,1.00,CYCLE,S
IND,208,6592,59453,17/01/2019,07:17:50,15,0,25.3,1.1,45.6,45.4,2,1,1.00,CYCLE,S
IND,208,6592,59453,17/01/2019,07:17:52,15,0,28.4,1.0,1.9,1.8,2,1,1.00,CYCLE,S
IND,208,6592,59453,17/01/2019,07:18:22,15,0,27.6,1.0,29.9,29.8,2,1,1.00,CYCLE,S
IND,208,6592,59453,17/01/2019,07:18:26,15,0,26.4,1.0,3.6,3.4,2,1,1.00,CYCLE,S
IND,208,6592,59453,17/01/2019,07:18:27,15,0,33.8,1.0,1.2,1.0,2,1,1.00,CYCLE,S
IND,208,6592,59453,17/01/2019,07:18:28,15,0,26.0,1.0,0.8,0.7,2,1,1.00,CYCLE,S
IND,208,6592,59453,17/01/2019,07:18:28,15,0,26.0,1.0,0.0,0.0,2,1,1.00,CYCLE,S
IND,208,6592,59453,17/01/2019,07:18:30,15,0,22.5,1.0,2.2,2.0,2,1,1.00,CYCLE,S
IND,208,6592,59453,17/01/2019,07:18:33,15,0,25.9,0.8,3.6,3.4,2,1,1.00,CYCLE,S
IND,208,6592,59453,17/01/2019,07:18:37,15,0,22.4,1.1,3.3,3.2,2,1,1.00,CYCLE,S
IND,208,6592,59453,17/01/2019,07:18:38,15,0,18.4,1.1,1.8,1.6,2,1,1.00,CYCLE,S
IND,208,6592,59453,17/01/2019,07:18:58,15,0,28.0,1.1,19.6,19.4,2,1,1.00,CYCLE,S
IND,208,6592,59453,17/01/2019,07:18:59,15,0,31.1,1.1,0.9,0.8,2,1,1.00,CYCLE,S
IND,208,6592,59453,17/01/2019,07:19:00,15,0,26.1,1.1,0.6,0.5,2,1,1.00,CYCLE,S
IND,208,6592,59453,17/01/2019,07:19:00,15,0,30.8,1.0,0.8,0.7,2,1,1.00,CYCLE,S
IND,208,6592,59453,17/01/2019,07:19:05,15,0,27.4,1.1,4.7,4.6,2,1,1.00,CYCLE,S
IND,208,6592,59453,17/01/2019,07:19:05,15,0,22.6,1.1,0.2,0.1,2,1,1.00,CYCLE,S
IND,208,6592,59453,17/01/2019,07:19:08,15,0,25.1,1.0,3.1,2.9,2,1,1.00,CYCLE,S
IND,208,6592,59453,17/01/2019,07:19:12,15,0,24.8,1.1,4.0,3.9,2,1,1.00,CYCLE,S
IND,208,6592,59453,17/01/2019,07:19:14,15,0,32.8,1.0,1.3,1.1,2,1,1.00,CYCLE,S
IND,208,6592,59453,17/01/2019,07:19:14,15,0,19.1,1.0,0.7,0.7,2,1,0.44,CYCLE,S
IND,208,6592,59453,17/01/2019,07:19:14,15,0,19.1,1.0,0.0,0.0,2,1,0.44,CYCLE,S
IND,208,6592,59453,17/01/2019,07:19:16,15,0,19.3,1.0,1.1,0.6,2,1,1.00,CYCLE,S
IND,208,6592,59453,17/01/2019,07:19:20,15,0,18.5,1.1,4.1,3.9,2,1,1.00,CYCLE,S
IND,208,6592,59452,17/01/2019,07:19:39,15,1,4.1,0.5,211.8,211.9,2,1,0.80,CYCLE,N
IND,208,6592,59453,17/01/2019,07:19:43,15,0,20.7,1.1,23.0,22.8,2,1,1.00,CYCLE,S
IND,208,6592,59453,17/01/2019,07:19:43,15,0,21.8,1.0,0.5,0.3,2,1,1.00,CYCLE,S
IND,208,6592,59453,17/01/2019,07:19:52,15,0,28.3,1.0,8.9,8.7,2,1,1.00,CYCLE,S
IND,208,6592,59452,17/01/2019,07:19:55,15,1,29.8,1.0,16.5,16.2,2,1,1.00,CYCLE,N
IND,208,6592,59452,17/01/2019,07:20:03,15,1,26.3,1.0,7.3,7.2,2,1,1.00,CYCLE,N
IND,208,6592,59452,17/01/2019,07:20:03,15,1,26.3,1.0,0.0,0.0,2,1,1.00,CYCLE,N
IND,208,6592,59453,17/01/2019,07:20:22,15,0,27.5,1.0,29.7,29.6,2,1,1.00,CYCLE,S
IND,208,6592,59453,17/01/2019,07:20:26,15,0,27.9,1.0,3.9,3.8,2,1,1.00,CYCLE,S
IND,208,6592,59453,17/01/2019,07:20:26,15,0,26.9,1.0,0.8,0.7,2,1,1.00,CYCLE,S
IND,208,6592,59453,17/01/2019,07:20:29,15,0,26.8,1.1,2.2,2.1,2,1,1.00,CYCLE,S
IND,208,6592,59453,17/01/2019,07:20:32,15,0,24.8,1.0,3.0,2.9,2,1,1.00,CYCLE,S
IND,208,6592,59453,17/01/2019,07:20:34,15,0,25.0,1.1,1.9,1.7,2,1,1.00,CYCLE,S
IND,208,6592,59453,17/01/2019,07:20:37,15,0,19.3,1.1,3.1,3.0,2,1,1.00,CYCLE,S
IND,208,6592,59453,17/01/2019,07:20:59,15,0,31.6,1.1,21.8,21.6,2,1,1.00,CYCLE,S
IND,208,6592,59453,17/01/2019,07:20:59,15,0,28.7,1.0,0.8,0.7,2,1,1.00,CYCLE,S
IND,208,6592,59453,17/01/2019,07:21:24,15,0,25.3,1.0,24.8,24.7,2,1,1.00,CYCLE,S
IND,208,6592,59453,17/01/2019,07:21:27,15,0,33.5,1.0,2.3,2.2,2,1,1.00,CYCLE,S
IND,208,6592,59453,17/01/2019,07:21:31,15,0,24.9,1.0,4.1,4.0,2,1,1.00,CYCLE,S
IND,208,6592,59453,17/01/2019,07:21:37,15,0,21.7,1.0,6.5,6.3,2,1,1.00,CYCLE,S
IND,208,6592,59452,17/01/2019,07:21:38,15,1,30.7,1.0,95.2,94.8,2,1,1.00,CYCLE,N
IND,208,6592,59453,17/01/2019,07:21:38,15,0,23.4,1.0,1.4,1.2,2,1,1.00,CYCLE,S
IND,208,6592,59453,17/01/2019,07:21:39,15,0,36.0,1.0,0.8,0.7,2,1,1.00,CYCLE,S
IND,208,6592,59453,17/01/2019,07:21:43,15,0,29.4,1.0,3.6,3.5,2,1,1.00,CYCLE,S
IND,208,6592,59452,17/01/2019,07:22:06,15,1,21.6,1.1,28.1,28.0,2,1,1.00,CYCLE,N
IND,208,6592,59452,17/01/2019,07:22:06,15,1,23.9,1.2,0.4,0.2,2,1,1.00,CYCLE,N
IND,208,6592,59453,17/01/2019,07:22:35,15,0,34.5,1.0,51.6,51.5,2,1,1.00,CYCLE,S
IND,208,6592,59453,17/01/2019,07:22:40,15,0,29.0,1.0,5.7,5.6,2,1,1.00,CYCLE,S
IND,208,6592,59453,17/01/2019,07:22:43,15,0,29.6,1.0,2.3,2.2,2,1,1.00,CYCLE,S
IND,208,6592,59453,17/01/2019,07:22:44,15,0,31.0,1.1,1.7,1.6,2,1,1.00,CYCLE,S
IND,208,6592,59453,17/01/2019,07:22:45,15,0,25.0,1.0,0.8,0.7,2,1,1.00,CYCLE,S
IND,208,6592,59453,17/01/2019,07:22:46,15,0,30.9,1.0,0.7,0.5,2,1,1.00,CYCLE,S
IND,208,6592,59453,17/01/2019,07:22:46,15,0,30.2,1.1,0.5,0.4,2,1,1.00,CYCLE,S
IND,208,6592,59453,17/01/2019,07:22:48,15,0,22.6,1.1,1.4,1.3,2,1,1.00,CYCLE,S
IND,208,6592,59453,17/01/2019,07:22:49,15,0,25.6,1.0,0.8,0.7,2,1,1.00,CYCLE,S
IND,208,6592,59453,17/01/2019,07:22:49,15,0,26.3,1.0,0.5,0.3,2,1,1.00,CYCLE,S
IND,208,6592,59453,17/01/2019,07:22:56,15,0,21.1,1.1,6.9,6.7,2,1,1.00,CYCLE,S
IND,208,6592,59453,17/01/2019,07:23:12,15,0,31.8,1.0,16.2,16.0,2,1,1.00,CYCLE,S
IND,208,6592,59453,17/01/2019,07:23:12,15,0,32.9,1.1,0.3,0.2,2,1,1.00,CYCLE,S
IND,208,6592,59453,17/01/2019,07:23:14,15,0,26.7,1.0,1.7,1.6,2,1,1.00,CYCLE,S
IND,208,6592,59453,17/01/2019,07:23:15,15,0,27.0,1.0,0.5,0.4,2,1,1.00,CYCLE,S
IND,208,6592,59453,17/01/2019,07:23:16,15,0,29.4,1.1,1.1,0.9,2,1,1.00,CYCLE,S
IND,208,6592,59453,17/01/2019,07:23:16,15,0,29.8,1.0,0.3,0.1,2,1,1.00,CYCLE,S
IND,208,6592,59453,17/01/2019,07:23:18,15,0,27.5,1.1,2.3,2.2,2,1,1.00,CYCLE,S
IND,208,6592,59453,17/01/2019,07:23:21,15,0,29.9,1.1,3.0,2.8,2,1,1.00,CYCLE,S
IND,208,6592,59453,17/01/2019,07:23:23,15,0,27.0,1.0,1.8,1.6,2,1,1.00,CYCLE,S
IND,208,6592,59453,17/01/2019,07:23:23,15,0,26.5,1.1,0.3,0.2,2,1,1.00,CYCLE,S
IND,208,6592,59453,17/01/2019,07:23:24,15,0,26.5,1.1,0.6,0.4,2,1,1.00,CYCLE,S
IND,208,6592,59453,17/01/2019,07:23:25,15,0,25.8,1.1,1.1,0.9,2,1,1.00,CYCLE,S
IND,208,6592,59453,17/01/2019,07:23:29,15,0,28.6,1.0,3.7,3.6,2,1,1.00,CYCLE,S
IND,208,6592,59453,17/01/2019,07:23:37,15,0,29.5,1.1,7.9,7.8,2,1,1.00,CYCLE,S
IND,208,6592,59453,17/01/2019,07:23:37,15,0,30.2,1.0,0.5,0.4,2,1,1.00,CYCLE,S
IND,208,6592,59453,17/01/2019,07:23:38,15,0,26.9,1.0,1.1,0.9,2,1,1.00,CYCLE,S
IND,208,6592,59453,17/01/2019,07:23:49,15,0,23.0,1.1,11.1,11.0,2,1,1.00,CYCLE,S
IND,208,6592,59453,17/01/2019,07:23:54,15,0,18.9,1.1,4.5,4.4,2,1,1.00,CYCLE,S
IND,208,6592,59453,17/01/2019,07:24:09,15,0,25.6,1.0,15.0,14.8,2,1,1.00,CYCLE,S
IND,208,6592,59453,17/01/2019,07:24:21,15,0,31.4,1.0,11.8,11.7,2,1,1.00,CYCLE,S
IND,208,6592,59453,17/01/2019,07:24:23,15,0,29.1,1.0,1.9,1.7,2,1,1.00,CYCLE,S
IND,208,6592,59453,17/01/2019,07:24:28,15,0,26.9,1.0,5.1,4.9,2,1,1.00,CYCLE,S
IND,208,6592,59453,17/01/2019,07:24:30,15,0,30.7,1.0,2.0,1.9,2,1,1.00,CYCLE,S
IND,208,6592,59453,17/01/2019,07:24:30,15,0,28.3,1.1,0.4,0.2,2,1,1.00,CYCLE,S
IND,208,6592,59453,17/01/2019,07:24:31,15,0,24.1,1.0,1.0,0.9,2,1,1.00,CYCLE,S
IND,208,6592,59453,17/01/2019,07:24:32,15,0,26.3,1.0,0.9,0.8,2,1,1.00,CYCLE,S
IND,208,6592,59453,17/01/2019,07:24:33,15,0,24.6,1.1,1.4,1.3,2,1,1.00,CYCLE,S
IND,208,6592,59453,17/01/2019,07:24:35,15,0,25.2,1.0,1.9,1.8,2,1,1.00,CYCLE,S
IND,208,6592,59453,17/01/2019,07:24:47,15,0,16.7,1.0,12.1,12.0,2,1,1.00,CYCLE,S
IND,208,6592,59453,17/01/2019,07:25:02,15,0,23.3,1.0,14.3,14.1,2,1,1.00,CYCLE,S
IND,208,6592,59453,17/01/2019,07:25:03,15,0,32.2,1.0,1.0,0.8,2,1,1.00,CYCLE,S
IND,208,6592,59452,17/01/2019,07:25:03,15,1,14.8,1.0,103.8,103.8,2,1,0.57,CYCLE,N
IND,208,6592,59453,17/01/2019,07:25:04,15,0,25.5,1.0,1.5,1.4,2,1,1.00,CYCLE,S
IND,208,6592,59453,17/01/2019,07:25:05,15,0,26.1,1.1,1.0,0.8,2,1,1.00,CYCLE,S
IND,208,6592,59453,17/01/2019,07:25:07,15,0,23.6,1.0,1.4,1.2,2,1,1.00,CYCLE,S
IND,208,6592,59453,17/01/2019,07:25:22,15,0,28.7,1.0,15.6,15.5,2,1,1.00,CYCLE,S
IND,208,6592,59453,17/01/2019,07:25:24,15,0,32.2,1.0,2.3,2.2,2,1,1.00,CYCLE,S
IND,208,6592,59453,17/01/2019,07:25:26,15,0,34.9,1.0,1.4,1.3,2,1,1.00,CYCLE,S
IND,208,6592,59452,17/01/2019,07:25:28,15,1,21.7,1.1,25.6,25.1,2,1,1.00,CYCLE,N
IND,208,6592,59453,17/01/2019,07:25:32,15,0,22.7,1.0,6.4,6.3,2,1,1.00,CYCLE,S
IND,208,6592,59453,17/01/2019,07:25:44,15,0,26.7,1.0,11.9,11.7,2,1,1.00,CYCLE,S
IND,208,6592,59452,17/01/2019,07:25:52,15,1,31.7,1.1,23.9,23.7,2,1,1.00,CYCLE,N
IND,208,6592,59453,17/01/2019,07:25:53,15,0,20.7,1.0,8.8,8.7,2,1,1.00,CYCLE,S
IND,208,6592,59452,17/01/2019,07:25:54,15,1,28.0,1.0,1.9,1.7,2,1,1.00,CYCLE,N
IND,208,6592,59453,17/01/2019,07:26:13,15,0,19.9,1.0,20.3,20.1,2,1,1.00,CYCLE,S
IND,208,6592,59453,17/01/2019,07:26:36,15,0,30.5,1.0,22.9,22.7,2,1,1.00,CYCLE,S
IND,208,6592,59453,17/01/2019,07:26:38,15,0,31.3,1.1,1.4,1.2,2,1,1.00,CYCLE,S
IND,208,6592,59453,17/01/2019,07:26:40,15,0,28.7,1.1,2.8,2.7,2,1,1.00,CYCLE,S
IND,208,6592,59453,17/01/2019,07:26:42,15,0,33.7,1.0,1.8,1.7,2,1,1.00,CYCLE,S
IND,208,6592,59453,17/01/2019,07:26:43,15,0,25.7,1.0,0.7,0.6,2,1,1.00,CYCLE,S
IND,208,6592,59453,17/01/2019,07:26:44,15,0,33.5,1.0,1.1,1.0,2,1,1.00,CYCLE,S
IND,208,6592,59453,17/01/2019,07:26:44,15,0,25.1,1.0,0.3,0.2,2,1,0.60,CYCLE,S
IND,208,6592,59453,17/01/2019,07:26:45,15,0,28.7,1.0,1.0,0.4,2,1,1.00,CYCLE,S
IND,208,6592,59453,17/01/2019,07:26:46,15,0,24.2,1.1,0.8,0.7,2,1,1.00,CYCLE,S
IND,208,6592,59453,17/01/2019,07:26:47,15,0,32.4,1.1,0.5,0.4,2,1,1.00,CYCLE,S
IND,208,6592,59453,17/01/2019,07:26:50,15,0,22.4,1.0,3.7,3.6,2,1,1.00,CYCLE,S
IND,208,6592,59453,17/01/2019,07:26:53,15,0,24.6,1.0,2.2,2.1,2,1,1.00,CYCLE,S
IND,208,6592,59453,17/01/2019,07:26:54,15,0,21.4,1.0,1.4,1.2,2,1,1.00,CYCLE,S
IND,208,6592,59453,17/01/2019,07:27:20,15,0,28.3,1.1,26.2,26.1,2,1,1.00,CYCLE,S
IND,208,6592,59453,17/01/2019,07:27:21,15,0,28.1,1.0,0.4,0.3,2,1,1.00,CYCLE,S
IND,208,6592,59453,17/01/2019,07:27:24,15,0,22.0,1.0,3.3,3.2,2,1,1.00,CYCLE,S
IND,208,6592,59453,17/01/2019,07:27:25,15,0,25.5,1.0,0.7,0.5,2,1,1.00,CYCLE,S
IND,208,6592,59453,17/01/2019,07:27:26,15,0,21.8,1.1,1.1,1.0,2,1,1.00,CYCLE,S
IND,208,6592,59453,17/01/2019,07:27:30,15,0,29.5,1.0,4.0,3.8,2,1,1.00,CYCLE,S
IND,208,6592,59453,17/01/2019,07:27:38,15,0,26.6,1.0,8.6,8.5,2,1,1.00,CYCLE,S
IND,208,6592,59453,17/01/2019,07:27:47,15,0,23.3,1.0,9.0,8.8,2,1,1.00,CYCLE,S
IND,208,6592,59453,17/01/2019,07:27:50,15,0,24.1,1.1,3.1,2.9,2,1,1.00,CYCLE,S
IND,208,6592,59452,17/01/2019,07:28:00,15,1,22.8,1.1,126.0,125.9,2,1,1.00,CYCLE,N
IND,208,6592,59453,17/01/2019,07:28:24,15,0,25.5,1.0,33.7,33.5,2,1,1.00,CYCLE,S
IND,208,6592,59453,17/01/2019,07:28:27,15,0,31.0,1.0,3.0,2.8,2,1,1.00,CYCLE,S
IND,208,6592,59453,17/01/2019,07:28:28,15,0,27.5,1.0,0.4,0.3,2,1,1.00,CYCLE,S
IND,208,6592,59453,17/01/2019,07:28:31,15,0,26.9,1.0,3.0,2.9,2,1,1.00,CYCLE,S
IND,208,6592,59453,17/01/2019,07:28:31,15,0,27.8,1.0,0.9,0.7,2,1,1.00,CYCLE,S
IND,208,6592,59453,17/01/2019,07:28:36,15,0,20.3,1.0,4.1,4.0,2,1,1.00,CYCLE,S
IND,208,6592,59453,17/01/2019,07:28:37,15,0,22.6,1.0,1.4,1.2,2,1,1.00,CYCLE,S
IND,208,6592,59453,17/01/2019,07:28:44,15,0,20.3,1.0,7.4,7.2,2,1,1.00,CYCLE,S
IND,208,6592,59453,17/01/2019,07:28:52,15,0,22.8,1.1,7.5,7.3,2,1,1.00,CYCLE,S
IND,208,6592,59453,17/01/2019,07:28:55,15,0,32.4,1.0,3.6,3.4,2,1,1.00,CYCLE,S
IND,208,6592,59453,17/01/2019,07:29:01,15,0,26.4,1.0,5.9,5.8,2,1,1.00,CYCLE,S
IND,208,6592,59453,17/01/2019,07:29:10,15,0,29.4,1.0,8.5,8.4,2,1,1.00,CYCLE,S
IND,208,6592,59453,17/01/2019,07:29:21,15,0,28.0,1.1,11.2,11.0,2,1,1.00,CYCLE,S
IND,208,6592,59453,17/01/2019,07:29:53,15,0,24.4,1.0,31.8,31.6,2,1,1.00,CYCLE,S
IND,208,6592,59452,17/01/2019,07:29:54,15,1,27.2,1.1,114.0,113.9,2,1,1.00,CYCLE,N
IND,208,6592,59453,17/01/2019,07:30:21,15,0,24.8,1.0,28.7,28.5,2,1,1.00,CYCLE,S
IND,208,6592,59453,17/01/2019,07:30:22,15,0,25.7,1.0,0.6,0.4,2,1,1.00,CYCLE,S
IND,208,6592,59453,17/01/2019,07:30:32,15,0,20.0,1.0,10.2,10.0,2,1,1.00,CYCLE,S
IND,208,6592,59453,17/01/2019,07:30:33,15,0,19.2,1.0,1.1,1.0,2,1,1.00,CYCLE,S
IND,208,6592,59453,17/01/2019,07:30:33,15,0,19.2,1.0,0.0,0.0,2,1,1.00,CYCLE,S
IND,208,6592,59453,17/01/2019,07:30:36,15,0,21.5,1.0,2.4,2.1,2,1,1.00,CYCLE,S
IND,208,6592,59453,17/01/2019,07:30:36,15,0,20.9,1.0,0.6,0.4,2,1,1.00,CYCLE,S
IND,208,6592,59453,17/01/2019,07:30:37,15,0,21.8,1.1,1.1,0.9,2,1,1.00,CYCLE,S
IND,208,6592,59453,17/01/2019,07:30:41,15,0,22.6,1.0,3.7,3.5,2,1,1.00,CYCLE,S
IND,208,6592,59453,17/01/2019,07:30:43,15,0,14.3,1.0,1.5,1.4,2,1,1.00,CYCLE,S
IND,208,6592,59453,17/01/2019,07:30:43,15,0,20.9,1.0,0.4,0.1,2,1,1.00,CYCLE,S
IND,208,6592,59453,17/01/2019,07:30:45,15,0,14.8,1.0,2.2,2.0,2,1,1.00,CYCLE,S
IND,208,6592,59453,17/01/2019,07:30:46,15,0,22.4,1.0,0.4,0.2,2,1,0.50,CYCLE,S
IND,208,6592,59452,17/01/2019,07:30:46,15,1,22.4,1.0,0.0,0.0,2,1,0.50,CYCLE,N
IND,208,6592,59453,17/01/2019,07:31:03,15,0,30.9,1.1,17.1,16.6,2,1,1.00,CYCLE,S
IND,208,6592,59453,17/01/2019,07:31:04,15,0,29.7,1.0,0.9,0.8,2,1,1.00,CYCLE,S
IND,208,6592,59453,17/01/2019,07:31:05,15,0,31.8,1.0,1.1,1.0,2,1,1.00,CYCLE,S
IND,208,6592,59453,17/01/2019,07:31:07,15,0,29.9,1.0,1.8,1.7,2,1,1.00,CYCLE,S
IND,208,6592,59453,17/01/2019,07:31:16,15,0,24.6,1.1,9.8,9.7,2,1,1.00,CYCLE,S
IND,208,6592,59453,17/01/2019,07:31:18,15,0,25.9,1.2,2.0,1.8,2,1,1.00,CYCLE,S
IND,208,6592,59453,17/01/2019,07:31:42,15,0,27.0,1.1,23.9,23.7,2,1,1.00,CYCLE,S
IND,208,6592,59453,17/01/2019,07:31:46,15,0,27.8,1.0,3.7,3.5,2,1,1.00,CYCLE,S
IND,208,6592,59453,17/01/2019,07:31:47,15,0,26.9,1.0,0.9,0.7,2,1,1.00,CYCLE,S
IND,208,6592,59453,17/01/2019,07:31:48,15,0,23.4,1.1,1.3,1.1,2,1,1.00,CYCLE,S
IND,208,6592,59453,17/01/2019,07:31:48,15,0,23.4,1.0,0.4,0.3,2,1,1.00,CYCLE,S
IND,208,6592,59453,17/01/2019,07:31:49,15,0,23.2,1.1,0.7,0.5,2,1,1.00,CYCLE,S
IND,208,6592,59453,17/01/2019,07:31:53,15,0,22.6,1.1,3.8,3.6,2,1,1.00,CYCLE,S
IND,208,6592,59453,17/01/2019,07:32:24,15,0,28.8,1.0,31.1,31.0,2,1,1.00,CYCLE,S
IND,208,6592,59453,17/01/2019,07:32:24,15,0,28.8,1.0,0.4,0.3,2,1,1.00,CYCLE,S
IND,208,6592,59453,17/01/2019,07:32:25,15,0,29.4,1.0,0.6,0.5,2,1,1.00,CYCLE,S
IND,208,6592,59453,17/01/2019,07:32:26,15,0,24.4,1.1,0.9,0.8,2,1,1.00,CYCLE,S
IND,208,6592,59453,17/01/2019,07:32:27,15,0,34.5,1.0,0.8,0.6,2,1,1.00,CYCLE,S
IND,208,6592,59453,17/01/2019,07:32:27,15,0,24.8,1.0,0.3,0.2,2,1,1.00,CYCLE,S
IND,208,6592,59453,17/01/2019,07:32:28,15,0,28.4,1.0,1.2,1.1,2,1,1.00,CYCLE,S
IND,208,6592,59453,17/01/2019,07:32:31,15,0,28.2,1.1,2.9,2.8,2,1,1.00,CYCLE,S
IND,208,6592,59453,17/01/2019,07:32:32,15,0,28.8,1.0,1.3,1.1,2,1,1.00,CYCLE,S
IND,208,6592,59453,17/01/2019,07:32:33,15,0,23.5,1.0,0.7,0.5,2,1,0.86,CYCLE,S
IND,208,6592,59453,17/01/2019,07:32:34,15,0,26.7,1.1,0.9,0.6,2,1,1.00,CYCLE,S
IND,208,6592,59453,17/01/2019,07:32:36,15,0,23.6,1.1,2.1,1.9,2,1,1.00,CYCLE,S
IND,208,6592,59453,17/01/2019,07:32:38,15,0,24.2,1.0,1.4,1.3,2,1,1.00,CYCLE,S
IND,208,6592,59453,17/01/2019,07:32:39,15,0,26.5,1.0,1.6,1.5,2,1,1.00,CYCLE,S
IND,208,6592,59453,17/01/2019,07:32:41,15,0,22.1,1.0,2.0,1.7,2,1,1.00,CYCLE,S
IND,208,6592,59453,17/01/2019,07:32:45,15,0,21.2,1.1,4.3,4.1,2,1,1.00,CYCLE,S
IND,208,6592,59453,17/01/2019,07:32:49,15,0,22.5,1.0,3.8,3.6,2,1,1.00,CYCLE,S
IND,208,6592,59453,17/01/2019,07:32:58,15,0,13.6,1.0,8.6,8.4,2,1,0.44,CYCLE,S
IND,208,6592,59453,17/01/2019,07:32:58,15,0,13.6,1.0,0.0,0.0,2,1,0.44,CYCLE,S
IND,208,6592,59453,17/01/2019,07:33:01,15,0,28.3,1.1,2.9,2.5,2,1,1.00,CYCLE,S
IND,208,6592,59453,17/01/2019,07:33:01,15,0,34.2,1.0,0.2,0.1,2,1,1.00,CYCLE,S
IND,208,6592,59453,17/01/2019,07:33:03,15,0,27.0,1.1,2.2,2.1,2,1,1.00,CYCLE,S
IND,208,6592,59453,17/01/2019,07:33:04,15,0,28.1,1.0,0.6,0.4,2,1,1.00,CYCLE,S
IND,208,6592,59453,17/01/2019,07:33:05,15,0,23.7,1.0,0.9,0.8,2,1,1.00,CYCLE,S
IND,208,6592,59453,17/01/2019,07:33:07,15,0,26.5,1.1,2.7,2.5,2,1,1.00,CYCLE,S
IND,208,6592,59453,17/01/2019,07:33:08,15,0,20.4,1.2,1.1,1.0,2,1,1.00,CYCLE,S
IND,208,6592,59453,17/01/2019,07:33:10,15,0,20.8,1.1,1.5,1.3,2,1,1.00,CYCLE,S
IND,208,6592,59453,17/01/2019,07:33:21,15,0,28.6,1.1,11.1,10.9,2,1,1.00,CYCLE,S
IND,208,6592,59453,17/01/2019,07:33:24,15,0,24.2,1.1,3.4,3.3,2,1,1.00,CYCLE,S
IND,208,6592,59453,17/01/2019,07:33:35,15,0,20.7,1.0,11.2,11.0,2,1,1.00,CYCLE,S
IND,208,6592,59453,17/01/2019,07:33:35,15,0,20.7,1.0,0.0,0.0,2,1,1.00,CYCLE,S
IND,208,6592,59452,17/01/2019,07:33:53,15,1,29.0,1.0,162.1,162.1,2,1,1.00,CYCLE,N
IND,208,6592,59452,17/01/2019,07:33:55,15,1,29.0,1.0,1.9,1.8,2,1,1.00,CYCLE,N
IND,208,6592,59452,17/01/2019,07:34:05,15,1,25.3,1.1,10.0,9.9,2,1,1.00,CYCLE,N
IND,208,6592,59453,17/01/2019,07:34:22,15,0,27.8,1.0,47.0,46.7,2,1,1.00,CYCLE,S
IND,208,6592,59453,17/01/2019,07:34:23,15,0,27.1,1.0,0.7,0.6,2,1,1.00,CYCLE,S
IND,208,6592,59453,17/01/2019,07:34:26,15,0,26.8,1.1,2.5,2.4,2,1,1.00,CYCLE,S
IND,208,6592,59453,17/01/2019,07:34:28,15,0,29.7,1.0,2.2,2.1,2,1,1.00,CYCLE,S
IND,208,6592,59453,17/01/2019,07:34:29,15,0,26.7,1.0,0.9,0.8,2,1,1.00,CYCLE,S
IND,208,6592,59453,17/01/2019,07:34:29,15,0,25.8,1.0,0.6,0.4,2,1,1.00,CYCLE,S
IND,208,6592,59453,17/01/2019,07:34:30,15,0,25.8,1.0,0.3,0.2,2,1,1.00,CYCLE,S
IND,208,6592,59453,17/01/2019,07:34:33,15,0,24.3,1.1,2.9,2.8,2,1,1.00,CYCLE,S
IND,208,6592,59453,17/01/2019,07:34:35,15,0,23.1,1.1,2.4,2.3,2,1,1.00,CYCLE,S
IND,208,6592,59453,17/01/2019,07:34:38,15,0,22.2,1.1,3.0,2.9,2,1,1.00,CYCLE,S
IND,208,6592,59453,17/01/2019,07:35:06,15,0,22.3,1.1,27.8,27.7,2,1,1.00,CYCLE,S
IND,208,6592,59453,17/01/2019,07:35:12,15,0,33.4,1.1,6.0,5.8,2,1,1.00,CYCLE,S
IND,208,6592,59453,17/01/2019,07:35:13,15,0,34.3,1.1,0.8,0.7,2,1,1.00,CYCLE,S
IND,208,6592,59453,17/01/2019,07:35:13,15,0,36.9,1.2,0.7,0.5,2,1,1.00,CYCLE,S
IND,208,6592,59453,17/01/2019,07:35:24,15,0,29.9,1.0,10.5,10.4,2,1,1.00,CYCLE,S
IND,208,6592,59453,17/01/2019,07:35:28,15,0,32.7,1.0,3.8,3.7,2,1,1.00,CYCLE,S
IND,208,6592,59453,17/01/2019,07:35:30,15,0,31.9,1.0,2.5,2.4,2,1,1.00,CYCLE,S
IND,208,6592,59453,17/01/2019,07:35:36,15,0,29.0,1.0,6.0,5.9,2,1,1.00,CYCLE,S
IND,208,6592,59453,17/01/2019,07:35:38,15,0,32.1,1.1,1.5,1.4,2,1,1.00,CYCLE,S
IND,208,6592,59453,17/01/2019,07:35:45,15,0,24.9,1.0,7.7,7.6,2,1,1.00,CYCLE,S
IND,208,6592,59453,17/01/2019,07:35:46,15,0,24.0,1.0,0.5,0.3,2,1,1.00,CYCLE,S
IND,208,6592,59453,17/01/2019,07:35:59,15,0,21.4,1.0,13.3,13.2,2,1,1.00,CYCLE,S
IND,208,6592,59452,17/01/2019,07:36:01,15,1,18.0,1.2,116.3,116.2,2,1,1.00,CYCLE,N
IND,208,6592,59453,17/01/2019,07:36:20,15,0,29.5,1.1,20.3,20.2,2,1,1.00,CYCLE,S
IND,208,6592,59453,17/01/2019,07:36:23,15,0,24.7,1.0,3.3,3.2,2,1,1.00,CYCLE,S
IND,208,6592,59453,17/01/2019,07:36:26,15,0,26.4,1.0,3.5,3.4,2,1,1.00,CYCLE,S
IND,208,6592,59453,17/01/2019,07:36:28,15,0,25.9,1.0,1.3,1.2,2,1,1.00,CYCLE,S
IND,208,6592,59453,17/01/2019,07:36:28,15,0,23.9,1.0,0.4,0.2,2,1,1.00,CYCLE,S
IND,208,6592,59453,17/01/2019,07:36:28,15,0,25.9,1.0,0.2,0.1,2,1,1.00,CYCLE,S
IND,208,6592,59453,17/01/2019,07:36:29,15,0,31.6,1.0,0.3,0.2,2,1,1.00,CYCLE,S
IND,208,6592,59453,17/01/2019,07:36:29,15,0,24.0,1.0,0.2,0.1,2,1,1.00,CYCLE,S
IND,208,6592,59453,17/01/2019,07:36:30,15,0,22.2,1.0,1.6,1.4,2,1,1.00,CYCLE,S
IND,208,6592,59453,17/01/2019,07:36:33,15,0,24.4,1.1,2.3,2.2,2,1,1.00,CYCLE,S
IND,208,6592,59453,17/01/2019,07:36:45,15,0,17.0,1.1,12.3,12.2,2,1,1.00,CYCLE,S
IND,208,6592,59453,17/01/2019,07:36:58,15,0,26.9,1.0,13.2,13.0,2,1,1.00,CYCLE,S
IND,208,6592,59453,17/01/2019,07:36:58,15,0,26.9,1.0,0.0,0.0,2,1,1.00,CYCLE,S
IND,208,6592,59453,17/01/2019,07:37:00,15,0,27.0,1.0,2.1,1.9,2,1,1.00,CYCLE,S
IND,208,6592,59453,17/01/2019,07:37:01,15,0,29.4,1.1,1.1,0.9,2,1,1.00,CYCLE,S
IND,208,6592,59453,17/01/2019,07:37:07,15,0,22.8,1.1,5.5,5.3,2,1,1.00,CYCLE,S
IND,208,6592,59452,17/01/2019,07:37:07,15,1,26.5,1.0,66.3,66.1,2,1,1.00,CYCLE,N
IND,208,6592,59452,17/01/2019,07:37:12,15,1,24.5,1.1,4.3,4.2,2,1,1.00,CYCLE,N
IND,208,6592,59453,17/01/2019,07:37:28,15,0,24.8,1.0,21.5,21.4,2,1,1.00,CYCLE,S
IND,208,6592,59452,17/01/2019,07:37:55,15,1,29.6,1.0,43.7,43.6,2,1,1.00,CYCLE,N
IND,208,6592,59452,17/01/2019,07:38:09,15,1,23.2,1.0,13.1,13.1,2,1,0.80,CYCLE,N
IND,208,6592,59453,17/01/2019,07:38:21,15,0,28.4,1.0,53.0,52.8,2,1,1.00,CYCLE,S
IND,208,6592,59453,17/01/2019,07:38:23,15,0,22.4,1.1,1.6,1.5,2,1,1.00,CYCLE,S
IND,208,6592,59453,17/01/2019,07:38:24,15,0,26.7,1.0,1.2,1.0,2,1,1.00,CYCLE,S
IND,208,6592,59453,17/01/2019,07:38:26,15,0,23.7,1.0,1.5,1.4,2,1,1.00,CYCLE,S
IND,208,6592,59453,17/01/2019,07:38:26,15,0,32.6,1.0,0.6,0.4,2,1,1.00,CYCLE,S
IND,208,6592,59453,17/01/2019,07:38:27,15,0,24.7,1.1,1.0,0.9,2,1,1.00,CYCLE,S
IND,208,6592,59453,17/01/2019,07:38:30,15,0,26.5,1.0,2.1,2.0,2,1,1.00,CYCLE,S
IND,208,6592,59453,17/01/2019,07:38:31,15,0,23.1,1.0,1.3,1.2,2,1,1.00,CYCLE,S
IND,208,6592,59453,17/01/2019,07:38:32,15,0,20.6,1.1,1.7,1.5,2,1,1.00,CYCLE,S
IND,208,6592,59453,17/01/2019,07:38:34,15,0,25.4,1.0,1.9,1.7,2,1,1.00,CYCLE,S
IND,208,6592,59453,17/01/2019,07:38:58,15,0,27.9,1.0,23.3,23.2,2,1,1.00,CYCLE,S
IND,208,6592,59453,17/01/2019,07:39:02,15,0,22.1,1.0,4.0,3.9,2,1,1.00,CYCLE,S
IND,208,6592,59453,17/01/2019,07:39:04,15,0,31.2,1.0,1.9,1.7,2,1,1.00,CYCLE,S
IND,208,6592,59453,17/01/2019,07:39:05,15,0,33.5,1.0,1.1,0.9,2,1,1.00,CYCLE,S
IND,208,6592,59453,17/01/2019,07:39:16,15,0,28.4,1.0,11.2,11.1,2,1,1.00,CYCLE,S
IND,208,6592,59453,17/01/2019,07:39:26,15,0,26.0,1.0,10.1,10.0,2,1,1.00,CYCLE,S
IND,208,6592,59453,17/01/2019,07:39:41,15,0,23.9,1.1,15.1,15.0,2,1,1.00,CYCLE,S
IND,208,6592,59452,17/01/2019,07:39:52,15,1,26.7,1.0,103.8,103.5,2,1,1.00,CYCLE,N
IND,208,6592,59453,17/01/2019,07:39:53,15,0,25.4,1.0,11.6,11.5,2,1,1.00,CYCLE,S
IND,208,6592,59453,17/01/2019,07:39:55,15,0,33.9,1.0,2.1,1.9,2,1,1.00,CYCLE,S
IND,208,6592,59453,17/01/2019,07:39:57,15,0,26.5,1.1,2.3,2.2,2,1,1.00,CYCLE,S
IND,208,6592,59453,17/01/2019,07:40:02,15,0,22.8,1.0,5.1,5.0,2,1,1.00,CYCLE,S
IND,208,6592,59452,17/01/2019,07:40:24,15,1,26.0,1.0,31.4,31.3,2,1,1.00,CYCLE,N
IND,208,6592,59453,17/01/2019,07:40:25,15,0,24.5,1.1,23.0,22.8,2,1,1.00,CYCLE,S
IND,208,6592,59453,17/01/2019,07:40:31,15,0,26.1,1.0,5.8,5.6,2,1,1.00,CYCLE,S
IND,208,6592,59452,17/01/2019,07:40:39,15,1,17.1,1.1,14.9,14.7,2,1,1.00,CYCLE,N
IND,208,6592,59453,17/01/2019,07:40:40,15,0,27.6,1.0,8.5,8.4,2,1,1.00,CYCLE,S
IND,208,6592,59453,17/01/2019,07:40:41,15,0,26.0,1.1,1.5,1.3,2,1,1.00,CYCLE,S
IND,208,6592,59453,17/01/2019,07:40:43,15,0,25.2,1.0,2.0,1.9,2,1,1.00,CYCLE,S
IND,208,6592,59453,17/01/2019,07:40:45,15,0,26.4,1.0,2.0,1.9,2,1,1.00,CYCLE,S
IND,208,6592,59453,17/01/2019,07:40:49,15,0,20.8,1.1,3.7,3.6,2,1,1.00,CYCLE,S
IND,208,6592,59453,17/01/2019,07:40:50,15,0,24.6,1.0,1.5,1.3,2,1,1.00,CYCLE,S
IND,208,6592,59453,17/01/2019,07:40:52,15,0,20.3,1.1,1.7,1.6,2,1,1.00,CYCLE,S
IND,208,6592,59453,17/01/2019,07:40:57,15,0,20.0,1.1,4.6,4.4,2,1,1.00,CYCLE,S
IND,208,6592,59453,17/01/2019,07:41:00,15,0,16.7,1.0,3.6,3.4,2,1,1.00,CYCLE,S
IND,208,6592,59453,17/01/2019,07:41:17,15,0,36.0,1.0,17.0,16.8,2,1,1.00,CYCLE,S
IND,208,6592,59453,17/01/2019,07:41:18,15,0,23.6,1.1,1.0,0.9,2,1,1.00,CYCLE,S
IND,208,6592,59453,17/01/2019,07:41:19,15,0,30.8,1.0,1.2,1.1,2,1,1.00,CYCLE,S
IND,208,6592,59453,17/01/2019,07:41:21,15,0,21.9,1.1,1.6,1.5,2,1,1.00,CYCLE,S
IND,208,6592,59453,17/01/2019,07:41:58,15,0,22.9,1.1,36.7,36.5,2,1,1.00,CYCLE,S
IND,208,6592,59453,17/01/2019,07:42:01,15,0,22.7,1.0,2.9,2.8,2,1,1.00,CYCLE,S
IND,208,6592,59453,17/01/2019,07:42:04,15,0,24.7,1.1,3.8,3.6,2,1,1.00,CYCLE,S
IND,208,6592,59453,17/01/2019,07:42:06,15,0,26.4,1.0,1.4,1.2,2,1,1.00,CYCLE,S
IND,208,6592,59453,17/01/2019,07:42:08,15,0,19.7,1.1,2.2,2.1,2,1,1.00,CYCLE,S
IND,208,6592,59453,17/01/2019,07:42:10,15,0,19.6,1.0,2.0,1.8,2,1,1.00,CYCLE,S
IND,208,6592,59453,17/01/2019,07:42:18,15,0,28.6,1.0,7.5,7.3,2,1,1.00,CYCLE,S
IND,208,6592,59453,17/01/2019,07:42:33,15,0,29.4,1.0,15.5,15.4,2,1,1.00,CYCLE,S
IND,208,6592,59453,17/01/2019,07:42:39,15,0,30.2,1.0,6.2,6.0,2,1,1.00,CYCLE,S
IND,208,6592,59453,17/01/2019,07:42:40,15,0,28.7,1.0,0.3,0.2,2,1,1.00,CYCLE,S
IND,208,6592,59453,17/01/2019,07:42:42,15,0,28.8,1.0,2.0,1.9,2,1,1.00,CYCLE,S
IND,208,6592,59453,17/01/2019,07:42:43,15,0,25.2,1.1,1.2,1.0,2,1,1.00,CYCLE,S
IND,208,6592,59453,17/01/2019,07:42:44,15,0,23.6,1.0,0.8,0.6,2,1,1.00,CYCLE,S
IND,208,6592,59453,17/01/2019,07:42:46,15,0,21.2,1.0,2.3,2.2,2,1,1.00,CYCLE,S
IND,208,6592,59453,17/01/2019,07:42:47,15,0,26.6,1.0,1.1,1.0,2,1,1.00,CYCLE,S
IND,208,6592,59453,17/01/2019,07:42:51,15,0,21.5,1.0,3.9,3.8,2,1,1.00,CYCLE,S
IND,208,6592,59453,17/01/2019,07:42:54,15,0,22.9,1.1,3.2,3.1,2,1,1.00,CYCLE,S
IND,208,6592,59453,17/01/2019,07:42:57,15,0,24.2,1.0,2.7,2.6,2,1,1.00,CYCLE,S
IND,208,6592,59453,17/01/2019,07:42:57,15,0,17.6,1.1,0.5,0.4,2,1,1.00,CYCLE,S
IND,208,6592,59453,17/01/2019,07:43:17,15,0,22.4,1.1,19.1,18.9,2,1,1.00,CYCLE,S
IND,208,6592,59453,17/01/2019,07:43:35,15,0,30.4,1.0,18.6,18.4,2,1,1.00,CYCLE,S
IND,208,6592,59452,17/01/2019,07:44:06,15,1,27.3,1.0,207.1,206.8,2,1,1.00,CYCLE,N
IND,208,6592,59453,17/01/2019,07:44:12,15,0,26.5,1.0,37.0,36.9,2,1,1.00,CYCLE,S
IND,208,6592,59453,17/01/2019,07:44:36,15,0,33.0,1.0,23.8,23.7,2,1,1.00,CYCLE,S
IND,208,6592,59453,17/01/2019,07:44:40,15,0,33.1,1.0,3.8,3.7,2,1,1.00,CYCLE,S
IND,208,6592,59453,17/01/2019,07:44:42,15,0,26.4,1.1,2.0,1.9,2,1,1.00,CYCLE,S
IND,208,6592,59453,17/01/2019,07:44:43,15,0,41.6,1.1,1.0,0.8,2,1,1.00,CYCLE,S
IND,208,6592,59453,17/01/2019,07:44:45,15,0,26.1,1.1,2.5,2.4,2,1,1.00,CYCLE,S
IND,208,6592,59453,17/01/2019,07:44:47,15,0,25.2,1.1,2.1,1.9,2,1,1.00,CYCLE,S
IND,208,6592,59453,17/01/2019,07:44:58,15,0,18.1,1.1,10.5,10.4,2,1,1.00,CYCLE,S
IND,208,6592,59453,17/01/2019,07:45:05,15,0,36.5,1.0,7.7,7.5,2,1,1.00,CYCLE,S
IND,208,6592,59453,17/01/2019,07:45:10,15,0,32.1,1.0,4.9,4.8,2,1,1.00,CYCLE,S
IND,208,6592,59453,17/01/2019,07:45:13,15,0,34.7,1.1,3.1,3.0,2,1,1.00,CYCLE,S
IND,208,6592,59453,17/01/2019,07:45:14,15,0,33.7,1.0,0.8,0.7,2,1,0.50,CYCLE,S
IND,208,6592,59452,17/01/2019,07:45:14,15,1,33.7,1.0,0.0,0.0,2,1,0.50,CYCLE,N
IND,208,6592,59453,17/01/2019,07:45:15,15,0,29.0,1.1,0.7,0.5,2,1,1.00,CYCLE,S
IND,208,6592,59453,17/01/2019,07:45:15,15,0,29.2,1.1,0.4,0.2,2,1,1.00,CYCLE,S
IND,208,6592,59453,17/01/2019,07:45:16,15,0,30.2,1.0,0.8,0.7,2,1,1.00,CYCLE,S
IND,208,6592,59453,17/01/2019,07:45:19,15,0,36.0,1.1,2.7,2.6,2,1,1.00,CYCLE,S
IND,208,6592,59453,17/01/2019,07:45:19,15,0,26.5,1.1,0.4,0.3,2,1,1.00,CYCLE,S
IND,208,6592,59453,17/01/2019,07:45:20,15,0,26.6,1.1,1.0,0.8,2,1,1.00,CYCLE,S
IND,208,6592,59453,17/01/2019,07:45:30,15,0,25.5,1.0,9.7,9.6,2,1,1.00,CYCLE,S
IND,208,6592,59453,17/01/2019,07:45:30,15,0,25.5,1.0,0.5,0.3,2,1,1.00,CYCLE,S
IND,208,6592,59453,17/01/2019,07:45:32,15,0,24.3,1.1,1.9,1.8,2,1,1.00,CYCLE,S
IND,208,6592,59453,17/01/2019,07:46:25,15,0,26.2,1.1,52.3,52.1,2,1,1.00,CYCLE,S
IND,208,6592,59453,17/01/2019,07:46:26,15,0,26.4,1.1,1.7,1.6,2,1,1.00,CYCLE,S
IND,208,6592,59453,17/01/2019,07:46:30,15,0,22.8,1.1,3.3,3.1,2,1,1.00,CYCLE,S
IND,208,6592,59453,17/01/2019,07:46:35,15,0,29.0,1.0,5.0,4.8,2,1,1.00,CYCLE,S
IND,208,6592,59453,17/01/2019,07:46:36,15,0,20.8,1.0,1.2,1.0,2,1,1.00,CYCLE,S
IND,208,6592,59453,17/01/2019,07:46:40,15,0,20.9,1.0,4.3,4.2,2,1,1.00,CYCLE,S
IND,208,6592,59453,17/01/2019,07:46:45,15,0,16.2,1.0,4.5,4.4,2,1,1.00,CYCLE,S
IND,208,6592,59453,17/01/2019,07:46:53,15,0,17.5,1.1,8.3,8.0,2,1,1.00,CYCLE,S
IND,208,6592,59453,17/01/2019,07:47:01,15,0,31.4,1.0,7.7,7.5,2,1,1.00,CYCLE,S
IND,208,6592,59453,17/01/2019,07:47:01,15,0,33.0,1.0,0.8,0.7,2,1,1.00,CYCLE,S
IND,208,6592,59453,17/01/2019,07:47:09,15,0,21.9,1.1,7.5,7.4,2,1,1.00,CYCLE,S
IND,208,6592,59453,17/01/2019,07:47:13,15,0,31.1,1.1,4.2,4.0,2,1,1.00,CYCLE,S
IND,208,6592,59453,17/01/2019,07:47:20,15,0,26.8,1.1,7.4,7.3,2,1,1.00,CYCLE,S
IND,208,6592,59453,17/01/2019,07:47:23,15,0,27.0,1.0,2.8,2.6,2,1,1.00,CYCLE,S
IND,208,6592,59453,17/01/2019,07:47:44,15,0,22.1,1.1,20.7,20.5,2,1,1.00,CYCLE,S
IND,208,6592,59453,17/01/2019,07:47:55,15,0,22.5,1.0,11.5,11.3,2,1,1.00,CYCLE,S
IND,208,6592,59453,17/01/2019,07:48:06,15,0,23.4,1.1,10.6,10.4,2,1,1.00,CYCLE,S
IND,208,6592,59453,17/01/2019,07:48:07,15,0,29.3,1.0,0.7,0.5,2,1,1.00,CYCLE,S
IND,208,6592,59453,17/01/2019,07:48:36,15,0,27.6,1.0,29.0,28.9,2,1,1.00,CYCLE,S
IND,208,6592,59453,17/01/2019,07:48:41,15,0,27.7,1.0,5.3,5.2,2,1,1.00,CYCLE,S
IND,208,6592,59453,17/01/2019,07:48:41,15,0,26.3,1.1,0.5,0.4,2,1,1.00,CYCLE,S
IND,208,6592,59453,17/01/2019,07:48:43,15,0,23.4,1.0,1.2,1.0,2,1,1.00,CYCLE,S
IND,208,6592,59453,17/01/2019,07:48:43,15,0,27.3,1.1,0.7,0.6,2,1,1.00,CYCLE,S
IND,208,6592,59453,17/01/2019,07:48:46,15,0,22.0,1.0,1.5,1.3,2,1,1.00,CYCLE,S
IND,208,6592,59453,17/01/2019,07:48:48,15,0,23.4,1.0,1.9,1.8,2,1,1.00,CYCLE,S
IND,208,6592,59453,17/01/2019,07:48:49,15,0,22.2,1.0,0.8,0.6,2,1,1.00,CYCLE,S
IND,208,6592,59453,17/01/2019,07:48:50,15,0,23.5,1.1,1.7,1.5,2,1,1.00,CYCLE,S
IND,208,6592,59453,17/01/2019,07:48:51,15,0,22.8,1.1,0.6,0.4,2,1,1.00,CYCLE,S
IND,208,6592,59453,17/01/2019,07:48:52,15,0,21.1,1.1,1.0,0.8,2,1,1.00,CYCLE,S
IND,208,6592,59453,17/01/2019,07:48:52,15,0,23.8,1.1,0.6,0.4,2,1,1.00,CYCLE,S
IND,208,6592,59453,17/01/2019,07:48:55,15,0,22.3,1.0,2.6,2.5,2,1,1.00,CYCLE,S
IND,208,6592,59453,17/01/2019,07:48:59,15,0,21.8,1.1,3.9,3.8,2,1,1.00,CYCLE,S
IND,208,6592,59453,17/01/2019,07:49:12,15,0,30.8,1.0,13.2,13.0,2,1,1.00,CYCLE,S
IND,208,6592,59453,17/01/2019,07:49:15,15,0,28.3,1.1,2.6,2.5,2,1,1.00,CYCLE,S
IND,208,6592,59453,17/01/2019,07:49:17,15,0,27.5,1.0,1.9,1.7,2,1,1.00,CYCLE,S
IND,208,6592,59453,17/01/2019,07:49:18,15,0,23.6,1.0,1.1,1.0,2,1,1.00,CYCLE,S
IND,208,6592,59453,17/01/2019,07:49:22,15,0,26.6,1.1,4.6,4.4,2,1,1.00,CYCLE,S
IND,208,6592,59453,17/01/2019,07:49:32,15,0,31.3,1.0,9.9,9.7,2,1,1.00,CYCLE,S
IND,208,6592,59453,17/01/2019,07:50:19,15,0,29.8,1.1,47.0,46.9,2,1,1.00,CYCLE,S
IND,208,6592,59453,17/01/2019,07:50:25,15,0,26.0,1.0,6.3,6.1,2,1,1.00,CYCLE,S
IND,208,6592,59453,17/01/2019,07:50:26,15,0,35.1,1.0,0.4,0.3,2,1,1.00,CYCLE,S
IND,208,6592,59453,17/01/2019,07:50:27,15,0,29.1,1.1,1.1,1.0,2,1,1.00,CYCLE,S
IND,208,6592,59453,17/01/2019,07:50:28,15,0,25.2,1.1,0.9,0.7,2,1,1.00,CYCLE,S
IND,208,6592,59453,17/01/2019,07:50:28,15,0,25.2,1.1,0.7,0.5,2,1,1.00,CYCLE,S
IND,208,6592,59453,17/01/2019,07:50:29,15,0,24.8,0.8,0.8,0.7,2,1,1.00,CYCLE,S
IND,208,6592,59453,17/01/2019,07:50:32,15,0,28.8,1.0,3.1,3.0,2,1,1.00,CYCLE,S
IND,208,6592,59453,17/01/2019,07:50:34,15,0,22.2,1.1,1.2,1.1,2,1,1.00,CYCLE,S
IND,208,6592,59453,17/01/2019,07:50:34,15,0,22.1,1.0,0.7,0.6,2,1,1.00,CYCLE,S
IND,208,6592,59453,17/01/2019,07:51:00,15,0,29.5,1.1,26.1,25.9,2,1,1.00,CYCLE,S
IND,208,6592,59453,17/01/2019,07:51:04,15,0,24.8,1.1,4.0,3.9,2,1,1.00,CYCLE,S
IND,208,6592,59453,17/01/2019,07:51:06,15,0,26.4,1.0,1.1,0.9,2,1,1.00,CYCLE,S
IND,208,6592,59453,17/01/2019,07:51:39,15,0,27.5,1.0,33.9,33.7,2,1,1.00,CYCLE,S
IND,208,6592,59452,17/01/2019,07:51:49,15,1,29.1,1.1,463.7,463.6,2,1,1.00,CYCLE,N
IND,208,6592,59452,17/01/2019,07:51:59,15,1,16.6,1.0,9.6,9.5,2,1,1.00,CYCLE,N
IND,208,6592,59452,17/01/2019,07:52:05,15,1,30.3,1.0,6.1,5.9,2,1,1.00,CYCLE,N
IND,208,6592,59453,17/01/2019,07:52:15,15,0,33.1,1.0,36.0,35.8,2,1,1.00,CYCLE,S
IND,208,6592,59453,17/01/2019,07:52:22,15,0,27.8,1.1,6.3,6.2,2,1,1.00,CYCLE,S
IND,208,6592,59453,17/01/2019,07:52:23,15,0,25.8,1.1,1.7,1.6,2,1,1.00,CYCLE,S
IND,208,6592,59453,17/01/2019,07:52:30,15,0,22.0,1.1,6.4,6.2,2,1,1.00,CYCLE,S
IND,208,6592,59453,17/01/2019,07:52:32,15,0,21.2,1.1,1.9,1.8,2,1,1.00,CYCLE,S
IND,208,6592,59453,17/01/2019,07:52:33,15,0,20.9,1.1,1.0,0.8,2,1,1.00,CYCLE,S
IND,208,6592,59453,17/01/2019,07:52:33,15,0,21.6,1.0,0.7,0.5,2,1,1.00,CYCLE,S
IND,208,6592,59453,17/01/2019,07:52:36,15,0,22.2,1.0,2.9,2.7,2,1,1.00,CYCLE,S
IND,208,6592,59453,17/01/2019,07:52:38,15,0,19.2,1.0,1.3,1.2,2,1,1.00,CYCLE,S
IND,208,6592,59453,17/01/2019,07:53:00,15,0,41.5,1.1,22.3,22.1,2,1,1.00,CYCLE,S
IND,208,6592,59453,17/01/2019,07:53:03,15,0,28.2,1.1,3.3,3.2,2,1,1.00,CYCLE,S
IND,208,6592,59453,17/01/2019,07:53:09,15,0,22.9,1.1,6.0,5.9,2,1,1.00,CYCLE,S
IND,208,6592,59453,17/01/2019,07:53:10,15,0,25.9,1.0,0.6,0.4,2,1,1.00,CYCLE,S
IND,208,6592,59453,17/01/2019,07:53:12,15,0,24.6,1.1,1.9,1.7,2,1,1.00,CYCLE,S
IND,208,6592,59453,17/01/2019,07:53:14,15,0,24.5,1.1,2.3,2.2,2,1,1.00,CYCLE,S
IND,208,6592,59453,17/01/2019,07:53:24,15,0,23.7,1.0,10.0,9.8,2,1,1.00,CYCLE,S
IND,208,6592,59453,17/01/2019,07:53:33,15,0,24.5,1.1,8.9,8.8,2,1,1.00,CYCLE,S
IND,208,6592,59453,17/01/2019,07:53:39,15,0,29.7,1.0,6.3,6.1,2,1,1.00,CYCLE,S
IND,208,6592,59452,17/01/2019,07:53:54,15,1,28.6,1.0,108.7,108.5,2,1,1.00,CYCLE,N
IND,208,6592,59453,17/01/2019,07:54:17,15,0,34.5,1.0,38.1,37.9,2,1,1.00,CYCLE,S
IND,208,6592,59453,17/01/2019,07:54:18,15,0,32.0,1.1,0.5,0.4,2,1,1.00,CYCLE,S
IND,208,6592,59453,17/01/2019,07:54:21,15,0,23.3,1.1,3.3,3.2,2,1,1.00,CYCLE,S
IND,208,6592,59453,17/01/2019,07:54:24,15,0,30.5,1.0,2.8,2.6,2,1,1.00,CYCLE,S
IND,208,6592,59453,17/01/2019,07:54:28,15,0,22.6,1.1,3.9,3.8,2,1,1.00,CYCLE,S
IND,208,6592,59453,17/01/2019,07:54:30,15,0,21.5,1.1,2.4,2.2,2,1,1.00,CYCLE,S
IND,208,6592,59453,17/01/2019,07:54:32,15,0,29.8,1.0,2.2,2.0,2,1,1.00,CYCLE,S
IND,208,6592,59453,17/01/2019,07:54:34,15,0,28.3,1.0,1.7,1.6,2,1,1.00,CYCLE,S
IND,208,6592,59453,17/01/2019,07:54:35,15,0,21.3,1.0,1.3,1.2,2,1,1.00,CYCLE,S
IND,208,6592,59453,17/01/2019,07:54:36,15,0,22.8,1.1,0.7,0.6,2,1,1.00,CYCLE,S
IND,208,6592,59453,17/01/2019,07:54:37,15,0,18.6,1.0,0.8,0.6,2,1,1.00,CYCLE,S
IND,208,6592,59453,17/01/2019,07:54:37,15,0,18.6,1.0,0.0,0.0,2,1,1.00,CYCLE,S
IND,208,6592,59453,17/01/2019,07:54:44,15,0,17.3,1.0,7.2,6.9,2,1,1.00,CYCLE,S
IND,208,6592,59453,17/01/2019,07:55:03,15,0,31.0,1.1,18.6,18.4,2,1,1.00,CYCLE,S
IND,208,6592,59453,17/01/2019,07:55:05,15,0,30.2,1.1,2.0,1.9,2,1,1.00,CYCLE,S
IND,208,6592,59453,17/01/2019,07:55:06,15,0,25.9,1.1,1.7,1.5,2,1,1.00,CYCLE,S
IND,208,6592,59453,17/01/2019,07:55:11,15,0,27.2,1.0,4.9,4.8,2,1,1.00,CYCLE,S
IND,208,6592,59453,17/01/2019,07:55:18,15,0,18.9,1.1,6.6,6.5,2,1,1.00,CYCLE,S
IND,208,6592,59453,17/01/2019,07:55:36,15,0,23.6,1.1,17.9,17.7,2,1,1.00,CYCLE,S
IND,208,6592,59453,17/01/2019,07:55:51,15,0,25.3,1.1,15.2,15.0,2,1,1.00,CYCLE,S
IND,208,6592,59453,17/01/2019,07:55:52,15,0,25.2,1.0,0.6,0.4,2,1,1.00,CYCLE,S
IND,208,6592,59452,17/01/2019,07:56:02,15,1,28.1,1.0,127.9,127.8,2,1,1.00,CYCLE,N
IND,208,6592,59453,17/01/2019,07:56:17,15,0,27.7,1.0,25.6,25.5,2,1,1.00,CYCLE,S
IND,208,6592,59453,17/01/2019,07:56:19,15,0,24.2,1.0,1.8,1.7,2,1,1.00,CYCLE,S
IND,208,6592,59453,17/01/2019,07:56:22,15,0,27.7,1.0,3.1,3.0,2,1,1.00,CYCLE,S
IND,208,6592,59453,17/01/2019,07:56:35,15,0,20.6,1.0,0.8,0.5,2,1,1.00,CYCLE,S
IND,208,6592,59453,17/01/2019,07:56:36,15,0,19.8,1.0,0.7,0.5,2,1,1.00,CYCLE,S
IND,208,6592,59453,17/01/2019,07:57:02,15,0,27.8,1.0,26.2,26.1,2,1,1.00,CYCLE,S
IND,208,6592,59453,17/01/2019,07:57:24,15,0,25.5,1.0,21.9,21.8,2,1,1.00,CYCLE,S
IND,208,6592,59453,17/01/2019,07:57:27,15,0,25.8,1.0,3.0,2.9,2,1,1.00,CYCLE,S
IND,208,6592,59453,17/01/2019,07:58:12,15,0,28.1,1.1,42.1,41.9,2,1,1.00,CYCLE,S
IND,208,6592,59453,17/01/2019,07:58:13,15,0,31.0,1.0,1.5,1.3,2,1,1.00,CYCLE,S
IND,208,6592,59453,17/01/2019,07:58:14,15,0,31.3,1.0,0.9,0.8,2,1,1.00,CYCLE,S
IND,208,6592,59453,17/01/2019,07:58:15,15,0,23.0,1.0,0.8,0.7,2,1,1.00,CYCLE,S
IND,208,6592,59453,17/01/2019,07:58:19,15,0,19.0,1.1,4.5,4.3,2,1,1.00,CYCLE,S
IND,208,6592,59453,17/01/2019,07:58:21,15,0,21.1,1.0,1.4,1.2,2,1,0.50,CYCLE,S
IND,208,6592,59452,17/01/2019,07:58:21,15,1,21.1,1.0,0.0,0.0,2,1,0.50,CYCLE,N
IND,208,6592,59453,17/01/2019,07:58:23,15,0,23.4,1.1,2.3,1.7,2,1,1.00,CYCLE,S
IND,208,6592,59453,17/01/2019,07:58:33,15,0,23.6,1.1,10.0,9.8,2,1,1.00,CYCLE,S
IND,208,6592,59453,17/01/2019,07:58:36,15,0,24.6,1.1,3.1,2.9,2,1,1.00,CYCLE,S
IND,208,6592,59452,17/01/2019,07:59:04,15,1,20.7,1.0,182.6,182.5,2,1,1.00,CYCLE,N
IND,208,6592,59453,17/01/2019,07:59:09,15,0,20.8,1.1,32.6,32.4,2,1,1.00,CYCLE,S
IND,208,6592,59453,17/01/2019,08:00:10,15,0,24.4,1.1,61.7,61.5,2,1,1.00,CYCLE,S
IND,208,6592,59453,17/01/2019,08:00:11,15,0,24.1,1.1,0.5,0.3,2,1,1.00,CYCLE,S
IND,208,6592,59453,17/01/2019,08:00:15,15,0,24.0,1.0,4.4,4.3,2,1,1.00,CYCLE,S
IND,208,6592,59453,17/01/2019,08:00:17,15,0,20.4,1.1,2.2,2.1,2,1,1.00,CYCLE,S
IND,208,6592,59453,17/01/2019,08:00:53,15,0,24.2,1.0,35.3,35.1,2,1,1.00,CYCLE,S
IND,208,6592,59453,17/01/2019,08:01:09,15,0,29.2,1.0,16.5,16.3,2,1,1.00,CYCLE,S
IND,208,6592,59453,17/01/2019,08:02:05,15,0,25.1,1.0,56.3,56.2,2,1,1.00,CYCLE,S
IND,208,6592,59453,17/01/2019,08:02:07,15,0,26.4,1.0,1.4,1.2,2,1,1.00,CYCLE,S
IND,208,6592,59453,17/01/2019,08:02:10,15,0,27.5,1.0,3.2,3.0,2,1,1.00,CYCLE,S
IND,208,6592,59453,17/01/2019,08:02:10,15,0,20.6,1.0,0.4,0.3,2,1,1.00,CYCLE,S
IND,208,6592,59453,17/01/2019,08:02:13,15,0,21.9,1.1,2.2,2.0,2,1,1.00,CYCLE,S
IND,208,6592,59453,17/01/2019,08:02:15,15,0,20.5,1.0,2.3,2.1,2,1,1.00,CYCLE,S
IND,208,6592,59453,17/01/2019,08:02:17,15,0,21.9,1.1,1.7,1.6,2,1,1.00,CYCLE,S
IND,208,6592,59453,17/01/2019,08:02:40,15,0,23.7,1.1,23.1,22.9,2,1,1.00,CYCLE,S
IND,208,6592,59453,17/01/2019,08:03:23,15,0,35.7,1.0,43.3,43.2,2,1,1.00,CYCLE,S
IND,208,6592,59453,17/01/2019,08:03:27,15,0,27.0,1.0,4.4,4.3,2,1,1.00,CYCLE,S
IND,208,6592,59452,17/01/2019,08:03:57,15,1,29.6,1.0,292.9,292.6,2,1,1.00,CYCLE,N
IND,208,6592,59453,17/01/2019,08:04:04,15,0,27.2,1.1,36.6,36.4,2,1,1.00,CYCLE,S
IND,208,6592,59453,17/01/2019,08:04:04,15,0,22.9,1.1,0.2,0.1,2,1,1.00,CYCLE,S
IND,208,6592,59453,17/01/2019,08:04:05,15,0,25.7,1.0,0.6,0.4,2,1,1.00,CYCLE,S
IND,208,6592,59453,17/01/2019,08:04:08,15,0,25.1,1.0,2.8,2.7,2,1,1.00,CYCLE,S
IND,208,6592,59453,17/01/2019,08:04:09,15,0,24.2,1.1,1.0,0.9,2,1,1.00,CYCLE,S
IND,208,6592,59453,17/01/2019,08:04:09,15,0,21.3,1.0,0.2,0.1,2,1,1.00,CYCLE,S
IND,208,6592,59453,17/01/2019,08:04:15,15,0,19.5,1.1,5.7,5.5,2,1,1.00,CYCLE,S
IND,208,6592,59453,17/01/2019,08:05:58,15,0,28.0,1.0,103.9,103.7,2,1,1.00,CYCLE,S
IND,208,6592,59453,17/01/2019,08:06:03,15,0,24.1,1.1,4.4,4.3,2,1,1.00,CYCLE,S
IND,208,6592,59453,17/01/2019,08:06:04,15,0,25.1,1.0,1.4,1.2,2,1,1.00,CYCLE,S
IND,208,6592,59453,17/01/2019,08:06:12,15,0,20.2,1.0,8.0,7.9,2,1,1.00,CYCLE,S
IND,208,6592,59453,17/01/2019,08:06:14,15,0,19.1,1.0,1.3,1.1,2,1,1.00,CYCLE,S
IND,208,6592,59453,17/01/2019,08:06:20,15,0,18.0,1.1,6.3,6.1,2,1,1.00,CYCLE,S
IND,208,6592,59453,17/01/2019,08:06:20,15,0,24.2,1.1,0.4,0.2,2,1,1.00,CYCLE,S
IND,208,6592,59453,17/01/2019,08:06:22,15,0,18.0,1.1,1.6,1.4,2,1,1.00,CYCLE,S
IND,208,6592,59453,17/01/2019,08:06:22,15,0,17.7,1.1,0.5,0.3,2,1,1.00,CYCLE,S
IND,208,6592,59453,17/01/2019,08:06:43,15,0,23.0,1.0,20.7,20.5,2,1,1.00,CYCLE,S
IND,208,6592,59453,17/01/2019,08:06:44,15,0,27.9,1.0,0.8,0.6,2,1,1.00,CYCLE,S
IND,208,6592,59453,17/01/2019,08:06:51,15,0,26.1,1.1,7.0,6.9,2,1,1.00,CYCLE,S
IND,208,6592,59453,17/01/2019,08:06:51,15,0,19.4,1.0,0.4,0.3,2,1,1.00,CYCLE,S
IND,208,6592,59453,17/01/2019,08:07:31,15,0,26.9,1.1,40.0,39.8,2,1,1.00,CYCLE,S
IND,208,6592,59453,17/01/2019,08:07:32,15,0,19.2,1.1,1.0,0.8,2,1,1.00,CYCLE,S
IND,208,6592,59453,17/01/2019,08:08:01,15,0,23.8,1.0,29.0,28.8,2,1,1.00,CYCLE,S
IND,208,6592,59453,17/01/2019,08:08:14,15,0,27.3,1.0,12.9,12.8,2,1,1.00,CYCLE,S
IND,208,6592,59453,17/01/2019,08:08:15,15,0,26.3,1.0,1.1,1.0,2,1,1.00,CYCLE,S
IND,208,6592,59453,17/01/2019,08:08:20,15,0,25.0,1.1,5.0,4.8,2,1,1.00,CYCLE,S
IND,208,6592,59453,17/01/2019,08:08:21,15,0,24.1,1.0,0.9,0.8,2,1,1.00,CYCLE,S
IND,208,6592,59453,17/01/2019,08:08:26,15,0,16.9,1.1,5.2,5.1,2,1,1.00,CYCLE,S
IND,208,6592,59453,17/01/2019,08:08:43,15,0,33.9,1.0,16.5,16.2,2,1,1.00,CYCLE,S
IND,208,6592,59453,17/01/2019,08:09:16,15,0,22.9,1.0,33.6,33.5,2,1,1.00,CYCLE,S
IND,208,6592,59452,17/01/2019,08:09:48,15,1,27.2,1.0,350.7,350.6,2,1,1.00,CYCLE,N
IND,208,6592,59452,17/01/2019,08:09:57,15,1,27.8,1.0,9.5,9.4,2,1,1.00,CYCLE,N
IND,208,6592,59453,17/01/2019,08:10:03,15,0,26.3,1.0,46.4,46.2,2,1,1.00,CYCLE,S
IND,208,6592,59453,17/01/2019,08:10:12,15,0,30.3,1.1,9.2,9.0,2,1,1.00,CYCLE,S
IND,208,6592,59453,17/01/2019,08:10:19,15,0,25.0,1.0,7.0,6.9,2,1,1.00,CYCLE,S
IND,208,6592,59453,17/01/2019,08:10:24,15,0,22.6,1.0,5.0,4.9,2,1,1.00,CYCLE,S
IND,208,6592,59453,17/01/2019,08:10:31,15,0,18.9,1.0,6.8,6.7,2,1,1.00,CYCLE,S
IND,208,6592,59453,17/01/2019,08:11:05,15,0,20.7,1.1,34.4,34.2,2,1,1.00,CYCLE,S
IND,208,6592,59453,17/01/2019,08:11:08,15,0,24.1,1.0,2.2,2.0,2,1,1.00,CYCLE,S
IND,208,6592,59453,17/01/2019,08:11:09,15,0,25.0,1.1,1.1,0.9,2,1,1.00,CYCLE,S
IND,208,6592,59453,17/01/2019,08:11:18,15,0,25.1,1.0,9.5,9.3,2,1,1.00,CYCLE,S
IND,208,6592,59453,17/01/2019,08:12:02,15,0,27.5,1.0,43.8,43.7,2,1,1.00,CYCLE,S
IND,208,6592,59453,17/01/2019,08:12:06,15,0,21.3,1.1,4.5,4.3,2,1,1.00,CYCLE,S
IND,208,6592,59453,17/01/2019,08:12:09,15,0,22.3,1.1,2.9,2.7,2,1,1.00,CYCLE,S
IND,208,6592,59453,17/01/2019,08:12:14,15,0,19.0,1.0,5.0,4.9,2,1,1.00,CYCLE,S
IND,208,6592,59453,17/01/2019,08:12:24,15,0,16.0,1.1,10.2,10.0,2,1,1.00,CYCLE,S
IND,208,6592,59453,17/01/2019,08:12:46,15,0,24.6,1.1,21.8,21.6,2,1,1.00,CYCLE,S
IND,208,6592,59452,17/01/2019,08:12:53,15,1,19.5,1.1,175.9,175.8,2,1,1.00,CYCLE,N
IND,208,6592,59453,17/01/2019,08:12:56,15,0,20.3,1.0,9.8,9.7,2,1,1.00,CYCLE,S
IND,208,6592,59452,17/01/2019,08:12:58,15,1,21.7,1.1,4.4,4.2,2,1,1.00,CYCLE,N
IND,208,6592,59453,17/01/2019,08:13:11,15,0,25.9,1.1,14.5,14.4,2,1,1.00,CYCLE,S
IND,208,6592,59453,17/01/2019,08:13:27,15,0,23.4,1.0,16.0,15.9,2,1,1.00,CYCLE,S
IND,208,6592,59453,17/01/2019,08:14:01,15,0,25.3,1.0,34.6,34.4,2,1,1.00,CYCLE,S
IND,208,6592,59453,17/01/2019,08:14:05,15,0,27.5,1.0,4.1,3.9,2,1,1.00,CYCLE,S
IND,208,6592,59453,17/01/2019,08:14:08,15,0,25.3,1.0,2.4,2.2,2,1,1.00,CYCLE,S
IND,208,6592,59453,17/01/2019,08:14:09,15,0,23.1,1.1,1.0,0.8,2,1,1.00,CYCLE,S
IND,208,6592,59452,17/01/2019,08:14:52,15,1,20.9,1.1,114.5,114.3,2,1,1.00,CYCLE,N
IND,208,6592,59453,17/01/2019,08:15:10,15,0,24.3,1.1,61.6,61.4,2,1,1.00,CYCLE,S
IND,208,6592,59453,17/01/2019,08:15:16,15,0,24.1,1.2,5.9,5.8,2,1,1.00,CYCLE,S
IND,208,6592,59452,17/01/2019,08:15:30,15,1,24.5,1.1,37.4,37.2,2,1,1.00,CYCLE,N
IND,208,6592,59453,17/01/2019,08:16:34,15,0,31.4,1.0,77.7,77.6,2,1,1.00,CYCLE,S
IND,208,6592,59453,17/01/2019,08:16:35,15,0,30.1,1.0,0.8,0.6,2,1,1.00,CYCLE,S
IND,208,6592,59453,17/01/2019,08:16:46,15,0,30.7,1.1,11.5,11.3,2,1,1.00,CYCLE,S
IND,208,6592,59453,17/01/2019,08:16:47,15,0,29.7,1.0,0.6,0.5,2,1,1.00,CYCLE,S
IND,208,6592,59453,17/01/2019,08:16:47,15,0,27.5,1.0,0.5,0.4,2,1,1.00,CYCLE,S
IND,208,6592,59453,17/01/2019,08:17:15,15,0,26.4,1.0,27.7,27.5,2,1,1.00,CYCLE,S
IND,208,6592,59453,17/01/2019,08:17:45,15,0,26.6,1.0,29.9,29.7,2,1,1.00,CYCLE,S
IND,208,6592,59453,17/01/2019,08:17:48,15,0,25.2,1.1,3.4,3.3,2,1,1.00,CYCLE,S
IND,208,6592,59453,17/01/2019,08:17:52,15,0,26.2,1.1,3.4,3.3,2,1,1.00,CYCLE,S
IND,208,6592,59453,17/01/2019,08:17:52,15,0,23.8,1.1,0.3,0.2,2,1,1.00,CYCLE,S
IND,208,6592,59453,17/01/2019,08:19:49,15,0,21.0,1.1,32.8,32.5,2,1,1.00,CYCLE,S
IND,208,6592,59453,17/01/2019,08:19:50,15,0,21.7,1.1,1.1,1.0,2,1,1.00,CYCLE,S
IND,208,6592,59453,17/01/2019,08:20:29,15,0,22.6,1.0,38.9,38.7,2,1,1.00,CYCLE,S
IND,208,6592,59453,17/01/2019,08:20:31,15,0,27.1,1.0,1.6,1.5,2,1,1.00,CYCLE,S
IND,208,6592,59453,17/01/2019,08:21:09,15,0,24.7,1.0,37.8,37.6,2,1,1.00,CYCLE,S
IND,208,6592,59453,17/01/2019,08:21:35,15,0,29.4,1.0,26.2,26.0,2,1,1.00,CYCLE,S
IND,208,6592,59453,17/01/2019,08:21:37,15,0,26.6,1.0,2.4,2.3,2,1,1.00,CYCLE,S
IND,208,6592,59453,17/01/2019,08:21:44,15,0,24.0,1.1,6.5,6.4,2,1,1.00,CYCLE,S
IND,208,6592,59453,17/01/2019,08:21:46,15,0,22.6,1.1,2.3,2.1,2,1,1.00,CYCLE,S
IND,208,6592,59453,17/01/2019,08:21:51,15,0,26.1,1.1,4.8,4.6,2,1,1.00,CYCLE,S
IND,208,6592,59453,17/01/2019,08:21:52,15,0,19.7,1.0,0.7,0.5,2,1,1.00,CYCLE,S
IND,208,6592,59453,17/01/2019,08:21:54,15,0,22.9,1.1,2.2,2.0,2,1,1.00,CYCLE,S
IND,208,6592,59453,17/01/2019,08:22:47,15,0,25.4,1.0,52.9,52.7,2,1,1.00,CYCLE,S
IND,208,6592,59453,17/01/2019,08:23:28,15,0,29.2,1.0,41.2,41.1,2,1,1.00,CYCLE,S
IND,208,6592,59453,17/01/2019,08:23:36,15,0,29.8,1.1,8.5,8.3,2,1,1.00,CYCLE,S
IND,208,6592,59453,17/01/2019,08:23:41,15,0,26.0,1.1,4.5,4.4,2,1,1.00,CYCLE,S
IND,208,6592,59453,17/01/2019,08:23:44,15,0,26.4,1.0,2.9,2.7,2,1,1.00,CYCLE,S
IND,208,6592,59453,17/01/2019,08:23:45,15,0,25.0,1.1,1.6,1.5,2,1,1.00,CYCLE,S
IND,208,6592,59453,17/01/2019,08:23:46,15,0,25.1,1.0,0.3,0.2,2,1,1.00,CYCLE,S
IND,208,6592,59452,17/01/2019,08:24:49,15,1,16.4,1.0,559.1,558.9,2,1,1.00,CYCLE,N
IND,208,6592,59452,17/01/2019,08:24:49,15,1,16.4,1.0,0.0,0.0,2,1,1.00,CYCLE,N
IND,208,6592,59452,17/01/2019,08:24:50,15,1,16.0,1.0,1.2,0.8,2,1,1.00,CYCLE,N
IND,208,6592,59452,17/01/2019,08:24:50,15,1,16.0,1.0,0.0,0.0,2,1,1.00,CYCLE,N
IND,208,6592,59452,17/01/2019,08:24:51,15,1,16.5,1.1,1.0,0.7,2,1,1.00,CYCLE,N
IND,208,6592,59452,17/01/2019,08:24:56,15,1,16.5,1.0,5.5,5.2,2,1,1.00,CYCLE,N
IND,208,6592,59452,17/01/2019,08:24:56,15,1,16.5,1.0,0.0,0.0,2,1,1.00,CYCLE,N
IND,208,6592,59452,17/01/2019,08:24:58,15,1,16.7,1.0,1.5,1.2,2,1,0.93,CYCLE,N
IND,208,6592,59452,17/01/2019,08:24:58,15,1,16.7,1.0,0.0,0.0,2,1,0.93,CYCLE,N
IND,208,6592,59452,17/01/2019,08:24:58,15,1,16.7,1.0,0.0,0.0,2,1,0.93,CYCLE,N
IND,208,6592,59452,17/01/2019,08:25:00,15,1,16.7,1.0,2.4,1.4,2,1,1.00,CYCLE,N
IND,208,6592,59453,17/01/2019,08:25:28,15,0,25.0,1.1,102.4,102.3,2,1,1.00,CYCLE,S
IND,208,6592,59453,17/01/2019,08:26:02,15,0,28.7,1.0,33.3,33.2,2,1,1.00,CYCLE,S
IND,208,6592,59453,17/01/2019,08:26:04,15,0,27.2,1.0,2.6,2.5,2,1,1.00,CYCLE,S
IND,208,6592,59453,17/01/2019,08:26:17,15,0,19.3,1.0,13.3,13.2,2,1,1.00,CYCLE,S
IND,208,6592,59453,17/01/2019,08:26:19,15,0,19.7,0.9,1.2,1.1,2,1,1.00,CYCLE,S
IND,208,6592,59452,17/01/2019,08:26:32,15,1,22.9,1.0,91.9,91.7,2,1,1.00,CYCLE,N
IND,208,6592,59452,17/01/2019,08:26:34,15,1,22.4,1.1,2.3,2.1,2,1,1.00,CYCLE,N
IND,208,6592,59453,17/01/2019,08:26:37,15,0,28.5,1.1,18.0,17.8,2,1,1.00,CYCLE,S
IND,208,6592,59453,17/01/2019,08:26:38,15,0,23.3,1.0,1.4,1.2,2,1,1.00,CYCLE,S
IND,208,6592,59453,17/01/2019,08:26:59,15,0,27.1,1.1,20.5,20.3,2,1,1.00,CYCLE,S
IND,208,6592,59453,17/01/2019,08:26:59,15,0,27.1,1.0,0.3,0.1,2,1,1.00,CYCLE,S
IND,208,6592,59453,17/01/2019,08:27:18,15,0,33.4,1.1,18.9,18.8,2,1,1.00,CYCLE,S
IND,208,6592,59453,17/01/2019,08:27:19,15,0,25.7,1.0,1.3,1.2,2,1,1.00,CYCLE,S
IND,208,6592,59453,17/01/2019,08:27:20,15,0,23.0,1.1,1.1,0.9,2,1,1.00,CYCLE,S
IND,208,6592,59453,17/01/2019,08:27:43,15,0,29.1,1.0,22.7,22.5,2,1,1.00,CYCLE,S
IND,208,6592,59453,17/01/2019,08:27:50,15,0,28.2,1.0,7.6,7.5,2,1,1.00,CYCLE,S
IND,208,6592,59453,17/01/2019,08:27:59,15,0,23.1,1.0,8.2,8.1,2,1,1.00,CYCLE,S
IND,208,6592,59453,17/01/2019,08:28:02,15,0,22.6,1.0,3.5,3.3,2,1,1.00,CYCLE,S
IND,208,6592,59452,17/01/2019,08:28:32,15,1,29.0,1.0,117.5,117.3,2,1,1.00,CYCLE,N
IND,208,6592,59453,17/01/2019,08:28:35,15,0,28.7,1.0,33.0,32.8,2,1,1.00,CYCLE,S
IND,208,6592,59453,17/01/2019,08:29:40,15,0,26.8,1.0,64.5,64.3,2,1,1.00,CYCLE,S
IND,208,6592,59453,17/01/2019,08:31:59,15,0,17.9,1.1,139.4,139.3,2,1,1.00,CYCLE,S
IND,208,6592,59452,17/01/2019,08:32:02,15,1,27.1,1.0,210.6,210.5,2,1,1.00,CYCLE,N
IND,208,6592,59453,17/01/2019,08:32:11,15,0,31.8,1.1,11.6,11.4,2,1,1.00,CYCLE,S
IND,208,6592,59453,17/01/2019,08:32:12,15,0,28.5,1.0,1.3,1.2,2,1,1.00,CYCLE,S
IND,208,6592,59453,17/01/2019,08:32:16,15,0,22.3,1.0,3.8,3.6,2,1,1.00,CYCLE,S
IND,208,6592,59453,17/01/2019,08:32:35,15,0,22.1,1.1,19.7,19.6,2,1,1.00,CYCLE,S
IND,208,6592,59453,17/01/2019,08:32:42,15,0,22.8,1.1,6.7,6.6,2,1,1.00,CYCLE,S
IND,208,6592,59453,17/01/2019,08:33:09,15,0,28.0,1.1,26.4,26.3,2,1,1.00,CYCLE,S
IND,208,6592,59453,17/01/2019,08:33:16,15,0,24.9,1.0,7.4,7.2,2,1,1.00,CYCLE,S
IND,208,6592,59453,17/01/2019,08:33:17,15,0,24.1,1.0,1.6,1.4,2,1,1.00,CYCLE,S
IND,208,6592,59453,17/01/2019,08:33:24,15,0,23.0,1.1,6.1,6.0,2,1,1.00,CYCLE,S
IND,208,6592,59453,17/01/2019,08:34:52,15,0,24.3,1.0,88.1,87.9,2,1,1.00,CYCLE,S
IND,208,6592,59453,17/01/2019,08:34:56,15,0,30.4,1.0,4.6,4.4,2,1,1.00,CYCLE,S
IND,208,6592,59453,17/01/2019,08:35:07,15,0,26.9,1.0,10.7,10.6,2,1,1.00,CYCLE,S
IND,208,6592,59452,17/01/2019,08:36:33,15,1,21.6,1.0,270.4,270.3,2,1,1.00,CYCLE,N
IND,208,6592,59453,17/01/2019,08:37:03,15,0,29.1,1.0,116.6,116.4,2,1,1.00,CYCLE,S
IND,208,6592,59453,17/01/2019,08:37:06,15,0,25.2,1.1,2.6,2.5,2,1,1.00,CYCLE,S
IND,208,6592,59453,17/01/2019,08:37:10,15,0,29.3,1.1,3.9,3.8,2,1,1.00,CYCLE,S
IND,208,6592,59453,17/01/2019,08:37:11,15,0,25.5,1.0,1.1,1.0,2,1,1.00,CYCLE,S
IND,208,6592,59453,17/01/2019,08:37:11,15,0,25.5,1.0,0.0,0.0,2,1,1.00,CYCLE,S
IND,208,6592,59453,17/01/2019,08:37:31,15,0,32.1,1.0,20.2,20.0,2,1,1.00,CYCLE,S
IND,208,6592,59453,17/01/2019,08:37:39,15,0,28.3,1.0,7.3,7.2,2,1,1.00,CYCLE,S
IND,208,6592,59453,17/01/2019,08:37:46,15,0,23.7,1.0,7.1,7.0,2,1,1.00,CYCLE,S
IND,208,6592,59453,17/01/2019,08:37:49,15,0,24.4,1.0,3.0,2.8,2,1,1.00,CYCLE,S
IND,208,6592,59453,17/01/2019,08:38:17,15,0,27.7,1.0,28.5,28.3,2,1,1.00,CYCLE,S
IND,208,6592,59453,17/01/2019,08:38:36,15,0,21.3,1.1,18.3,18.1,2,1,1.00,CYCLE,S
IND,208,6592,59453,17/01/2019,08:39:44,15,0,26.4,1.0,68.7,68.5,2,1,1.00,CYCLE,S
IND,208,6592,59453,17/01/2019,08:39:48,15,0,23.9,1.1,3.9,3.8,2,1,1.00,CYCLE,S
IND,208,6592,59453,17/01/2019,08:40:15,15,0,26.2,1.0,27.3,27.1,2,1,1.00,CYCLE,S
IND,208,6592,59453,17/01/2019,08:40:23,15,0,23.4,1.1,7.7,7.6,2,1,1.00,CYCLE,S
IND,208,6592,59453,17/01/2019,08:40:30,15,0,23.6,1.0,6.7,6.5,2,1,1.00,CYCLE,S
IND,208,6592,59453,17/01/2019,08:40:35,15,0,18.4,1.0,5.5,5.3,2,1,1.00,CYCLE,S
IND,208,6592,59453,17/01/2019,08:40:35,15,0,18.4,1.0,0.0,0.0,2,1,1.00,CYCLE,S
IND,208,6592,59453,17/01/2019,08:41:49,15,0,24.9,1.1,73.4,73.2,2,1,1.00,CYCLE,S
IND,208,6592,59453,17/01/2019,08:42:24,15,0,26.7,1.2,34.9,34.7,2,1,1.00,CYCLE,S
IND,208,6592,59453,17/01/2019,08:42:30,15,0,24.3,1.1,6.8,6.6,2,1,1.00,CYCLE,S
IND,208,6592,59453,17/01/2019,08:43:13,15,0,18.9,1.1,42.3,42.1,2,1,1.00,CYCLE,S
IND,208,6592,59453,17/01/2019,08:43:18,15,0,18.4,1.1,5.2,5.0,2,1,1.00,CYCLE,S
IND,208,6592,59452,17/01/2019,08:44:17,15,1,29.8,1.0,463.8,463.6,2,1,1.00,CYCLE,N
IND,208,6592,59453,17/01/2019,08:44:22,15,0,31.5,1.0,64.6,64.4,2,1,1.00,CYCLE,S
IND,208,6592,59453,17/01/2019,08:44:35,15,0,26.6,1.0,12.2,12.1,2,1,1.00,CYCLE,S
IND,208,6592,59453,17/01/2019,08:45:01,15,0,25.0,1.0,26.0,25.9,2,1,1.00,CYCLE,S
IND,208,6592,59453,17/01/2019,08:45:52,15,0,22.2,1.0,1.1,1.0,2,1,1.00,CYCLE,S
IND,208,6592,59453,17/01/2019,08:45:54,15,0,20.6,1.0,2.0,1.8,2,1,1.00,CYCLE,S
IND,208,6592,59453,17/01/2019,08:45:54,15,0,20.6,1.0,0.0,0.0,2,1,1.00,CYCLE,S
IND,208,6592,59453,17/01/2019,08:46:17,15,0,22.8,1.1,22.4,22.2,2,1,1.00,CYCLE,S
IND,208,6592,59453,17/01/2019,08:46:58,15,0,26.2,1.0,41.6,41.4,2,1,1.00,CYCLE,S
IND,208,6592,59453,17/01/2019,08:47:07,15,0,23.4,1.0,9.3,9.2,2,1,1.00,CYCLE,S
IND,208,6592,59453,17/01/2019,08:47:15,15,0,19.6,1.1,7.1,6.9,2,1,1.00,CYCLE,S
IND,208,6592,59452,17/01/2019,08:48:18,15,1,22.4,1.1,241.2,241.1,2,1,1.00,CYCLE,N
IND,208,6592,59452,17/01/2019,08:48:21,15,1,21.7,1.1,3.2,3.0,2,1,1.00,CYCLE,N
IND,208,6592,59453,17/01/2019,08:48:38,15,0,20.7,1.1,83.3,83.1,2,1,1.00,CYCLE,S
IND,208,6592,59453,17/01/2019,08:49:01,15,0,27.6,1.1,23.7,23.5,2,1,1.00,CYCLE,S
IND,208,6592,59453,17/01/2019,08:49:34,15,0,29.0,1.0,32.3,32.2,2,1,1.00,CYCLE,S
IND,208,6592,59453,17/01/2019,08:52:03,15,0,25.5,1.0,149.5,149.4,2,1,1.00,CYCLE,S
IND,208,6592,59453,17/01/2019,08:52:06,15,0,24.1,1.1,3.0,2.9,2,1,1.00,CYCLE,S
IND,208,6592,59453,17/01/2019,08:52:56,15,0,25.0,1.0,49.6,49.4,2,1,1.00,CYCLE,S
IND,208,6592,59453,17/01/2019,08:54:53,15,0,20.6,1.1,117.1,117.0,2,1,1.00,CYCLE,S
IND,208,6592,59453,17/01/2019,08:55:34,15,0,19.7,1.1,41.3,41.1,2,1,1.00,CYCLE,S
IND,208,6592,59452,17/01/2019,08:55:41,15,1,33.4,1.0,440.1,439.9,2,1,1.00,CYCLE,N
IND,208,6592,59453,17/01/2019,08:55:51,15,0,25.2,1.0,16.7,16.5,2,1,1.00,CYCLE,S
IND,208,6592,59452,17/01/2019,08:56:38,15,1,17.0,1.0,57.0,56.9,2,1,1.00,CYCLE,N
IND,208,6592,59453,17/01/2019,08:58:11,15,0,25.0,1.0,140.1,139.9,2,1,1.00,CYCLE,S
IND,208,6592,59453,17/01/2019,08:58:18,15,0,23.3,1.0,7.3,7.1,2,1,1.00,CYCLE,S
IND,208,6592,59453,17/01/2019,08:58:36,15,0,15.6,1.0,17.1,16.9,2,1,1.00,CYCLE,S
IND,208,6592,59453,17/01/2019,08:58:50,15,0,15.9,1.1,14.5,14.3,2,1,1.00,CYCLE,S
IND,208,6592,59453,17/01/2019,08:59:09,15,0,21.1,1.1,18.7,18.5,2,1,1.00,CYCLE,S
IND,208,6592,59453,17/01/2019,08:59:23,15,0,25.0,1.0,13.9,13.7,2,1,1.00,CYCLE,S
IND,208,6592,59453,17/01/2019,08:59:49,15,0,23.7,1.1,26.3,26.2,2,1,1.00,CYCLE,S
IND,208,6592,59453,17/01/2019,09:00:03,15,0,22.9,1.1,13.9,13.8,2,1,1.00,CYCLE,S
IND,208,6592,59452,17/01/2019,09:00:28,15,1,20.1,1.1,229.8,229.5,2,1,1.00,CYCLE,N
IND,208,6592,59453,17/01/2019,09:01:16,15,0,27.6,1.0,73.2,73.1,2,1,1.00,CYCLE,S
IND,208,6592,59453,17/01/2019,09:01:49,15,0,24.5,1.0,32.8,32.7,2,1,1.00,CYCLE,S
IND,208,6592,59453,17/01/2019,09:01:57,15,0,20.0,1.1,8.5,8.4,2,1,1.00,CYCLE,S
IND,208,6592,59452,17/01/2019,09:02:12,15,1,20.1,1.1,104.1,103.9,2,1,1.00,CYCLE,N
IND,208,6592,59453,17/01/2019,09:02:21,15,0,11.4,0.4,23.9,23.7,2,1,1.00,CYCLE,S
IND,208,6592,59453,17/01/2019,09:03:06,15,0,34.3,1.1,44.3,44.2,2,1,1.00,CYCLE,S
IND,208,6592,59453,17/01/2019,09:03:18,15,0,27.7,1.0,11.9,11.7,2,1,1.00,CYCLE,S
IND,208,6592,59452,17/01/2019,09:03:58,15,1,27.0,1.0,105.5,105.3,2,1,1.00,CYCLE,N
IND,208,6592,59452,17/01/2019,09:05:07,15,1,21.2,1.0,69.3,69.2,2,1,1.00,CYCLE,N
IND,208,6592,59452,17/01/2019,09:05:43,15,1,28.6,1.0,35.7,35.5,2,1,1.00,CYCLE,N
IND,208,6592,59453,17/01/2019,09:06:24,15,0,23.7,1.1,186.3,186.1,2,1,1.00,CYCLE,S
IND,208,6592,59453,17/01/2019,09:06:58,15,0,22.9,1.1,34.4,34.2,2,1,1.00,CYCLE,S
IND,208,6592,59453,17/01/2019,09:07:50,15,0,17.7,1.1,51.6,51.5,2,1,1.00,CYCLE,S
IND,208,6592,59453,17/01/2019,09:08:33,15,0,25.1,1.0,43.1,42.9,2,1,1.00,CYCLE,S
IND,208,6592,59453,17/01/2019,09:10:04,15,0,30.0,1.0,90.7,90.6,2,1,1.00,CYCLE,S
IND,208,6592,59453,17/01/2019,09:10:13,15,0,21.1,1.0,9.1,9.0,2,1,1.00,CYCLE,S
IND,208,6592,59453,17/01/2019,09:11:13,15,0,24.2,1.1,60.7,60.5,2,1,1.00,CYCLE,S
IND,208,6592,59453,17/01/2019,09:11:14,15,0,23.8,1.0,0.4,0.3,2,1,1.00,CYCLE,S
IND,208,6592,59453,17/01/2019,09:12:13,15,0,18.0,1.1,59.6,59.4,2,1,1.00,CYCLE,S
IND,208,6592,59452,17/01/2019,09:14:29,15,1,17.6,1.1,525.8,525.7,2,1,1.00,CYCLE,N
IND,208,6592,59453,17/01/2019,09:17:16,15,0,22.7,1.0,34.1,34.0,2,1,1.00,CYCLE,S
IND,208,6592,59453,17/01/2019,09:17:19,15,0,26.4,1.1,2.9,2.7,2,1,1.00,CYCLE,S
IND,208,6592,59453,17/01/2019,09:19:59,15,0,28.1,1.0,160.3,160.1,2,1,1.00,CYCLE,S
IND,208,6592,59452,17/01/2019,09:20:48,15,1,19.4,1.1,379.6,379.4,2,1,1.00,CYCLE,N
IND,208,6592,59453,17/01/2019,09:20:56,15,0,26.3,1.0,56.4,56.3,2,1,1.00,CYCLE,S
IND,208,6592,59452,17/01/2019,09:22:23,15,1,21.6,1.1,95.2,95.0,2,1,1.00,CYCLE,N
IND,208,6592,59453,17/01/2019,09:22:28,15,0,24.9,1.1,92.1,91.9,2,1,1.00,CYCLE,S
IND,208,6592,59453,17/01/2019,09:22:55,15,0,26.7,1.1,27.3,27.1,2,1,1.00,CYCLE,S
IND,208,6592,59453,17/01/2019,09:22:58,15,0,24.6,1.1,2.5,2.4,2,1,1.00,CYCLE,S
IND,208,6592,59453,17/01/2019,09:24:30,15,0,21.0,1.0,92.6,92.4,2,1,1.00,CYCLE,S
IND,208,6592,59453,17/01/2019,09:24:35,15,0,19.0,1.1,5.0,4.8,2,1,1.00,CYCLE,S
IND,208,6592,59453,17/01/2019,09:26:18,15,0,27.2,1.0,102.8,102.6,2,1,1.00,CYCLE,S
IND,208,6592,59452,17/01/2019,09:26:51,15,1,23.5,1.1,267.8,267.6,2,1,1.00,CYCLE,N
IND,208,6592,59452,17/01/2019,09:29:38,15,1,28.7,1.0,166.4,166.2,2,1,1.00,CYCLE,N
IND,208,6592,59452,17/01/2019,09:29:40,15,1,24.0,1.0,2.7,2.6,2,1,1.00,CYCLE,N
IND,208,6592,59453,17/01/2019,09:32:13,15,0,28.3,1.0,354.9,354.8,2,1,1.00,CYCLE,S
IND,208,6592,59453,17/01/2019,09:32:30,15,0,18.6,1.1,17.3,17.2,2,1,1.00,CYCLE,S
IND,208,6592,59453,17/01/2019,09:33:05,15,0,20.5,1.0,34.5,34.3,2,1,1.00,CYCLE,S
IND,208,6592,59453,17/01/2019,09:33:05,15,0,20.5,1.0,0.0,0.0,2,1,1.00,CYCLE,S
IND,208,6592,59453,17/01/2019,09:34:08,15,0,22.4,1.1,63.4,63.1,2,1,1.00,CYCLE,S
IND,208,6592,59452,17/01/2019,09:34:53,15,1,21.8,1.1,313.2,313.0,2,1,1.00,CYCLE,N
IND,208,6592,59453,17/01/2019,09:35:00,15,0,30.0,1.0,52.1,51.9,2,1,1.00,CYCLE,S
IND,208,6592,59453,17/01/2019,09:35:03,15,0,26.8,1.1,2.7,2.6,2,1,1.00,CYCLE,S
IND,208,6592,59453,17/01/2019,09:36:00,15,0,27.6,1.0,57.4,57.3,2,1,1.00,CYCLE,S
IND,208,6592,59453,17/01/2019,09:37:40,15,0,21.5,1.0,100.0,99.8,2,1,1.00,CYCLE,S
IND,208,6592,59453,17/01/2019,09:38:21,15,0,17.9,1.1,40.3,40.1,2,1,1.00,CYCLE,S
IND,208,6592,59452,17/01/2019,09:40:35,15,1,32.3,1.0,341.4,341.2,2,1,1.00,CYCLE,N
IND,208,6592,59452,17/01/2019,09:40:40,15,1,29.8,1.0,5.7,5.6,2,1,1.00,CYCLE,N
IND,208,6592,59452,17/01/2019,09:40:40,15,1,29.8,1.0,0.0,0.0,2,1,1.00,CYCLE,N
IND,208,6592,59453,17/01/2019,09:41:40,15,0,26.2,1.0,199.2,199.0,2,1,1.00,CYCLE,S
IND,208,6592,59453,17/01/2019,09:41:40,15,0,26.2,1.0,0.0,0.0,2,1,1.00,CYCLE,S
IND,208,6592,59453,17/01/2019,09:41:41,15,0,26.7,1.0,0.9,0.7,2,1,1.00,CYCLE,S
IND,208,6592,59453,17/01/2019,09:41:41,15,0,26.0,1.0,0.3,0.2,2,1,1.00,CYCLE,S
IND,208,6592,59453,17/01/2019,09:43:58,15,0,21.2,1.1,137.0,136.9,2,1,1.00,CYCLE,S
IND,208,6592,59453,17/01/2019,09:44:19,15,0,28.7,1.0,21.2,21.0,2,1,1.00,CYCLE,S
IND,208,6592,59453,17/01/2019,09:45:01,15,0,27.0,1.0,42.0,41.8,2,1,1.00,CYCLE,S
IND,208,6592,59453,17/01/2019,09:45:29,15,0,25.6,1.0,27.5,27.4,2,1,1.00,CYCLE,S
IND,208,6592,59453,17/01/2019,09:46:13,15,0,26.3,1.1,44.2,44.1,2,1,1.00,CYCLE,S
IND,208,6592,59453,17/01/2019,09:46:32,15,0,22.0,1.1,19.0,18.8,2,1,1.00,CYCLE,S
IND,208,6592,59453,17/01/2019,09:46:33,15,0,22.6,1.1,1.1,0.9,2,1,1.00,CYCLE,S
IND,208,6592,59453,17/01/2019,09:47:07,15,0,18.2,1.1,34.2,34.0,2,1,1.00,CYCLE,S
IND,208,6592,59453,17/01/2019,09:49:57,15,0,24.3,1.0,170.2,170.0,2,1,1.00,CYCLE,S
IND,208,6592,59453,17/01/2019,09:50:01,15,0,24.3,1.0,3.4,3.3,2,1,1.00,CYCLE,S
IND,208,6592,59453,17/01/2019,09:50:02,15,0,23.9,1.0,1.5,1.3,2,1,1.00,CYCLE,S
IND,208,6592,59452,17/01/2019,09:51:57,15,1,24.6,1.0,676.9,676.7,2,1,1.00,CYCLE,N
IND,208,6592,59453,17/01/2019,09:53:43,15,0,19.0,1.0,220.5,220.3,2,1,1.00,CYCLE,S
IND,208,6592,59452,17/01/2019,09:56:05,15,1,20.1,1.0,247.4,247.2,2,1,1.00,CYCLE,N
IND,208,6592,59453,17/01/2019,09:57:11,15,0,20.5,1.0,207.9,207.7,2,1,0.86,CYCLE,S
IND,208,6592,59452,17/01/2019,09:57:59,15,1,23.8,1.0,114.1,113.9,2,1,1.00,CYCLE,N
IND,208,6592,59452,17/01/2019,09:58:33,15,1,29.1,1.0,34.1,33.9,2,1,1.00,CYCLE,N
IND,208,6592,59453,17/01/2019,10:01:10,15,0,26.7,1.0,239.5,239.3,2,1,1.00,CYCLE,S
IND,208,6592,59453,17/01/2019,10:01:16,15,0,24.8,1.0,5.5,5.4,2,1,1.00,CYCLE,S
IND,208,6592,59452,17/01/2019,10:01:44,15,1,24.8,1.0,191.0,190.9,2,1,1.00,CYCLE,N
IND,208,6592,59453,17/01/2019,10:02:18,15,0,25.9,1.0,62.6,62.4,2,1,1.00,CYCLE,S
IND,208,6592,59453,17/01/2019,10:03:05,15,0,28.8,1.1,46.6,46.5,2,1,1.00,CYCLE,S
IND,208,6592,59452,17/01/2019,10:03:46,15,1,18.1,1.1,121.7,121.6,2,1,1.00,CYCLE,N
IND,208,6592,59453,17/01/2019,10:05:14,15,0,30.5,1.0,128.9,128.8,2,1,1.00,CYCLE,S
IND,208,6592,59452,17/01/2019,10:05:32,15,1,23.7,1.1,106.9,106.7,2,1,1.00,CYCLE,N
IND,208,6592,59453,17/01/2019,10:07:00,15,0,27.4,1.0,106.7,106.6,2,1,1.00,CYCLE,S
IND,208,6592,59453,17/01/2019,10:07:07,15,0,23.9,1.1,6.5,6.4,2,1,1.00,CYCLE,S
IND,208,6592,59453,17/01/2019,10:07:33,15,0,27.0,1.0,26.1,25.9,2,1,1.00,CYCLE,S
IND,208,6592,59453,17/01/2019,10:07:40,15,0,19.6,1.1,7.4,7.3,2,1,1.00,CYCLE,S
IND,208,6592,59452,17/01/2019,10:09:18,15,1,28.9,1.1,225.3,225.2,2,1,1.00,CYCLE,N
IND,208,6592,59453,17/01/2019,10:10:28,15,0,21.0,1.1,167.3,167.1,2,1,1.00,CYCLE,S
IND,208,6592,59452,17/01/2019,10:11:32,15,1,16.6,1.0,134.0,133.9,2,1,1.00,CYCLE,N
IND,208,6592,59452,17/01/2019,10:11:32,15,1,16.6,1.0,0.0,0.0,2,1,1.00,CYCLE,N
IND,208,6592,59452,17/01/2019,10:13:22,15,1,22.8,1.0,109.7,109.4,2,1,1.00,CYCLE,N
IND,208,6592,59452,17/01/2019,10:13:28,15,1,20.2,0.9,7.0,6.8,2,1,1.00,CYCLE,N
IND,208,6592,59452,17/01/2019,10:13:31,15,1,18.1,1.0,2.5,2.3,2,1,1.00,CYCLE,N
IND,208,6592,59453,17/01/2019,10:14:51,15,0,32.0,1.1,263.6,263.4,2,1,1.00,CYCLE,S
IND,208,6592,59453,17/01/2019,10:16:44,15,0,20.9,1.1,113.0,112.9,2,1,1.00,CYCLE,S
IND,208,6592,59452,17/01/2019,10:20:38,15,1,22.6,1.0,427.4,427.2,2,1,1.00,CYCLE,N
IND,208,6592,59453,17/01/2019,10:22:27,15,0,25.1,1.1,342.4,342.2,2,1,1.00,CYCLE,S
IND,208,6592,59453,17/01/2019,10:23:28,15,0,24.3,1.1,61.5,61.3,2,1,1.00,CYCLE,S
IND,208,6592,59453,17/01/2019,10:24:14,15,0,25.9,1.0,45.7,45.5,2,1,1.00,CYCLE,S
IND,208,6592,59453,17/01/2019,10:25:10,15,0,14.6,1.1,56.5,56.3,2,1,1.00,CYCLE,S
IND,208,6592,59453,17/01/2019,10:25:14,15,0,13.0,1.1,4.2,3.9,2,1,1.00,CYCLE,S
IND,208,6592,59452,17/01/2019,10:25:16,15,1,25.6,1.1,277.3,277.1,2,1,1.00,CYCLE,N
IND,208,6592,59453,17/01/2019,10:25:27,15,0,27.5,1.0,12.6,12.3,2,1,1.00,CYCLE,S
IND,208,6592,59452,17/01/2019,10:25:57,15,1,21.8,1.1,40.9,40.8,2,1,1.00,CYCLE,N
IND,208,6592,59453,17/01/2019,10:27:03,15,0,17.4,1.1,95.5,95.4,2,1,1.00,CYCLE,S
IND,208,6592,59453,17/01/2019,10:29:57,15,0,29.6,1.0,1.0,0.9,2,1,1.00,CYCLE,S
IND,208,6592,59453,17/01/2019,10:31:57,15,0,18.4,1.0,120.1,120.0,2,1,1.00,CYCLE,S
IND,208,6592,59452,17/01/2019,10:33:40,15,1,25.9,1.1,463.4,463.2,2,1,1.00,CYCLE,N
IND,208,6592,59453,17/01/2019,10:35:20,15,0,25.0,1.1,202.8,202.6,2,1,1.00,CYCLE,S
IND,208,6592,59453,17/01/2019,10:35:30,15,0,22.6,1.0,10.7,10.5,2,1,1.00,CYCLE,S
IND,208,6592,59453,17/01/2019,10:35:32,15,0,22.3,1.0,1.1,0.9,2,1,1.00,CYCLE,S
IND,208,6592,59453,17/01/2019,10:35:33,15,0,22.5,1.0,1.2,1.0,2,1,1.00,CYCLE,S
IND,208,6592,59453,17/01/2019,10:35:35,15,0,23.3,1.1,2.1,2.0,2,1,1.00,CYCLE,S
IND,208,6592,59453,17/01/2019,10:35:37,15,0,21.4,1.1,2.0,1.9,2,1,1.00,CYCLE,S
IND,208,6592,59453,17/01/2019,10:35:39,15,0,18.9,1.0,1.7,1.5,2,1,1.00,CYCLE,S
IND,208,6592,59453,17/01/2019,10:35:39,15,0,18.9,1.0,0.0,0.0,2,1,1.00,CYCLE,S
IND,208,6592,59453,17/01/2019,10:35:39,15,0,18.9,1.0,0.0,0.0,2,1,1.00,CYCLE,S
IND,208,6592,59452,17/01/2019,10:37:45,15,1,29.7,1.0,245.2,245.1,2,1,1.00,CYCLE,N
IND,208,6592,59452,17/01/2019,10:39:18,15,1,24.0,1.1,93.0,92.8,2,1,1.00,CYCLE,N
IND,208,6592,59453,17/01/2019,10:42:06,15,0,29.1,1.0,387.6,386.7,2,1,1.00,CYCLE,S
IND,208,6592,59452,17/01/2019,10:43:08,15,1,26.9,1.0,229.3,229.2,2,1,0.86,CYCLE,N
IND,208,6592,59452,17/01/2019,10:43:11,15,1,24.8,1.0,3.0,2.9,2,1,1.00,CYCLE,N
IND,208,6592,59452,17/01/2019,10:43:14,15,1,23.3,1.0,3.5,3.3,2,1,1.00,CYCLE,N
IND,208,6592,59452,17/01/2019,10:45:18,15,1,26.9,1.0,123.8,123.7,2,1,1.00,CYCLE,N
IND,208,6592,59453,17/01/2019,10:45:51,15,0,28.0,1.0,224.9,224.8,2,1,1.00,CYCLE,S
IND,208,6592,59453,17/01/2019,10:47:16,15,0,26.5,1.0,84.9,84.8,2,1,1.00,CYCLE,S
IND,208,6592,59453,17/01/2019,10:47:25,15,0,25.8,1.1,8.8,8.7,2,1,1.00,CYCLE,S
IND,208,6592,59452,17/01/2019,10:50:45,15,1,27.5,1.0,326.8,326.6,2,1,1.00,CYCLE,N
IND,208,6592,59452,17/01/2019,10:50:47,15,1,25.1,1.1,1.9,1.8,2,1,1.00,CYCLE,N
IND,208,6592,59452,17/01/2019,10:53:31,15,1,26.6,1.0,164.4,164.2,2,1,1.00,CYCLE,N
IND,208,6592,59452,17/01/2019,10:55:26,15,1,27.6,1.1,115.6,115.4,2,1,1.00,CYCLE,N
IND,208,6592,59453,17/01/2019,10:59:29,15,0,16.2,1.1,723.6,723.4,2,1,1.00,CYCLE,S
IND,208,6592,59452,17/01/2019,11:00:45,15,1,27.4,1.1,318.5,318.3,2,1,1.00,CYCLE,N
IND,208,6592,59453,17/01/2019,11:02:33,15,0,20.6,1.1,184.8,184.6,2,1,1.00,CYCLE,S
IND,208,6592,59453,17/01/2019,11:02:38,15,0,25.0,1.1,4.9,4.7,2,1,1.00,CYCLE,S
IND,208,6592,59453,17/01/2019,11:05:45,15,0,21.8,1.1,187.2,187.1,2,1,1.00,CYCLE,S
IND,208,6592,59453,17/01/2019,11:08:33,15,0,18.2,1.0,167.2,167.1,2,1,1.00,CYCLE,S
IND,208,6592,59453,17/01/2019,11:09:05,15,0,4.1,1.0,32.3,32.1,2,1,0.50,CYCLE,S
IND,208,6592,59453,17/01/2019,11:09:05,15,0,4.1,1.0,0.0,0.0,2,1,0.50,CYCLE,S
IND,208,6592,59453,17/01/2019,11:10:04,15,0,21.6,1.0,58.6,56.0,2,1,1.00,CYCLE,S
IND,208,6592,59453,17/01/2019,11:14:35,15,0,19.2,1.1,271.4,271.2,2,1,1.00,CYCLE,S
IND,208,6592,59453,17/01/2019,11:14:35,15,0,18.1,1.1,0.4,0.2,2,1,1.00,CYCLE,S
IND,208,6592,59452,17/01/2019,11:14:52,15,1,17.4,1.1,847.4,847.3,2,1,1.00,CYCLE,N
IND,208,6592,59452,17/01/2019,11:16:34,15,1,23.9,1.0,20.3,20.1,2,1,1.00,CYCLE,N
IND,208,6592,59453,17/01/2019,11:17:14,15,0,27.3,1.0,158.7,158.5,2,1,1.00,CYCLE,S
IND,208,6592,59453,17/01/2019,11:19:25,15,0,21.4,1.1,130.9,130.8,2,1,1.00,CYCLE,S
IND,208,6592,59453,17/01/2019,11:19:26,15,0,21.3,1.1,0.8,0.6,2,1,1.00,CYCLE,S
IND,208,6592,59453,17/01/2019,11:19:26,15,0,20.6,1.1,0.6,0.4,2,1,1.00,CYCLE,S
IND,208,6592,59453,17/01/2019,11:19:27,15,0,21.6,1.1,0.5,0.3,2,1,1.00,CYCLE,S
IND,208,6592,59453,17/01/2019,11:19:31,15,0,19.1,1.1,3.7,3.5,2,1,1.00,CYCLE,S
IND,208,6592,59453,17/01/2019,11:19:31,15,0,18.2,1.1,0.7,0.5,2,1,1.00,CYCLE,S
IND,208,6592,59453,17/01/2019,11:19:32,15,0,19.4,1.1,1.0,0.8,2,1,1.00,CYCLE,S
IND,208,6592,59453,17/01/2019,11:19:34,15,0,18.3,1.0,1.5,1.3,2,1,1.00,CYCLE,S
IND,208,6592,59453,17/01/2019,11:19:35,15,0,17.4,1.0,1.0,0.8,2,1,1.00,CYCLE,S
IND,208,6592,59453,17/01/2019,11:23:04,15,0,26.2,1.1,209.6,209.3,2,1,1.00,CYCLE,S
IND,208,6592,59452,17/01/2019,11:26:06,15,1,35.0,1.0,571.9,571.7,2,1,1.00,CYCLE,N
IND,208,6592,59452,17/01/2019,11:26:14,15,1,21.6,1.1,7.9,7.8,2,1,1.00,CYCLE,N
IND,208,6592,59452,17/01/2019,11:29:29,15,1,21.9,1.1,195.0,194.8,2,1,1.00,CYCLE,N
IND,208,6592,59453,17/01/2019,11:31:12,15,0,23.0,1.0,488.0,487.8,2,1,1.00,CYCLE,S
IND,208,6592,59453,17/01/2019,11:31:13,15,0,22.3,1.1,1.2,1.0,2,1,1.00,CYCLE,S
IND,208,6592,59452,17/01/2019,11:31:46,15,1,27.6,1.1,137.2,137.0,2,1,1.00,CYCLE,N
IND,208,6592,59452,17/01/2019,11:31:52,15,1,22.1,1.0,6.0,5.9,2,1,1.00,CYCLE,N
IND,208,6592,59452,17/01/2019,11:33:14,15,1,24.1,1.0,82.2,82.1,2,1,1.00,CYCLE,N
IND,208,6592,59452,17/01/2019,11:36:22,15,1,30.1,1.0,187.7,187.5,2,1,1.00,CYCLE,N
IND,208,6592,59452,17/01/2019,11:36:23,15,1,24.7,1.0,0.6,0.5,2,1,1.00,CYCLE,N
IND,208,6592,59452,17/01/2019,11:38:49,15,1,23.7,1.1,146.1,146.0,2,1,1.00,CYCLE,N
IND,208,6592,59453,17/01/2019,11:39:56,15,0,12.6,1.0,522.3,522.1,2,1,1.00,CYCLE,S
IND,208,6592,59453,17/01/2019,11:41:28,15,0,26.2,1.0,92.2,91.9,2,1,1.00,CYCLE,S
IND,208,6592,59453,17/01/2019,11:42:15,15,0,21.9,1.1,46.9,46.8,2,1,1.00,CYCLE,S
IND,208,6592,59453,17/01/2019,11:42:15,15,0,21.4,1.1,0.5,0.3,2,1,1.00,CYCLE,S
IND,208,6592,59453,17/01/2019,11:43:32,15,0,22.1,1.1,76.4,76.2,2,1,1.00,CYCLE,S
IND,208,6592,59453,17/01/2019,11:43:54,15,0,25.2,1.0,22.1,21.9,2,1,1.00,CYCLE,S
IND,208,6592,59453,17/01/2019,11:46:37,15,0,24.8,1.0,163.1,162.9,2,1,1.00,CYCLE,S
IND,208,6592,59453,17/01/2019,11:47:23,15,0,20.9,1.1,46.3,46.1,2,1,1.00,CYCLE,S
IND,208,6592,59453,17/01/2019,11:50:26,15,0,13.2,1.0,182.8,182.6,2,1,1.00,CYCLE,S
IND,208,6592,59453,17/01/2019,11:50:26,15,0,13.2,1.0,0.0,0.0,2,1,1.00,CYCLE,S
IND,208,6592,59453,17/01/2019,11:50:28,15,0,13.9,1.0,1.8,1.4,2,1,1.00,CYCLE,S
IND,208,6592,59452,17/01/2019,11:50:49,15,1,31.4,1.0,720.4,720.2,2,1,1.00,CYCLE,N
IND,208,6592,59453,17/01/2019,11:52:05,15,0,17.5,1.1,96.7,96.5,2,1,1.00,CYCLE,S
IND,208,6592,59452,17/01/2019,11:54:48,15,1,18.6,1.0,162.8,162.7,2,1,1.00,CYCLE,N
IND,208,6592,59452,17/01/2019,11:54:48,15,1,18.6,1.0,0.0,0.0,2,1,1.00,CYCLE,N
IND,208,6592,59452,17/01/2019,11:56:18,15,1,24.4,1.1,90.6,90.3,2,1,1.00,CYCLE,N
IND,208,6592,59453,17/01/2019,11:56:51,15,0,25.6,1.0,286.0,285.7,2,1,1.00,CYCLE,S
IND,208,6592,59453,17/01/2019,11:57:44,15,0,21.5,1.0,53.1,52.9,2,1,1.00,CYCLE,S
IND,208,6592,59452,17/01/2019,11:59:55,15,1,26.2,1.0,216.2,216.0,2,1,1.00,CYCLE,N
IND,208,6592,59453,17/01/2019,12:02:16,15,0,20.9,1.1,272.6,272.4,2,1,1.00,CYCLE,S
IND,208,6592,59452,17/01/2019,12:02:42,15,1,22.1,1.0,167.7,167.6,2,1,1.00,CYCLE,N
IND,208,6592,59452,17/01/2019,12:03:38,15,1,29.5,1.0,55.9,55.7,2,1,1.00,CYCLE,N
IND,208,6592,59453,17/01/2019,12:03:49,15,0,20.2,1.1,93.2,93.0,2,1,1.00,CYCLE,S
IND,208,6592,59453,17/01/2019,12:04:53,15,0,18.2,1.0,63.7,63.5,2,1,1.00,CYCLE,S
IND,208,6592,59452,17/01/2019,12:06:21,15,1,22.6,1.0,162.7,162.6,2,1,1.00,CYCLE,N
IND,208,6592,59452,17/01/2019,12:07:35,15,1,12.4,1.0,73.8,73.7,2,1,1.00,CYCLE,N
IND,208,6592,59452,17/01/2019,12:07:37,15,1,11.0,0.7,2.1,1.8,2,1,1.00,CYCLE,N
IND,208,6592,59452,17/01/2019,12:09:24,15,1,32.4,1.0,107.5,107.2,2,1,1.00,CYCLE,N
IND,208,6592,59452,17/01/2019,12:09:26,15,1,32.1,1.1,1.8,1.7,2,1,1.00,CYCLE,N
IND,208,6592,59452,17/01/2019,12:09:27,15,1,33.2,1.0,1.2,1.0,2,1,1.00,CYCLE,N
IND,208,6592,59452,17/01/2019,12:09:29,15,1,29.6,1.0,2.3,2.1,2,1,1.00,CYCLE,N
IND,208,6592,59452,17/01/2019,12:11:12,15,1,16.6,1.0,103.0,102.9,2,1,1.00,CYCLE,N
IND,208,6592,59453,17/01/2019,12:13:50,15,0,23.9,1.1,537.1,536.8,2,1,1.00,CYCLE,S
IND,208,6592,59453,17/01/2019,12:14:59,15,0,23.9,1.0,69.1,68.9,2,1,1.00,CYCLE,S
IND,208,6592,59453,17/01/2019,12:15:07,15,0,24.3,1.1,7.7,7.6,2,1,1.00,CYCLE,S
IND,208,6592,59452,17/01/2019,12:18:58,15,1,17.6,1.1,466.1,465.9,2,1,1.00,CYCLE,N
IND,208,6592,59452,17/01/2019,12:19:02,15,1,14.9,1.0,3.6,3.4,2,1,1.00,CYCLE,N
IND,208,6592,59452,17/01/2019,12:20:15,15,1,15.1,1.0,72.9,72.6,2,1,1.00,CYCLE,N
IND,208,6592,59452,17/01/2019,12:20:15,15,1,15.1,1.0,0.0,0.0,2,1,1.00,CYCLE,N
IND,208,6592,59452,17/01/2019,12:20:38,15,1,15.3,1.1,23.3,22.8,2,1,1.00,CYCLE,N
IND,208,6592,59452,17/01/2019,12:20:41,15,1,15.7,1.1,2.4,2.2,2,1,1.00,CYCLE,N
IND,208,6592,59452,17/01/2019,12:23:01,15,1,23.8,1.0,140.5,140.2,2,1,1.00,CYCLE,N
IND,208,6592,59453,17/01/2019,12:23:10,15,0,21.2,1.0,482.8,482.7,2,1,1.00,CYCLE,S
IND,208,6592,59453,17/01/2019,12:23:29,15,0,23.1,1.0,19.7,19.5,2,1,1.00,CYCLE,S
IND,208,6592,59452,17/01/2019,12:24:37,15,1,28.4,1.0,96.2,96.0,2,1,1.00,CYCLE,N
IND,208,6592,59453,17/01/2019,12:24:58,15,0,21.3,1.0,89.0,88.8,2,1,1.00,CYCLE,S
IND,208,6592,59452,17/01/2019,12:26:25,15,1,22.7,1.0,107.5,107.3,2,1,1.00,CYCLE,N
IND,208,6592,59453,17/01/2019,12:28:52,15,0,22.4,1.0,233.6,233.5,2,1,1.00,CYCLE,S
IND,208,6592,59452,17/01/2019,12:30:04,15,1,19.9,1.1,219.0,218.8,2,1,1.00,CYCLE,N
IND,208,6592,59452,17/01/2019,12:30:04,15,1,19.0,1.1,0.3,0.1,2,1,1.00,CYCLE,N
IND,208,6592,59452,17/01/2019,12:31:00,15,1,24.6,1.0,55.8,55.6,2,1,1.00,CYCLE,N
IND,208,6592,59452,17/01/2019,12:31:48,15,1,29.2,1.0,48.4,48.2,2,1,1.00,CYCLE,N
IND,208,6592,59452,17/01/2019,12:35:39,15,1,27.0,1.1,230.9,230.8,2,1,1.00,CYCLE,N
IND,208,6592,59453,17/01/2019,12:36:06,15,0,19.1,1.1,434.3,434.2,2,1,1.00,CYCLE,S
IND,208,6592,59452,17/01/2019,12:37:24,15,1,25.8,1.1,104.5,104.4,2,1,1.00,CYCLE,N
IND,208,6592,59452,17/01/2019,12:39:55,15,1,21.1,1.1,151.6,151.5,2,1,1.00,CYCLE,N
IND,208,6592,59453,17/01/2019,12:40:18,15,0,18.9,1.0,251.3,251.1,2,1,0.86,CYCLE,S
IND,208,6592,59453,17/01/2019,12:45:26,15,0,22.6,1.0,308.0,307.6,2,1,1.00,CYCLE,S
IND,208,6592,59453,17/01/2019,12:48:33,15,0,25.1,1.1,187.6,187.5,2,1,1.00,CYCLE,S
IND,208,6592,59452,17/01/2019,12:49:32,15,1,25.8,1.0,483.4,483.2,2,1,1.00,CYCLE,N
IND,208,6592,59453,17/01/2019,12:50:18,15,0,21.8,1.1,104.9,104.8,2,1,1.00,CYCLE,S
IND,208,6592,59452,17/01/2019,12:51:58,15,1,20.7,1.1,145.8,145.7,2,1,1.00,CYCLE,N
IND,208,6592,59452,17/01/2019,12:53:31,15,1,25.6,1.0,93.3,93.1,2,1,1.00,CYCLE,N
IND,208,6592,59452,17/01/2019,12:54:46,15,1,21.5,1.0,74.9,74.7,2,1,1.00,CYCLE,N
IND,208,6592,59452,17/01/2019,12:56:39,15,1,24.2,1.1,113.0,112.8,2,1,1.00,CYCLE,N
IND,208,6592,59453,17/01/2019,12:57:21,15,0,17.2,1.1,422.9,422.7,2,1,1.00,CYCLE,S
IND,208,6592,59453,17/01/2019,12:57:25,15,0,18.1,1.1,3.9,3.7,2,1,1.00,CYCLE,S
IND,208,6592,59453,17/01/2019,12:58:47,15,0,24.1,1.0,82.2,82.0,2,1,1.00,CYCLE,S
IND,208,6592,59452,17/01/2019,12:59:20,15,1,22.7,1.1,161.6,161.4,2,1,1.00,CYCLE,N
IND,208,6592,59453,17/01/2019,13:05:04,15,0,28.0,1.0,376.3,376.2,2,1,1.00,CYCLE,S
IND,208,6592,59453,17/01/2019,13:07:36,15,0,27.3,1.0,152.5,152.4,2,1,1.00,CYCLE,S
IND,208,6592,59453,17/01/2019,13:09:30,15,0,21.4,1.1,113.4,113.3,2,1,1.00,CYCLE,S
IND,208,6592,59453,17/01/2019,13:10:19,15,0,24.1,1.0,49.6,49.4,2,1,1.00,CYCLE,S
IND,208,6592,59453,17/01/2019,13:12:30,15,0,24.8,1.1,131.2,131.1,2,1,1.00,CYCLE,S
IND,208,6592,59452,17/01/2019,13:13:07,15,1,18.9,1.1,827.0,826.8,2,1,1.00,CYCLE,N
IND,208,6592,59452,17/01/2019,13:16:05,15,1,24.9,1.1,177.6,177.4,2,1,1.00,CYCLE,N
IND,208,6592,59453,17/01/2019,13:17:27,15,0,25.4,1.0,296.5,296.4,2,1,1.00,CYCLE,S
IND,208,6592,59452,17/01/2019,13:18:04,15,1,19.2,1.0,119.2,119.1,2,1,1.00,CYCLE,N
IND,208,6592,59452,17/01/2019,13:18:09,15,1,15.7,1.0,4.5,4.4,2,1,1.00,CYCLE,N
IND,208,6592,59453,17/01/2019,13:18:54,15,0,14.0,1.0,87.0,86.9,2,1,1.00,CYCLE,S
IND,208,6592,59452,17/01/2019,13:19:42,15,1,21.7,1.1,93.3,93.0,2,1,1.00,CYCLE,N
IND,208,6592,59453,17/01/2019,13:20:33,15,0,23.2,1.0,98.5,98.3,2,1,1.00,CYCLE,S
IND,208,6592,59453,17/01/2019,13:21:12,15,0,18.4,1.1,39.8,39.6,2,1,1.00,CYCLE,S
IND,208,6592,59452,17/01/2019,13:22:48,15,1,30.7,1.0,186.0,185.8,2,1,1.00,CYCLE,N
IND,208,6592,59453,17/01/2019,13:23:49,15,0,24.7,1.1,156.5,156.3,2,1,1.00,CYCLE,S
IND,208,6592,59452,17/01/2019,13:24:46,15,1,28.4,1.0,118.2,118.1,2,1,1.00,CYCLE,N
IND,208,6592,59452,17/01/2019,13:24:49,15,1,29.5,1.0,2.3,2.2,2,1,1.00,CYCLE,N
IND,208,6592,59452,17/01/2019,13:26:28,15,1,22.9,1.0,99.0,98.9,2,1,1.00,CYCLE,N
IND,208,6592,59452,17/01/2019,13:27:03,15,1,22.4,1.1,35.0,34.9,2,1,1.00,CYCLE,N
IND,208,6592,59452,17/01/2019,13:28:59,15,1,24.2,1.0,116.5,116.3,2,1,1.00,CYCLE,N
IND,208,6592,59453,17/01/2019,13:29:22,15,0,20.9,1.0,333.5,333.3,2,1,1.00,CYCLE,S
IND,208,6592,59452,17/01/2019,13:32:18,15,1,19.4,1.0,199.0,198.9,2,1,1.00,CYCLE,N
IND,208,6592,59453,17/01/2019,13:34:14,15,0,20.7,1.0,292.2,292.0,2,1,1.00,CYCLE,S
IND,208,6592,59453,17/01/2019,13:34:30,15,0,18.5,1.1,15.5,15.3,2,1,1.00,CYCLE,S
IND,208,6592,59452,17/01/2019,13:35:40,15,1,26.3,1.1,201.4,201.2,2,1,1.00,CYCLE,N
IND,208,6592,59452,17/01/2019,13:35:45,15,1,21.7,1.1,5.7,5.5,2,1,1.00,CYCLE,N
IND,208,6592,59453,17/01/2019,13:36:06,15,0,31.6,1.0,95.9,95.7,2,1,1.00,CYCLE,S
IND,208,6592,59452,17/01/2019,13:37:40,15,1,21.2,1.0,114.4,114.3,2,1,1.00,CYCLE,N
IND,208,6592,59452,17/01/2019,13:37:41,15,1,18.4,1.1,1.5,1.4,2,1,1.00,CYCLE,N
IND,208,6592,59452,17/01/2019,13:37:49,15,1,16.0,1.0,7.8,7.6,2,1,1.00,CYCLE,N
IND,208,6592,59452,17/01/2019,13:37:49,15,1,16.0,1.0,0.0,0.0,2,1,1.00,CYCLE,N
IND,208,6592,59452,17/01/2019,13:38:02,15,1,25.4,1.0,13.4,13.0,2,1,1.00,CYCLE,N
IND,208,6592,59452,17/01/2019,13:40:31,15,1,21.0,1.0,148.4,148.3,2,1,1.00,CYCLE,N
IND,208,6592,59453,17/01/2019,13:40:37,15,0,24.0,1.0,271.4,271.3,2,1,1.00,CYCLE,S
IND,208,6592,59453,17/01/2019,13:41:00,15,0,28.8,1.0,23.0,22.8,2,1,1.00,CYCLE,S
IND,208,6592,59452,17/01/2019,13:41:36,15,1,21.0,1.1,65.6,65.4,2,1,1.00,CYCLE,N
IND,208,6592,59452,17/01/2019,13:41:46,15,1,14.3,1.0,9.9,9.8,2,1,1.00,CYCLE,N
IND,208,6592,59452,17/01/2019,13:43:12,15,1,25.0,1.0,85.1,84.8,2,1,1.00,CYCLE,N
IND,208,6592,59452,17/01/2019,13:43:16,15,1,21.7,1.1,4.2,4.1,2,1,1.00,CYCLE,N
IND,208,6592,59453,17/01/2019,13:43:16,15,0,32.4,1.0,135.8,135.7,2,1,1.00,CYCLE,S
IND,208,6592,59453,17/01/2019,13:43:28,15,0,23.9,1.0,11.7,11.6,2,1,1.00,CYCLE,S
IND,208,6592,59452,17/01/2019,13:45:48,15,1,31.8,1.1,152.5,152.3,2,1,1.00,CYCLE,N
IND,208,6592,59452,17/01/2019,13:46:06,15,1,29.8,1.0,18.1,18.0,2,1,1.00,CYCLE,N
IND,208,6592,59452,17/01/2019,13:46:16,15,1,31.1,1.0,9.3,9.2,2,1,1.00,CYCLE,N
IND,208,6592,59453,17/01/2019,13:46:24,15,0,22.7,1.0,176.2,176.1,2,1,1.00,CYCLE,S
IND,208,6592,59453,17/01/2019,13:47:13,15,0,27.5,1.0,48.5,48.4,2,1,1.00,CYCLE,S
IND,208,6592,59453,17/01/2019,13:47:17,15,0,25.5,1.1,4.3,4.2,2,1,1.00,CYCLE,S
IND,208,6592,59452,17/01/2019,13:47:50,15,1,20.5,1.0,93.9,93.8,2,1,1.00,CYCLE,N
IND,208,6592,59452,17/01/2019,13:47:50,15,1,20.5,1.0,0.0,0.0,2,1,1.00,CYCLE,N
IND,208,6592,59452,17/01/2019,13:48:07,15,1,21.3,1.0,17.7,17.4,2,1,1.00,CYCLE,N
IND,208,6592,59452,17/01/2019,13:49:52,15,1,24.7,1.1,104.3,104.1,2,1,1.00,CYCLE,N
IND,208,6592,59453,17/01/2019,13:51:08,15,0,28.1,1.1,231.2,231.0,2,1,1.00,CYCLE,S
IND,208,6592,59453,17/01/2019,13:51:09,15,0,24.3,1.0,1.2,1.0,2,1,1.00,CYCLE,S
IND,208,6592,59452,17/01/2019,13:51:41,15,1,21.7,1.1,109.5,109.3,2,1,1.00,CYCLE,N
IND,208,6592,59453,17/01/2019,13:52:18,15,0,18.6,1.1,68.7,68.5,2,1,1.00,CYCLE,S
IND,208,6592,59453,17/01/2019,13:52:31,15,0,25.5,1.0,13.6,13.3,2,1,1.00,CYCLE,S
IND,208,6592,59452,17/01/2019,13:53:08,15,1,33.0,1.1,87.3,87.1,2,1,1.00,CYCLE,N
IND,208,6592,59452,17/01/2019,13:53:12,15,1,30.9,1.2,4.1,4.0,2,1,1.00,CYCLE,N
IND,208,6592,59452,17/01/2019,13:53:13,15,1,30.1,1.0,0.7,0.6,2,1,1.00,CYCLE,N
IND,208,6592,59453,17/01/2019,13:53:22,15,0,20.6,1.0,50.5,50.4,2,1,1.00,CYCLE,S
IND,208,6592,59452,17/01/2019,13:54:03,15,1,19.8,1.1,49.4,49.3,2,1,1.00,CYCLE,N
IND,208,6592,59452,17/01/2019,13:55:28,15,1,18.9,1.1,85.3,85.1,2,1,1.00,CYCLE,N
IND,208,6592,59453,17/01/2019,13:57:07,15,0,24.0,1.0,224.6,224.5,2,1,1.00,CYCLE,S
IND,208,6592,59452,17/01/2019,13:57:26,15,1,31.3,1.0,117.9,117.6,2,1,1.00,CYCLE,N
IND,208,6592,59452,17/01/2019,13:57:30,15,1,25.3,1.1,4.0,3.9,2,1,1.00,CYCLE,N
IND,208,6592,59453,17/01/2019,13:58:33,15,0,27.7,1.0,86.7,86.5,2,1,1.00,CYCLE,S
IND,208,6592,59453,17/01/2019,14:00:39,15,0,26.5,1.0,125.4,125.3,2,1,1.00,CYCLE,S
IND,208,6592,59452,17/01/2019,14:01:46,15,1,18.4,1.0,255.8,255.7,2,1,1.00,CYCLE,N
IND,208,6592,59452,17/01/2019,14:03:27,15,1,22.9,1.1,101.9,101.7,2,1,1.00,CYCLE,N
IND,208,6592,59452,17/01/2019,14:04:57,15,1,23.9,1.0,89.2,89.0,2,1,1.00,CYCLE,N
IND,208,6592,59452,17/01/2019,14:04:57,15,1,23.9,1.0,0.0,0.0,2,1,1.00,CYCLE,N
IND,208,6592,59452,17/01/2019,14:05:10,15,1,29.7,1.1,13.1,12.9,2,1,1.00,CYCLE,N
IND,208,6592,59452,17/01/2019,14:05:11,15,1,27.5,1.1,1.2,1.1,2,1,1.00,CYCLE,N
IND,208,6592,59453,17/01/2019,14:05:12,15,0,26.4,1.0,273.8,273.7,2,1,0.33,CYCLE,S
IND,208,6592,59452,17/01/2019,14:05:13,15,1,28.0,1.0,2.3,2.1,2,1,1.00,CYCLE,N
IND,208,6592,59452,17/01/2019,14:06:51,15,1,29.0,1.0,97.7,97.5,2,1,1.00,CYCLE,N
IND,208,6592,59452,17/01/2019,14:07:09,15,1,25.0,1.0,18.1,18.0,2,1,1.00,CYCLE,N
IND,208,6592,59453,17/01/2019,14:07:39,15,0,15.3,1.0,146.2,146.0,2,1,1.00,CYCLE,S
IND,208,6592,59452,17/01/2019,14:08:33,15,1,24.1,1.0,84.2,84.0,2,1,1.00,CYCLE,N
IND,208,6592,59452,17/01/2019,14:11:02,15,1,23.2,1.2,149.0,148.8,2,1,1.00,CYCLE,N
IND,208,6592,59453,17/01/2019,14:12:05,15,0,21.7,1.0,266.4,266.1,2,1,1.00,CYCLE,S
IND,208,6592,59452,17/01/2019,14:14:55,15,1,24.5,1.0,233.1,232.9,2,1,1.00,CYCLE,N
IND,208,6592,59453,17/01/2019,14:15:58,15,0,21.6,1.1,233.3,233.1,2,1,1.00,CYCLE,S
IND,208,6592,59452,17/01/2019,14:16:26,15,1,18.2,1.1,90.3,90.1,2,1,1.00,CYCLE,N
IND,208,6592,59452,17/01/2019,14:16:51,15,1,32.6,1.0,25.5,25.3,2,1,1.00,CYCLE,N
IND,208,6592,59452,17/01/2019,14:16:52,15,1,32.8,1.1,0.8,0.7,2,1,1.00,CYCLE,N
IND,208,6592,59452,17/01/2019,14:16:56,15,1,25.3,1.1,3.7,3.6,2,1,1.00,CYCLE,N
IND,208,6592,59452,17/01/2019,14:18:35,15,1,29.0,1.1,99.9,99.8,2,1,1.00,CYCLE,N
IND,208,6592,59452,17/01/2019,14:18:37,15,1,28.8,1.0,1.1,0.9,2,1,1.00,CYCLE,N
IND,208,6592,59453,17/01/2019,14:18:39,15,0,26.4,1.0,160.6,160.4,2,1,1.00,CYCLE,S
IND,208,6592,59452,17/01/2019,14:20:55,15,1,25.5,1.0,138.1,138.0,2,1,1.00,CYCLE,N
IND,208,6592,59452,17/01/2019,14:22:53,15,1,26.5,1.0,118.5,118.4,2,1,1.00,CYCLE,N
IND,208,6592,59452,17/01/2019,14:24:37,15,1,24.6,1.2,104.1,104.0,2,1,1.00,CYCLE,N
IND,208,6592,59452,17/01/2019,14:24:53,15,1,25.9,1.1,15.6,15.4,2,1,1.00,CYCLE,N
IND,208,6592,59452,17/01/2019,14:24:57,15,1,24.8,1.1,4.3,4.2,2,1,1.00,CYCLE,N
IND,208,6592,59453,17/01/2019,14:25:49,15,0,25.4,1.0,427.8,427.7,2,1,1.00,CYCLE,S
IND,208,6592,59452,17/01/2019,14:26:35,15,1,26.6,1.0,97.7,97.5,2,1,1.00,CYCLE,N
IND,208,6592,59453,17/01/2019,14:27:12,15,0,19.7,1.1,83.6,83.4,2,1,1.00,CYCLE,S
IND,208,6592,59452,17/01/2019,14:30:38,15,1,28.9,1.0,243.0,242.9,2,1,1.00,CYCLE,N
IND,208,6592,59452,17/01/2019,14:30:41,15,1,24.0,1.1,3.2,3.0,2,1,1.00,CYCLE,N
IND,208,6592,59452,17/01/2019,14:30:47,15,1,20.4,1.0,5.5,5.4,2,1,1.00,CYCLE,N
IND,208,6592,59452,17/01/2019,14:30:51,15,1,21.4,1.1,4.1,3.9,2,1,1.00,CYCLE,N
IND,208,6592,59452,17/01/2019,14:30:53,15,1,21.5,1.1,2.0,1.8,2,1,1.00,CYCLE,N
IND,208,6592,59452,17/01/2019,14:31:07,15,1,18.0,1.0,14.4,14.3,2,1,1.00,CYCLE,N
IND,208,6592,59452,17/01/2019,14:32:34,15,1,26.9,1.0,86.5,86.3,2,1,1.00,CYCLE,N
IND,208,6592,59452,17/01/2019,14:34:21,15,1,17.3,1.0,107.5,107.4,2,1,1.00,CYCLE,N
IND,208,6592,59452,17/01/2019,14:36:29,15,1,28.9,1.1,127.9,127.7,2,1,1.00,CYCLE,N
IND,208,6592,59452,17/01/2019,14:36:38,15,1,24.8,1.1,9.1,9.0,2,1,1.00,CYCLE,N
IND,208,6592,59452,17/01/2019,14:37:41,15,1,18.7,1.1,62.7,62.5,2,1,1.00,CYCLE,N
IND,208,6592,59452,17/01/2019,14:38:13,15,1,25.0,1.0,32.5,32.3,2,1,1.00,CYCLE,N
IND,208,6592,59452,17/01/2019,14:38:14,15,1,29.6,1.0,1.0,0.9,2,1,1.00,CYCLE,N
IND,208,6592,59453,17/01/2019,14:38:50,15,0,19.3,1.1,698.1,697.9,2,1,1.00,CYCLE,S
IND,208,6592,59452,17/01/2019,14:40:02,15,1,14.5,1.1,107.5,107.4,2,1,1.00,CYCLE,N
IND,208,6592,59452,17/01/2019,14:40:37,15,1,25.2,1.0,34.7,34.4,2,1,1.00,CYCLE,N
IND,208,6592,59452,17/01/2019,14:42:27,15,1,44.4,1.1,110.9,110.7,2,1,1.00,CYCLE,N
IND,208,6592,59452,17/01/2019,14:42:29,15,1,28.0,1.1,1.9,1.8,2,1,1.00,CYCLE,N
IND,208,6592,59452,17/01/2019,14:42:31,15,1,27.0,1.1,1.5,1.3,2,1,1.00,CYCLE,N
IND,208,6592,59452,17/01/2019,14:44:38,15,1,26.2,1.0,127.1,126.9,2,1,1.00,CYCLE,N
IND,208,6592,59452,17/01/2019,14:44:38,15,1,26.2,1.0,0.0,0.0,2,1,1.00,CYCLE,N
IND,208,6592,59452,17/01/2019,14:44:41,15,1,26.1,1.1,2.8,2.6,2,1,1.00,CYCLE,N
IND,208,6592,59453,17/01/2019,14:45:36,15,0,20.2,1.0,405.6,405.4,2,1,1.00,CYCLE,S
IND,208,6592,59452,17/01/2019,14:46:18,15,1,15.3,1.1,97.8,97.7,2,1,1.00,CYCLE,N
IND,208,6592,59452,17/01/2019,14:46:31,15,1,27.8,1.1,13.0,12.7,2,1,1.00,CYCLE,N
IND,208,6592,59452,17/01/2019,14:46:38,15,1,27.8,1.0,6.5,6.4,2,1,1.00,CYCLE,N
IND,208,6592,59453,17/01/2019,14:46:42,15,0,11.2,1.1,65.6,65.4,2,1,1.00,CYCLE,S
IND,208,6592,59453,17/01/2019,14:46:43,15,0,11.1,1.0,1.1,0.7,2,1,0.89,CYCLE,S
IND,208,6592,59453,17/01/2019,14:46:43,15,0,11.1,1.0,0.0,0.0,2,1,0.89,CYCLE,S
IND,208,6592,59452,17/01/2019,14:46:48,15,1,22.8,1.0,9.7,9.6,2,1,1.00,CYCLE,N
IND,208,6592,59452,17/01/2019,14:48:19,15,1,15.6,1.1,91.0,90.9,2,1,1.00,CYCLE,N
IND,208,6592,59452,17/01/2019,14:48:25,15,1,29.1,1.0,6.1,5.9,2,1,1.00,CYCLE,N
IND,208,6592,59452,17/01/2019,14:49:01,15,1,22.1,1.1,35.9,35.8,2,1,1.00,CYCLE,N
IND,208,6592,59452,17/01/2019,14:50:02,15,1,42.0,1.2,61.2,61.0,2,1,1.00,CYCLE,N
IND,208,6592,59452,17/01/2019,14:50:14,15,1,31.0,1.1,12.2,12.1,2,1,1.00,CYCLE,N
IND,208,6592,59452,17/01/2019,14:50:36,15,1,25.6,1.0,22.1,22.0,2,1,1.00,CYCLE,N
IND,208,6592,59452,17/01/2019,14:50:45,15,1,22.5,1.1,8.8,8.2,2,1,1.00,CYCLE,N
IND,208,6592,59452,17/01/2019,14:50:45,15,1,21.9,1.1,0.5,0.4,2,1,1.00,CYCLE,N
IND,208,6592,59452,17/01/2019,14:52:24,15,1,22.8,1.0,98.5,98.3,2,1,1.00,CYCLE,N
IND,208,6592,59452,17/01/2019,14:52:25,15,1,29.3,1.0,0.6,0.4,2,1,1.00,CYCLE,N
IND,208,6592,59452,17/01/2019,14:52:27,15,1,22.1,1.1,2.8,2.7,2,1,1.00,CYCLE,N
IND,208,6592,59452,17/01/2019,14:52:30,15,1,28.4,1.1,2.1,2.2,2,1,1.00,CYCLE,N
IND,208,6592,59453,17/01/2019,14:52:55,15,0,14.7,1.0,372.8,371.5,2,1,1.00,CYCLE,S
IND,208,6592,59453,17/01/2019,14:52:55,15,0,14.7,1.0,0.0,0.0,2,1,1.00,CYCLE,S
IND,208,6592,59452,17/01/2019,14:54:23,15,1,25.3,1.0,112.4,112.2,2,1,1.00,CYCLE,N
IND,208,6592,59452,17/01/2019,14:54:25,15,1,25.0,1.0,2.1,1.9,2,1,1.00,CYCLE,N
IND,208,6592,59452,17/01/2019,14:54:33,15,1,21.5,1.0,8.0,7.9,2,1,1.00,CYCLE,N
IND,208,6592,59453,17/01/2019,14:56:27,15,0,19.2,1.0,211.6,211.3,2,1,1.00,CYCLE,S
IND,208,6592,59452,17/01/2019,14:56:30,15,1,27.3,1.0,116.8,116.6,2,1,1.00,CYCLE,N
IND,208,6592,59452,17/01/2019,14:56:30,15,1,27.7,1.0,0.4,0.3,2,1,1.00,CYCLE,N
IND,208,6592,59452,17/01/2019,14:57:11,15,1,20.8,1.1,41.3,41.2,2,1,1.00,CYCLE,N
IND,208,6592,59452,17/01/2019,14:57:26,15,1,14.6,1.0,15.0,14.8,2,1,1.00,CYCLE,N
IND,208,6592,59452,17/01/2019,14:58:25,15,1,30.2,1.0,58.5,58.2,2,1,1.00,CYCLE,N
IND,208,6592,59453,17/01/2019,14:59:13,15,0,25.2,1.0,165.5,165.3,2,1,1.00,CYCLE,S
IND,208,6592,59452,17/01/2019,15:00:07,15,1,17.7,1.0,101.9,101.8,2,1,1.00,CYCLE,N
IND,208,6592,59452,17/01/2019,15:00:23,15,1,28.8,1.0,16.2,15.9,2,1,1.00,CYCLE,N
IND,208,6592,59452,17/01/2019,15:00:27,15,1,26.8,1.0,4.0,3.9,2,1,1.00,CYCLE,N
IND,208,6592,59452,17/01/2019,15:00:41,15,1,25.0,1.1,13.8,13.7,2,1,1.00,CYCLE,N
IND,208,6592,59452,17/01/2019,15:02:02,15,1,19.3,1.1,81.4,81.2,2,1,1.00,CYCLE,N
IND,208,6592,59452,17/01/2019,15:02:26,15,1,26.3,1.1,23.4,23.2,2,1,1.00,CYCLE,N
IND,208,6592,59453,17/01/2019,15:03:01,15,0,24.0,1.0,228.5,228.2,2,1,1.00,CYCLE,S
IND,208,6592,59452,17/01/2019,15:03:42,15,1,25.2,1.0,76.6,76.4,2,1,1.00,CYCLE,N
IND,208,6592,59452,17/01/2019,15:04:32,15,1,24.6,1.1,49.9,49.8,2,1,1.00,CYCLE,N
IND,208,6592,59452,17/01/2019,15:04:36,15,1,23.2,1.0,3.9,3.7,2,1,1.00,CYCLE,N
IND,208,6592,59452,17/01/2019,15:06:05,15,1,32.1,1.0,89.2,89.0,2,1,1.00,CYCLE,N
IND,208,6592,59452,17/01/2019,15:06:35,15,1,22.8,1.0,29.7,29.6,2,1,1.00,CYCLE,N
IND,208,6592,59453,17/01/2019,15:07:38,15,0,26.5,1.1,276.6,276.5,2,1,1.00,CYCLE,S
IND,208,6592,59453,17/01/2019,15:07:47,15,0,20.4,1.1,9.7,9.5,2,1,1.00,CYCLE,S
IND,208,6592,59452,17/01/2019,15:08:21,15,1,29.9,1.0,106.6,106.5,2,1,1.00,CYCLE,N
IND,208,6592,59452,17/01/2019,15:08:26,15,1,28.7,1.1,4.2,4.1,2,1,1.00,CYCLE,N
IND,208,6592,59452,17/01/2019,15:08:30,15,1,28.5,1.0,4.5,4.4,2,1,1.00,CYCLE,N
IND,208,6592,59452,17/01/2019,15:08:32,15,1,36.1,1.1,1.6,1.4,2,1,1.00,CYCLE,N
IND,208,6592,59452,17/01/2019,15:08:36,15,1,29.8,1.0,4.0,3.9,2,1,1.00,CYCLE,N
IND,208,6592,59452,17/01/2019,15:08:41,15,1,24.8,1.0,5.2,5.1,2,1,1.00,CYCLE,N
IND,208,6592,59452,17/01/2019,15:08:44,15,1,22.1,1.1,3.3,3.2,2,1,1.00,CYCLE,N
IND,208,6592,59452,17/01/2019,15:10:04,15,1,20.7,1.1,79.7,79.5,2,1,1.00,CYCLE,N
IND,208,6592,59452,17/01/2019,15:10:10,15,1,18.2,1.1,6.4,6.2,2,1,1.00,CYCLE,N
IND,208,6592,59453,17/01/2019,15:12:04,15,0,21.0,1.1,256.5,256.3,2,1,1.00,CYCLE,S
IND,208,6592,59452,17/01/2019,15:12:27,15,1,26.9,1.0,136.8,136.6,2,1,1.00,CYCLE,N
IND,208,6592,59452,17/01/2019,15:12:38,15,1,26.0,1.1,10.9,10.8,2,1,1.00,CYCLE,N
IND,208,6592,59452,17/01/2019,15:12:48,15,1,22.8,1.1,9.6,9.5,2,1,1.00,CYCLE,N
IND,208,6592,59453,17/01/2019,15:13:25,15,0,24.3,1.1,81.2,81.1,2,1,1.00,CYCLE,S
IND,208,6592,59452,17/01/2019,15:13:47,15,1,21.1,1.1,59.0,58.8,2,1,1.00,CYCLE,N
IND,208,6592,59452,17/01/2019,15:14:28,15,1,24.2,1.0,41.0,40.8,2,1,1.00,CYCLE,N
IND,208,6592,59452,17/01/2019,15:14:35,15,1,25.4,1.0,7.4,7.3,2,1,1.00,CYCLE,N
IND,208,6592,59452,17/01/2019,15:16:15,15,1,34.7,1.1,99.7,99.5,2,1,1.00,CYCLE,N
IND,208,6592,59452,17/01/2019,15:16:17,15,1,34.7,1.0,2.6,2.4,2,1,1.00,CYCLE,N
IND,208,6592,59452,17/01/2019,15:16:21,15,1,31.4,1.0,4.2,4.1,2,1,1.00,CYCLE,N
IND,208,6592,59452,17/01/2019,15:16:27,15,1,26.8,1.0,5.7,5.6,2,1,1.00,CYCLE,N
IND,208,6592,59452,17/01/2019,15:16:29,15,1,28.4,1.0,1.9,1.7,2,1,1.00,CYCLE,N
IND,208,6592,59452,17/01/2019,15:16:35,15,1,25.1,1.1,6.1,6.0,2,1,1.00,CYCLE,N
IND,208,6592,59452,17/01/2019,15:16:44,15,1,22.9,1.0,8.6,8.5,2,1,1.00,CYCLE,N
IND,208,6592,59452,17/01/2019,15:17:43,15,1,21.8,1.1,59.1,58.9,2,1,1.00,CYCLE,N
IND,208,6592,59452,17/01/2019,15:17:50,15,1,18.8,1.1,7.0,6.9,2,1,1.00,CYCLE,N
IND,208,6592,59452,17/01/2019,15:18:06,15,1,31.3,1.0,16.1,15.8,2,1,1.00,CYCLE,N
IND,208,6592,59452,17/01/2019,15:18:08,15,1,29.9,1.0,1.6,1.5,2,1,1.00,CYCLE,N
IND,208,6592,59452,17/01/2019,15:18:14,15,1,22.1,1.0,6.6,6.5,2,1,1.00,CYCLE,N
IND,208,6592,59452,17/01/2019,15:18:28,15,1,34.4,1.0,13.4,13.2,2,1,1.00,CYCLE,N
IND,208,6592,59452,17/01/2019,15:18:28,15,1,27.7,1.1,0.3,0.2,2,1,1.00,CYCLE,N
IND,208,6592,59452,17/01/2019,15:18:29,15,1,23.4,1.0,1.5,1.4,2,1,1.00,CYCLE,N
IND,208,6592,59452,17/01/2019,15:18:38,15,1,21.6,1.1,8.7,8.6,2,1,1.00,CYCLE,N
IND,208,6592,59452,17/01/2019,15:18:40,15,1,25.2,1.0,2.3,2.1,2,1,1.00,CYCLE,N
IND,208,6592,59452,17/01/2019,15:20:02,15,1,31.0,1.0,81.2,81.0,2,1,1.00,CYCLE,N
IND,208,6592,59452,17/01/2019,15:20:08,15,1,27.3,1.1,6.7,6.6,2,1,1.00,CYCLE,N
IND,208,6592,59452,17/01/2019,15:20:10,15,1,28.4,1.1,1.8,1.6,2,1,1.00,CYCLE,N
IND,208,6592,59452,17/01/2019,15:20:13,15,1,27.7,1.0,2.8,2.6,2,1,1.00,CYCLE,N
IND,208,6592,59452,17/01/2019,15:20:14,15,1,30.0,1.0,0.8,0.7,2,1,1.00,CYCLE,N
IND,208,6592,59452,17/01/2019,15:20:14,15,1,27.6,1.1,0.5,0.4,2,1,1.00,CYCLE,N
IND,208,6592,59452,17/01/2019,15:20:15,15,1,31.9,1.0,0.9,0.7,2,1,1.00,CYCLE,N
IND,208,6592,59452,17/01/2019,15:20:17,15,1,27.7,1.0,2.3,2.2,2,1,1.00,CYCLE,N
IND,208,6592,59452,17/01/2019,15:20:22,15,1,23.6,1.1,5.2,5.1,2,1,1.00,CYCLE,N
IND,208,6592,59452,17/01/2019,15:20:30,15,1,21.6,1.0,7.2,7.0,2,1,1.00,CYCLE,N
IND,208,6592,59452,17/01/2019,15:20:36,15,1,24.8,1.1,6.1,6.0,2,1,1.00,CYCLE,N
IND,208,6592,59452,17/01/2019,15:20:38,15,1,20.2,1.1,2.2,2.1,2,1,1.00,CYCLE,N
IND,208,6592,59453,17/01/2019,15:21:11,15,0,20.5,1.0,466.1,466.0,2,1,1.00,CYCLE,S
IND,208,6592,59453,17/01/2019,15:21:49,15,0,20.6,1.1,37.6,37.4,2,1,1.00,CYCLE,S
IND,208,6592,59453,17/01/2019,15:21:50,15,0,21.1,1.1,0.9,0.7,2,1,1.00,CYCLE,S
IND,208,6592,59453,17/01/2019,15:21:50,15,0,20.4,1.1,0.3,0.1,2,1,1.00,CYCLE,S
IND,208,6592,59452,17/01/2019,15:21:57,15,1,26.5,1.1,79.2,78.9,2,1,1.00,CYCLE,N
IND,208,6592,59452,17/01/2019,15:22:08,15,1,17.0,1.1,11.2,11.1,2,1,1.00,CYCLE,N
IND,208,6592,59452,17/01/2019,15:22:20,15,1,28.6,1.0,12.3,12.0,2,1,1.00,CYCLE,N
IND,208,6592,59452,17/01/2019,15:22:26,15,1,28.4,1.1,5.3,5.2,2,1,1.00,CYCLE,N
IND,208,6592,59452,17/01/2019,15:22:32,15,1,23.0,1.1,5.9,5.8,2,1,1.00,CYCLE,N
IND,208,6592,59452,17/01/2019,15:22:32,15,1,25.2,1.1,0.3,0.1,2,1,1.00,CYCLE,N
IND,208,6592,59452,17/01/2019,15:22:42,15,1,23.0,1.1,9.9,9.7,2,1,1.00,CYCLE,N
IND,208,6592,59452,17/01/2019,15:22:48,15,1,20.7,1.0,6.2,6.0,2,1,1.00,CYCLE,N
IND,208,6592,59453,17/01/2019,15:24:08,15,0,23.3,1.0,138.2,138.0,2,1,1.00,CYCLE,S
IND,208,6592,59452,17/01/2019,15:24:16,15,1,31.3,1.0,88.4,88.2,2,1,1.00,CYCLE,N
IND,208,6592,59452,17/01/2019,15:24:30,15,1,26.5,1.1,13.9,13.7,2,1,1.00,CYCLE,N
IND,208,6592,59452,17/01/2019,15:24:33,15,1,25.4,1.0,2.4,2.3,2,1,1.00,CYCLE,N
IND,208,6592,59452,17/01/2019,15:24:37,15,1,24.5,1.1,4.0,3.9,2,1,1.00,CYCLE,N
IND,208,6592,59452,17/01/2019,15:24:44,15,1,23.8,1.0,7.6,7.4,2,1,1.00,CYCLE,N
IND,208,6592,59452,17/01/2019,15:25:00,15,1,20.1,1.0,15.9,15.8,2,1,1.00,CYCLE,N
IND,208,6592,59452,17/01/2019,15:25:00,15,1,20.1,1.0,0.0,0.0,2,1,1.00,CYCLE,N
IND,208,6592,59453,17/01/2019,15:26:00,15,0,25.8,1.0,111.5,111.4,2,1,1.00,CYCLE,S
IND,208,6592,59452,17/01/2019,15:26:00,15,1,26.2,1.0,60.0,59.7,2,1,1.00,CYCLE,N
IND,208,6592,59452,17/01/2019,15:26:12,15,1,28.4,1.0,12.0,11.9,2,1,1.00,CYCLE,N
IND,208,6592,59452,17/01/2019,15:26:17,15,1,28.9,1.0,5.2,5.1,2,1,1.00,CYCLE,N
IND,208,6592,59452,17/01/2019,15:26:17,15,1,28.9,1.0,0.0,0.0,2,1,1.00,CYCLE,N
IND,208,6592,59452,17/01/2019,15:26:18,15,1,28.3,1.0,1.0,0.8,2,1,1.00,CYCLE,N
IND,208,6592,59452,17/01/2019,15:26:19,15,1,29.2,1.0,0.5,0.4,2,1,1.00,CYCLE,N
IND,208,6592,59452,17/01/2019,15:26:20,15,1,30.0,1.1,1.5,1.3,2,1,1.00,CYCLE,N
IND,208,6592,59452,17/01/2019,15:26:22,15,1,28.2,1.1,1.4,1.3,2,1,1.00,CYCLE,N
IND,208,6592,59452,17/01/2019,15:26:51,15,1,26.5,1.1,29.6,29.5,2,1,1.00,CYCLE,N
IND,208,6592,59452,17/01/2019,15:27:13,15,1,24.8,1.0,21.5,21.4,2,1,1.00,CYCLE,N
IND,208,6592,59452,17/01/2019,15:27:53,15,1,20.8,1.0,40.2,40.1,2,1,1.00,CYCLE,N
IND,208,6592,59452,17/01/2019,15:27:56,15,1,19.4,1.0,2.6,2.4,2,1,1.00,CYCLE,N
IND,208,6592,59452,17/01/2019,15:28:03,15,1,27.3,1.1,7.7,7.5,2,1,1.00,CYCLE,N
IND,208,6592,59452,17/01/2019,15:28:04,15,1,29.0,1.1,0.6,0.4,2,1,1.00,CYCLE,N
IND,208,6592,59452,17/01/2019,15:28:05,15,1,31.9,1.1,0.8,0.6,2,1,1.00,CYCLE,N
IND,208,6592,59452,17/01/2019,15:28:08,15,1,29.9,1.0,3.2,3.0,2,1,1.00,CYCLE,N
IND,208,6592,59452,17/01/2019,15:28:09,15,1,28.8,1.1,1.7,1.5,2,1,1.00,CYCLE,N
IND,208,6592,59452,17/01/2019,15:28:10,15,1,32.0,1.0,0.9,0.8,2,1,1.00,CYCLE,N
IND,208,6592,59452,17/01/2019,15:28:16,15,1,26.7,1.0,5.6,5.5,2,1,1.00,CYCLE,N
IND,208,6592,59452,17/01/2019,15:28:28,15,1,29.9,1.0,11.7,11.6,2,1,1.00,CYCLE,N
IND,208,6592,59452,17/01/2019,15:30:04,15,1,31.7,1.0,96.3,96.2,2,1,1.00,CYCLE,N
IND,208,6592,59452,17/01/2019,15:30:04,15,1,32.4,1.1,0.3,0.2,2,1,1.00,CYCLE,N
IND,208,6592,59452,17/01/2019,15:30:05,15,1,30.7,1.0,0.9,0.8,2,1,1.00,CYCLE,N
IND,208,6592,59452,17/01/2019,15:30:10,15,1,28.3,1.0,4.4,4.2,2,1,1.00,CYCLE,N
IND,208,6592,59452,17/01/2019,15:30:10,15,1,30.1,1.0,0.9,0.8,2,1,1.00,CYCLE,N
IND,208,6592,59452,17/01/2019,15:30:13,15,1,27.6,1.0,2.9,2.8,2,1,1.00,CYCLE,N
IND,208,6592,59452,17/01/2019,15:30:18,15,1,24.6,1.0,4.7,4.6,2,1,1.00,CYCLE,N
IND,208,6592,59452,17/01/2019,15:30:25,15,1,23.9,1.1,6.6,6.4,2,1,1.00,CYCLE,N
IND,208,6592,59453,17/01/2019,15:30:27,15,0,26.3,1.0,267.7,267.5,2,1,1.00,CYCLE,S
IND,208,6592,59452,17/01/2019,15:32:14,15,1,30.4,1.0,109.0,108.8,2,1,1.00,CYCLE,N
IND,208,6592,59452,17/01/2019,15:32:17,15,1,33.9,1.0,3.3,3.1,2,1,1.00,CYCLE,N
IND,208,6592,59452,17/01/2019,15:32:25,15,1,24.3,1.0,8.4,8.3,2,1,1.00,CYCLE,N
IND,208,6592,59452,17/01/2019,15:32:26,15,1,25.2,1.0,0.8,0.7,2,1,1.00,CYCLE,N
IND,208,6592,59452,17/01/2019,15:32:31,15,1,23.0,1.0,4.7,4.5,2,1,1.00,CYCLE,N
IND,208,6592,59453,17/01/2019,15:33:35,15,0,25.8,1.1,187.2,187.1,2,1,1.00,CYCLE,S
IND,208,6592,59452,17/01/2019,15:33:56,15,1,21.4,1.1,85.5,85.3,2,1,1.00,CYCLE,N
IND,208,6592,59452,17/01/2019,15:34:19,15,1,29.7,1.1,23.1,22.9,2,1,1.00,CYCLE,N
IND,208,6592,59452,17/01/2019,15:34:21,15,1,30.8,1.1,1.4,1.2,2,1,1.00,CYCLE,N
IND,208,6592,59452,17/01/2019,15:34:24,15,1,32.6,1.0,2.8,2.7,2,1,1.00,CYCLE,N
IND,208,6592,59452,17/01/2019,15:34:27,15,1,27.6,1.1,3.6,3.5,2,1,1.00,CYCLE,N
IND,208,6592,59452,17/01/2019,15:34:40,15,1,25.6,1.0,12.6,12.4,2,1,1.00,CYCLE,N
IND,208,6592,59452,17/01/2019,15:35:10,15,1,19.6,1.1,29.9,29.8,2,1,1.00,CYCLE,N
IND,208,6592,59453,17/01/2019,15:35:34,15,0,29.4,1.1,119.1,118.9,2,1,1.00,CYCLE,S
IND,208,6592,59452,17/01/2019,15:36:20,15,1,32.7,1.0,70.4,70.1,2,1,1.00,CYCLE,N
IND,208,6592,59452,17/01/2019,15:36:25,15,1,31.3,1.0,5.4,5.3,2,1,1.00,CYCLE,N
IND,208,6592,59452,17/01/2019,15:36:28,15,1,26.4,1.0,3.0,2.9,2,1,1.00,CYCLE,N
IND,208,6592,59452,17/01/2019,15:36:34,15,1,29.0,1.0,5.5,5.3,2,1,1.00,CYCLE,N
IND,208,6592,59452,17/01/2019,15:36:34,15,1,27.3,1.1,0.4,0.2,2,1,1.00,CYCLE,N
IND,208,6592,59452,17/01/2019,15:36:36,15,1,28.7,1.0,1.4,1.2,2,1,1.00,CYCLE,N
IND,208,6592,59453,17/01/2019,15:36:36,15,0,30.6,1.1,62.4,62.3,2,1,1.00,CYCLE,S
IND,208,6592,59452,17/01/2019,15:36:37,15,1,30.8,1.1,1.4,1.3,2,1,1.00,CYCLE,N
IND,208,6592,59452,17/01/2019,15:37:46,15,1,29.2,1.1,69.1,69.0,2,1,1.00,CYCLE,N
IND,208,6592,59452,17/01/2019,15:37:48,15,1,26.6,1.1,1.5,1.3,2,1,1.00,CYCLE,N
IND,208,6592,59452,17/01/2019,15:37:51,15,1,24.2,1.1,3.6,3.5,2,1,1.00,CYCLE,N
IND,208,6592,59452,17/01/2019,15:37:53,15,1,23.7,1.0,1.3,1.1,2,1,1.00,CYCLE,N
IND,208,6592,59452,17/01/2019,15:37:53,15,1,23.1,1.0,0.9,0.7,2,1,1.00,CYCLE,N
IND,208,6592,59452,17/01/2019,15:37:54,15,1,23.3,1.1,0.6,0.5,2,1,1.00,CYCLE,N
IND,208,6592,59452,17/01/2019,15:37:55,15,1,23.2,1.0,0.7,0.6,2,1,1.00,CYCLE,N
IND,208,6592,59452,17/01/2019,15:37:59,15,1,20.7,1.0,4.3,4.2,2,1,1.00,CYCLE,N
IND,208,6592,59452,17/01/2019,15:38:01,15,1,20.9,1.1,1.6,1.4,2,1,1.00,CYCLE,N
IND,208,6592,59452,17/01/2019,15:38:22,15,1,27.2,1.0,21.0,20.8,2,1,1.00,CYCLE,N
IND,208,6592,59452,17/01/2019,15:38:24,15,1,28.9,1.0,2.8,2.6,2,1,1.00,CYCLE,N
IND,208,6592,59452,17/01/2019,15:39:35,15,1,24.6,1.0,71.0,70.9,2,1,1.00,CYCLE,N
IND,208,6592,59452,17/01/2019,15:39:36,15,1,24.0,1.1,0.6,0.4,2,1,1.00,CYCLE,N
IND,208,6592,59452,17/01/2019,15:39:39,15,1,21.3,1.0,3.0,2.8,2,1,1.00,CYCLE,N
IND,208,6592,59452,17/01/2019,15:39:41,15,1,21.3,1.1,1.6,1.4,2,1,1.00,CYCLE,N
IND,208,6592,59452,17/01/2019,15:39:41,15,1,20.7,1.2,0.5,0.3,2,1,1.00,CYCLE,N
IND,208,6592,59453,17/01/2019,15:39:50,15,0,25.3,1.1,193.8,193.7,2,1,1.00,CYCLE,S
IND,208,6592,59453,17/01/2019,15:39:51,15,0,25.7,1.0,0.9,0.8,2,1,1.00,CYCLE,S
IND,208,6592,59452,17/01/2019,15:41:46,15,1,23.4,1.1,124.9,124.7,2,1,1.00,CYCLE,N
IND,208,6592,59452,17/01/2019,15:41:46,15,1,20.2,1.1,0.5,0.4,2,1,1.00,CYCLE,N
IND,208,6592,59452,17/01/2019,15:41:48,15,1,20.1,1.0,1.9,1.7,2,1,1.00,CYCLE,N
IND,208,6592,59452,17/01/2019,15:42:11,15,1,24.6,1.0,22.3,22.1,2,1,1.00,CYCLE,N
IND,208,6592,59452,17/01/2019,15:42:16,15,1,32.1,1.1,5.6,5.5,2,1,1.00,CYCLE,N
IND,208,6592,59452,17/01/2019,15:42:20,15,1,29.5,1.1,3.6,3.5,2,1,1.00,CYCLE,N
IND,208,6592,59452,17/01/2019,15:42:21,15,1,29.9,1.0,1.1,1.0,2,1,1.00,CYCLE,N
IND,208,6592,59452,17/01/2019,15:42:26,15,1,29.1,1.2,4.7,4.6,2,1,1.00,CYCLE,N
IND,208,6592,59452,17/01/2019,15:42:29,15,1,28.5,1.1,3.8,3.6,2,1,1.00,CYCLE,N
IND,208,6592,59452,17/01/2019,15:42:30,15,1,29.4,1.0,1.0,0.9,2,1,1.00,CYCLE,N
IND,208,6592,59452,17/01/2019,15:42:46,15,1,31.2,1.0,15.2,15.0,2,1,1.00,CYCLE,N
IND,208,6592,59452,17/01/2019,15:43:43,15,1,28.6,1.0,57.7,57.6,2,1,1.00,CYCLE,N
IND,208,6592,59452,17/01/2019,15:43:45,15,1,21.7,1.0,1.3,1.2,2,1,1.00,CYCLE,N
IND,208,6592,59452,17/01/2019,15:43:45,15,1,22.6,1.1,0.9,0.8,2,1,1.00,CYCLE,N
IND,208,6592,59452,17/01/2019,15:43:46,15,1,22.4,1.1,0.8,0.6,2,1,1.00,CYCLE,N
IND,208,6592,59452,17/01/2019,15:43:51,15,1,19.7,1.1,4.4,4.2,2,1,1.00,CYCLE,N
IND,208,6592,59453,17/01/2019,15:43:57,15,0,24.1,1.1,246.5,246.4,2,1,1.00,CYCLE,S
IND,208,6592,59452,17/01/2019,15:44:13,15,1,31.5,1.0,22.7,22.4,2,1,1.00,CYCLE,N
IND,208,6592,59452,17/01/2019,15:44:14,15,1,30.1,1.0,0.4,0.3,2,1,1.00,CYCLE,N
IND,208,6592,59452,17/01/2019,15:44:15,15,1,31.0,1.1,1.3,1.1,2,1,1.00,CYCLE,N
IND,208,6592,59452,17/01/2019,15:44:19,15,1,28.6,1.0,3.9,3.8,2,1,1.00,CYCLE,N
IND,208,6592,59452,17/01/2019,15:44:19,15,1,28.4,1.0,0.5,0.3,2,1,1.00,CYCLE,N
IND,208,6592,59452,17/01/2019,15:44:20,15,1,31.0,1.0,1.1,1.0,2,1,1.00,CYCLE,N
IND,208,6592,59452,17/01/2019,15:44:25,15,1,26.2,1.1,4.6,4.5,2,1,1.00,CYCLE,N
IND,208,6592,59452,17/01/2019,15:44:27,15,1,25.4,1.0,1.5,1.3,2,1,1.00,CYCLE,N
IND,208,6592,59452,17/01/2019,15:45:45,15,1,24.9,1.0,78.2,78.0,2,1,1.00,CYCLE,N
IND,208,6592,59452,17/01/2019,15:45:47,15,1,25.2,1.0,2.2,2.1,2,1,1.00,CYCLE,N
IND,208,6592,59452,17/01/2019,15:45:50,15,1,28.2,1.1,2.8,2.6,2,1,1.00,CYCLE,N
IND,208,6592,59452,17/01/2019,15:45:51,15,1,23.3,1.0,1.0,0.8,2,1,1.00,CYCLE,N
IND,208,6592,59452,17/01/2019,15:45:58,15,1,26.1,1.1,6.9,6.7,2,1,1.00,CYCLE,N
IND,208,6592,59452,17/01/2019,15:46:11,15,1,37.5,1.0,13.0,12.8,2,1,1.00,CYCLE,N
IND,208,6592,59452,17/01/2019,15:46:18,15,1,28.8,1.0,7.6,7.5,2,1,1.00,CYCLE,N
IND,208,6592,59452,17/01/2019,15:46:22,15,1,28.4,1.1,3.6,3.5,2,1,1.00,CYCLE,N
IND,208,6592,59452,17/01/2019,15:46:22,15,1,28.5,1.0,0.2,0.1,2,1,1.00,CYCLE,N
IND,208,6592,59452,17/01/2019,15:46:29,15,1,27.9,1.1,7.4,7.3,2,1,1.00,CYCLE,N
IND,208,6592,59452,17/01/2019,15:46:30,15,1,27.6,1.1,0.7,0.6,2,1,1.00,CYCLE,N
IND,208,6592,59452,17/01/2019,15:47:47,15,1,24.6,1.0,77.3,77.2,2,1,1.00,CYCLE,N
IND,208,6592,59452,17/01/2019,15:47:51,15,1,20.7,1.1,3.8,3.7,2,1,1.00,CYCLE,N
IND,208,6592,59452,17/01/2019,15:47:57,15,1,18.6,1.0,5.4,5.3,2,1,1.00,CYCLE,N
IND,208,6592,59452,17/01/2019,15:47:57,15,1,18.6,1.0,0.0,0.0,2,1,1.00,CYCLE,N
IND,208,6592,59453,17/01/2019,15:48:01,15,0,22.0,1.0,243.8,243.7,2,1,1.00,CYCLE,S
IND,208,6592,59452,17/01/2019,15:48:21,15,1,32.2,1.0,23.8,23.6,2,1,1.00,CYCLE,N
IND,208,6592,59452,17/01/2019,15:48:21,15,1,32.3,1.0,0.4,0.3,2,1,1.00,CYCLE,N
IND,208,6592,59452,17/01/2019,15:48:22,15,1,31.8,1.1,1.4,1.3,2,1,1.00,CYCLE,N
IND,208,6592,59452,17/01/2019,15:48:29,15,1,26.4,1.1,7.1,7.0,2,1,1.00,CYCLE,N
IND,208,6592,59452,17/01/2019,15:48:31,15,1,26.6,1.0,1.5,1.4,2,1,1.00,CYCLE,N
IND,208,6592,59452,17/01/2019,15:48:31,15,1,26.6,1.1,0.4,0.3,2,1,1.00,CYCLE,N
IND,208,6592,59452,17/01/2019,15:48:33,15,1,26.8,1.0,1.7,1.5,2,1,1.00,CYCLE,N
IND,208,6592,59452,17/01/2019,15:48:36,15,1,25.7,1.1,3.0,2.9,2,1,1.00,CYCLE,N
IND,208,6592,59452,17/01/2019,15:48:39,15,1,24.2,1.1,2.9,2.8,2,1,1.00,CYCLE,N
IND,208,6592,59452,17/01/2019,15:48:39,15,1,25.2,1.1,0.3,0.1,2,1,1.00,CYCLE,N
IND,208,6592,59452,17/01/2019,15:48:40,15,1,25.4,1.0,0.9,0.7,2,1,1.00,CYCLE,N
IND,208,6592,59453,17/01/2019,15:49:07,15,0,24.9,0.8,66.0,65.8,2,1,1.00,CYCLE,S
IND,208,6592,59453,17/01/2019,15:49:16,15,0,19.1,1.1,9.2,9.1,2,1,1.00,CYCLE,S
IND,208,6592,59452,17/01/2019,15:49:21,15,1,29.3,1.0,41.1,41.0,2,1,1.00,CYCLE,N
IND,208,6592,59452,17/01/2019,15:49:27,15,1,25.3,1.0,5.5,5.4,2,1,1.00,CYCLE,N
IND,208,6592,59452,17/01/2019,15:49:30,15,1,22.1,1.1,3.5,3.4,2,1,1.00,CYCLE,N
IND,208,6592,59452,17/01/2019,15:49:37,15,1,17.8,1.0,6.3,6.1,2,1,1.00,CYCLE,N
IND,208,6592,59452,17/01/2019,15:50:02,15,1,35.8,1.0,25.6,25.4,2,1,1.00,CYCLE,N
IND,208,6592,59452,17/01/2019,15:50:06,15,1,25.9,1.0,3.8,3.7,2,1,1.00,CYCLE,N
IND,208,6592,59452,17/01/2019,15:50:08,15,1,28.8,1.1,1.7,1.6,2,1,1.00,CYCLE,N
IND,208,6592,59453,17/01/2019,15:50:13,15,0,17.6,1.1,56.2,56.0,2,1,1.00,CYCLE,S
IND,208,6592,59452,17/01/2019,15:50:13,15,1,31.7,1.1,5.3,5.1,2,1,1.00,CYCLE,N
IND,208,6592,59452,17/01/2019,15:50:24,15,1,25.1,1.1,11.0,10.9,2,1,1.00,CYCLE,N
IND,208,6592,59452,17/01/2019,15:50:26,15,1,27.7,1.0,1.6,1.4,2,1,1.00,CYCLE,N
IND,208,6592,59452,17/01/2019,15:50:33,15,1,25.1,1.0,7.2,7.1,2,1,1.00,CYCLE,N
IND,208,6592,59453,17/01/2019,15:50:33,15,0,27.8,0.8,20.9,20.7,2,1,1.00,CYCLE,S
IND,208,6592,59452,17/01/2019,15:50:35,15,1,23.6,1.0,2.5,2.4,2,1,1.00,CYCLE,N
IND,208,6592,59452,17/01/2019,15:50:36,15,1,22.4,1.0,1.2,1.1,2,1,1.00,CYCLE,N
IND,208,6592,59453,17/01/2019,15:50:39,15,0,19.8,1.1,6.0,5.9,2,1,1.00,CYCLE,S
IND,208,6592,59453,17/01/2019,15:50:40,15,0,19.0,0.5,1.1,0.9,2,1,1.00,CYCLE,S
IND,208,6592,59452,17/01/2019,15:50:45,15,1,21.7,1.1,8.5,8.3,2,1,1.00,CYCLE,N
IND,208,6592,59452,17/01/2019,15:51:58,15,1,23.0,1.1,72.9,72.8,2,1,1.00,CYCLE,N
IND,208,6592,59452,17/01/2019,15:52:00,15,1,22.4,1.0,2.0,1.9,2,1,1.00,CYCLE,N
IND,208,6592,59452,17/01/2019,15:52:02,15,1,21.9,1.0,1.7,1.5,2,1,1.00,CYCLE,N
IND,208,6592,59452,17/01/2019,15:52:02,15,1,26.2,1.0,0.3,0.1,2,1,1.00,CYCLE,N
IND,208,6592,59452,17/01/2019,15:52:21,15,1,36.9,1.0,19.0,18.9,2,1,1.00,CYCLE,N
IND,208,6592,59452,17/01/2019,15:52:30,15,1,28.1,1.1,9.2,9.1,2,1,1.00,CYCLE,N
IND,208,6592,59452,17/01/2019,15:52:31,15,1,28.5,1.0,0.4,0.2,2,1,1.00,CYCLE,N
IND,208,6592,59452,17/01/2019,15:52:34,15,1,27.0,1.0,3.4,3.3,2,1,1.00,CYCLE,N
IND,208,6592,59452,17/01/2019,15:52:35,15,1,26.4,1.0,0.6,0.5,2,1,1.00,CYCLE,N
IND,208,6592,59452,17/01/2019,15:52:46,15,1,22.3,1.1,11.1,11.0,2,1,1.00,CYCLE,N
IND,208,6592,59452,17/01/2019,15:52:50,15,1,22.0,1.0,4.6,4.4,2,1,1.00,CYCLE,N
IND,208,6592,59452,17/01/2019,15:52:50,15,1,22.0,1.0,0.0,0.0,2,1,1.00,CYCLE,N
IND,208,6592,59452,17/01/2019,15:52:59,15,1,25.0,1.0,9.2,9.0,2,1,1.00,CYCLE,N
IND,208,6592,59452,17/01/2019,15:53:12,15,1,19.5,1.0,12.7,12.6,2,1,1.00,CYCLE,N
IND,208,6592,59453,17/01/2019,15:53:25,15,0,18.2,1.0,164.1,164.0,2,1,1.00,CYCLE,S
IND,208,6592,59452,17/01/2019,15:53:59,15,1,25.6,1.1,46.3,46.1,2,1,1.00,CYCLE,N
IND,208,6592,59452,17/01/2019,15:54:17,15,1,34.1,1.0,18.8,18.7,2,1,1.00,CYCLE,N
IND,208,6592,59452,17/01/2019,15:54:27,15,1,29.4,1.0,9.1,9.0,2,1,1.00,CYCLE,N
IND,208,6592,59452,17/01/2019,15:54:28,15,1,28.6,1.1,2.0,1.8,2,1,1.00,CYCLE,N
IND,208,6592,59452,17/01/2019,15:54:32,15,1,28.8,1.1,3.6,3.4,2,1,1.00,CYCLE,N
IND,208,6592,59452,17/01/2019,15:54:47,15,1,31.6,1.0,15.2,15.0,2,1,1.00,CYCLE,N
IND,208,6592,59453,17/01/2019,15:55:51,15,0,24.0,1.0,146.8,146.6,2,1,1.00,CYCLE,S
IND,208,6592,59452,17/01/2019,15:56:06,15,1,31.4,1.0,78.3,78.2,2,1,1.00,CYCLE,N
IND,208,6592,59452,17/01/2019,15:56:16,15,1,31.4,1.0,10.2,10.1,2,1,1.00,CYCLE,N
IND,208,6592,59452,17/01/2019,15:56:22,15,1,16.9,1.1,5.8,5.7,2,1,1.00,CYCLE,N
IND,208,6592,59452,17/01/2019,15:56:22,15,1,17.0,1.0,0.5,0.2,2,1,1.00,CYCLE,N
IND,208,6592,59452,17/01/2019,15:56:39,15,1,26.6,1.0,17.0,16.3,2,1,1.00,CYCLE,N
IND,208,6592,59452,17/01/2019,15:56:40,15,1,26.1,1.0,1.0,0.9,2,1,1.00,CYCLE,N
IND,208,6592,59453,17/01/2019,15:56:56,15,0,27.7,1.0,64.4,64.3,2,1,1.00,CYCLE,S
IND,208,6592,59452,17/01/2019,15:58:15,15,1,31.3,1.1,94.7,94.5,2,1,1.00,CYCLE,N
IND,208,6592,59452,17/01/2019,15:58:16,15,1,40.9,1.0,1.6,1.5,2,1,1.00,CYCLE,N
IND,208,6592,59452,17/01/2019,15:58:17,15,1,32.3,1.1,0.4,0.4,2,1,1.00,CYCLE,N
IND,208,6592,59452,17/01/2019,15:58:18,15,1,21.1,1.0,0.8,0.7,2,1,1.00,CYCLE,N
IND,208,6592,59452,17/01/2019,15:58:21,15,1,28.3,1.0,3.7,3.5,2,1,1.00,CYCLE,N
IND,208,6592,59452,17/01/2019,15:58:22,15,1,30.1,1.0,0.5,0.3,2,1,1.00,CYCLE,N
IND,208,6592,59452,17/01/2019,15:58:22,15,1,30.8,1.0,0.5,0.4,2,1,1.00,CYCLE,N
IND,208,6592,59452,17/01/2019,15:58:23,15,1,33.0,1.0,0.9,0.8,2,1,1.00,CYCLE,N
IND,208,6592,59452,17/01/2019,15:58:24,15,1,29.8,1.0,0.6,0.5,2,1,1.00,CYCLE,N
IND,208,6592,59452,17/01/2019,15:58:33,15,1,26.2,1.0,7.7,7.5,2,1,1.00,CYCLE,N
IND,208,6592,59452,17/01/2019,15:58:36,15,1,26.1,1.1,2.3,2.2,2,1,1.00,CYCLE,N
IND,208,6592,59452,17/01/2019,15:58:37,15,1,24.2,1.1,1.3,1.2,2,1,1.00,CYCLE,N
IND,208,6592,59453,17/01/2019,15:58:55,15,0,16.7,1.0,119.2,119.1,2,1,1.00,CYCLE,S
IND,208,6592,59452,17/01/2019,16:00:07,15,1,25.8,1.1,90.1,89.9,2,1,1.00,CYCLE,N
IND,208,6592,59452,17/01/2019,16:00:08,15,1,26.1,1.1,0.8,0.6,2,1,1.00,CYCLE,N
IND,208,6592,59452,17/01/2019,16:00:09,15,1,26.0,1.1,0.9,0.8,2,1,1.00,CYCLE,N
IND,208,6592,59452,17/01/2019,16:00:09,15,1,26.1,1.1,0.6,0.4,2,1,1.00,CYCLE,N
IND,208,6592,59452,17/01/2019,16:00:14,15,1,32.6,1.1,4.5,4.3,2,1,1.00,CYCLE,N
IND,208,6592,59452,17/01/2019,16:00:18,15,1,18.8,1.1,3.9,3.8,2,1,1.00,CYCLE,N
IND,208,6592,59452,17/01/2019,16:00:21,15,1,35.4,1.0,3.4,3.2,2,1,1.00,CYCLE,N
IND,208,6592,59452,17/01/2019,16:00:22,15,1,30.1,1.0,0.5,0.5,2,1,1.00,CYCLE,N
IND,208,6592,59452,17/01/2019,16:00:24,15,1,30.8,1.0,2.0,1.9,2,1,1.00,CYCLE,N
IND,208,6592,59452,17/01/2019,16:00:32,15,1,29.3,1.0,8.0,7.9,2,1,1.00,CYCLE,N
IND,208,6592,59452,17/01/2019,16:00:33,15,1,27.9,1.0,0.8,0.7,2,1,1.00,CYCLE,N
IND,208,6592,59452,17/01/2019,16:00:37,15,1,29.7,1.1,4.2,4.1,2,1,1.00,CYCLE,N
IND,208,6592,59452,17/01/2019,16:00:38,15,1,24.6,1.1,1.2,1.1,2,1,1.00,CYCLE,N
IND,208,6592,59453,17/01/2019,16:00:46,15,0,17.9,1.1,111.2,111.0,2,1,1.00,CYCLE,S
IND,208,6592,59452,17/01/2019,16:01:18,15,1,24.1,1.0,40.1,39.9,2,1,0.86,CYCLE,N
IND,208,6592,59452,17/01/2019,16:02:18,15,1,27.5,1.0,60.1,59.7,2,1,1.00,CYCLE,N
IND,208,6592,59452,17/01/2019,16:02:18,15,1,21.3,1.1,0.2,0.1,2,1,1.00,CYCLE,N
IND,208,6592,59452,17/01/2019,16:02:20,15,1,24.2,1.0,1.7,1.5,2,1,1.00,CYCLE,N
IND,208,6592,59452,17/01/2019,16:02:21,15,1,29.0,1.0,1.1,1.0,2,1,1.00,CYCLE,N
IND,208,6592,59452,17/01/2019,16:02:22,15,1,32.4,1.0,0.9,0.8,2,1,0.50,CYCLE,N
IND,208,6592,59453,17/01/2019,16:02:22,15,0,32.4,1.0,0.0,0.0,2,1,0.50,CYCLE,S
IND,208,6592,59452,17/01/2019,16:02:27,15,1,19.9,1.1,4.5,4.2,2,1,1.00,CYCLE,N
IND,208,6592,59452,17/01/2019,16:02:27,15,1,24.8,1.1,0.7,0.5,2,1,1.00,CYCLE,N
IND,208,6592,59453,17/01/2019,16:02:28,15,0,26.1,1.1,101.3,101.1,2,1,1.00,CYCLE,S
IND,208,6592,59452,17/01/2019,16:02:29,15,1,24.0,1.1,1.6,1.4,2,1,1.00,CYCLE,N
IND,208,6592,59452,17/01/2019,16:02:34,15,1,27.2,1.1,5.2,5.0,2,1,1.00,CYCLE,N
IND,208,6592,59452,17/01/2019,16:02:37,15,1,27.0,1.1,2.6,2.4,2,1,1.00,CYCLE,N
IND,208,6592,59452,17/01/2019,16:03:47,15,1,20.9,1.0,70.4,70.2,2,1,1.00,CYCLE,N
IND,208,6592,59453,17/01/2019,16:03:58,15,0,25.8,1.1,90.0,89.9,2,1,1.00,CYCLE,S
IND,208,6592,59452,17/01/2019,16:04:26,15,1,38.4,1.0,39.3,39.1,2,1,1.00,CYCLE,N
IND,208,6592,59452,17/01/2019,16:04:27,15,1,38.4,1.0,0.3,0.2,2,1,1.00,CYCLE,N
IND,208,6592,59452,17/01/2019,16:04:27,15,1,39.4,1.0,0.9,0.8,2,1,1.00,CYCLE,N
IND,208,6592,59452,17/01/2019,16:04:29,15,1,33.6,1.0,1.2,1.1,2,1,1.00,CYCLE,N
IND,208,6592,59452,17/01/2019,16:04:31,15,1,31.5,1.1,2.5,2.4,2,1,1.00,CYCLE,N
IND,208,6592,59453,17/01/2019,16:04:33,15,0,25.6,1.0,35.0,34.8,2,1,1.00,CYCLE,S
IND,208,6592,59452,17/01/2019,16:04:37,15,1,26.5,1.1,6.3,6.2,2,1,1.00,CYCLE,N
IND,208,6592,59452,17/01/2019,16:04:40,15,1,25.3,1.0,2.0,1.9,2,1,1.00,CYCLE,N
IND,208,6592,59452,17/01/2019,16:05:48,15,1,32.2,1.0,68.1,67.9,2,1,1.00,CYCLE,N
IND,208,6592,59452,17/01/2019,16:05:50,15,1,24.7,1.1,2.6,2.5,2,1,1.00,CYCLE,N
IND,208,6592,59452,17/01/2019,16:05:51,15,1,23.4,1.0,0.9,0.7,2,1,1.00,CYCLE,N
IND,208,6592,59452,17/01/2019,16:05:52,15,1,23.7,1.1,0.6,0.4,2,1,1.00,CYCLE,N
IND,208,6592,59452,17/01/2019,16:06:20,15,1,29.8,1.0,27.1,27.1,2,1,1.00,CYCLE,N
IND,208,6592,59452,17/01/2019,16:06:25,15,1,29.5,1.0,4.9,4.8,2,1,1.00,CYCLE,N
IND,208,6592,59452,17/01/2019,16:06:25,15,1,29.5,1.0,0.0,0.0,2,1,1.00,CYCLE,N
IND,208,6592,59452,17/01/2019,16:06:28,15,1,27.7,1.1,3.3,3.1,2,1,1.00,CYCLE,N
IND,208,6592,59452,17/01/2019,16:06:30,15,1,28.3,1.0,2.4,2.3,2,1,1.00,CYCLE,N
IND,208,6592,59452,17/01/2019,16:06:31,15,1,27.9,1.0,0.4,0.3,2,1,1.00,CYCLE,N
IND,208,6592,59452,17/01/2019,16:06:40,15,1,24.3,1.0,9.4,9.3,2,1,1.00,CYCLE,N
IND,208,6592,59452,17/01/2019,16:06:40,15,1,24.3,1.0,0.0,0.0,2,1,1.00,CYCLE,N
IND,208,6592,59452,17/01/2019,16:06:47,15,1,22.7,1.1,6.8,6.6,2,1,1.00,CYCLE,N
IND,208,6592,59453,17/01/2019,16:07:00,15,0,21.3,1.2,147.4,147.3,2,1,1.00,CYCLE,S
IND,208,6592,59452,17/01/2019,16:08:16,15,1,20.8,1.1,88.6,88.4,2,1,1.00,CYCLE,N
IND,208,6592,59452,17/01/2019,16:08:18,15,1,20.0,1.1,2.5,2.3,2,1,1.00,CYCLE,N
IND,208,6592,59452,17/01/2019,16:08:23,15,1,32.3,1.0,5.2,4.9,2,1,1.00,CYCLE,N
IND,208,6592,59452,17/01/2019,16:08:24,15,1,31.9,1.1,0.3,0.2,2,1,1.00,CYCLE,N
IND,208,6592,59452,17/01/2019,16:08:30,15,1,29.3,1.0,6.5,6.4,2,1,1.00,CYCLE,N
IND,208,6592,59452,17/01/2019,16:08:32,15,1,28.3,1.0,1.7,1.6,2,1,1.00,CYCLE,N
IND,208,6592,59452,17/01/2019,16:08:33,15,1,30.4,1.1,0.7,0.5,2,1,1.00,CYCLE,N
IND,208,6592,59453,17/01/2019,16:08:43,15,0,22.4,1.1,102.8,102.6,2,1,1.00,CYCLE,S
IND,208,6592,59452,17/01/2019,16:08:49,15,1,20.4,1.0,16.2,16.1,2,1,1.00,CYCLE,N
IND,208,6592,59453,17/01/2019,16:09:48,15,0,22.1,1.1,64.9,64.7,2,1,1.00,CYCLE,S
IND,208,6592,59452,17/01/2019,16:09:57,15,1,25.1,1.0,68.3,68.2,2,1,1.00,CYCLE,N
IND,208,6592,59452,17/01/2019,16:09:59,15,1,21.6,1.0,2.2,2.1,2,1,1.00,CYCLE,N
IND,208,6592,59452,17/01/2019,16:10:00,15,1,24.4,1.1,0.8,0.6,2,1,1.00,CYCLE,N
IND,208,6592,59452,17/01/2019,16:10:03,15,1,21.6,1.1,3.4,3.3,2,1,1.00,CYCLE,N
IND,208,6592,59452,17/01/2019,16:10:06,15,1,27.7,1.1,2.9,2.7,2,1,1.00,CYCLE,N
IND,208,6592,59452,17/01/2019,16:10:29,15,1,32.0,1.0,22.3,22.2,2,1,1.00,CYCLE,N
IND,208,6592,59453,17/01/2019,16:10:35,15,0,23.3,1.0,47.8,47.6,2,1,1.00,CYCLE,S
IND,208,6592,59453,17/01/2019,16:11:26,15,0,17.8,1.0,50.9,50.7,2,1,1.00,CYCLE,S
IND,208,6592,59452,17/01/2019,16:11:47,15,1,30.0,1.0,78.8,78.7,2,1,1.00,CYCLE,N
IND,208,6592,59452,17/01/2019,16:11:48,15,1,28.3,1.0,0.4,0.2,2,1,1.00,CYCLE,N
IND,208,6592,59452,17/01/2019,16:11:49,15,1,26.3,1.1,0.8,0.7,2,1,1.00,CYCLE,N
IND,208,6592,59452,17/01/2019,16:11:51,15,1,27.6,1.1,2.3,2.2,2,1,1.00,CYCLE,N
IND,208,6592,59452,17/01/2019,16:11:52,15,1,26.6,1.1,0.8,0.6,2,1,1.00,CYCLE,N
IND,208,6592,59452,17/01/2019,16:11:58,15,1,22.2,1.0,6.0,5.9,2,1,1.00,CYCLE,N
IND,208,6592,59452,17/01/2019,16:12:05,15,1,32.6,1.0,7.2,7.0,2,1,1.00,CYCLE,N
IND,208,6592,59452,17/01/2019,16:12:06,15,1,33.5,1.1,0.6,0.5,2,1,1.00,CYCLE,N
IND,208,6592,59452,17/01/2019,16:12:09,15,1,14.7,1.0,3.9,3.9,2,1,1.00,CYCLE,N
IND,208,6592,59452,17/01/2019,16:12:14,15,1,26.8,1.1,4.8,4.5,2,1,1.00,CYCLE,N
IND,208,6592,59452,17/01/2019,16:12:16,15,1,29.8,1.0,1.3,1.1,2,1,1.00,CYCLE,N
IND,208,6592,59452,17/01/2019,16:12:21,15,1,24.6,1.1,5.6,5.5,2,1,1.00,CYCLE,N
IND,208,6592,59452,17/01/2019,16:12:22,15,1,23.3,1.0,0.5,0.4,2,1,1.00,CYCLE,N
IND,208,6592,59452,17/01/2019,16:12:25,15,1,24.5,1.0,3.5,3.3,2,1,0.75,CYCLE,N
IND,208,6592,59452,17/01/2019,16:12:26,15,1,25.3,1.1,1.3,1.1,2,1,1.00,CYCLE,N
IND,208,6592,59452,17/01/2019,16:12:27,15,1,25.7,1.1,0.5,0.3,2,1,1.00,CYCLE,N
IND,208,6592,59452,17/01/2019,16:12:29,15,1,27.9,1.1,1.8,1.7,2,1,1.00,CYCLE,N
IND,208,6592,59452,17/01/2019,16:12:29,15,1,25.2,1.1,0.7,0.6,2,1,1.00,CYCLE,N
IND,208,6592,59452,17/01/2019,16:12:30,15,1,27.9,1.0,0.4,0.2,2,1,1.00,CYCLE,N
IND,208,6592,59453,17/01/2019,16:12:33,15,0,23.0,1.1,66.3,66.1,2,1,1.00,CYCLE,S
IND,208,6592,59452,17/01/2019,16:12:33,15,1,26.8,1.1,3.1,3.0,2,1,1.00,CYCLE,N
IND,208,6592,59452,17/01/2019,16:12:36,15,1,27.4,1.0,3.6,3.5,2,1,1.00,CYCLE,N
IND,208,6592,59452,17/01/2019,16:12:37,15,1,24.2,1.1,0.6,0.5,2,1,1.00,CYCLE,N
IND,208,6592,59453,17/01/2019,16:12:44,15,0,29.3,1.0,11.6,11.4,2,1,1.00,CYCLE,S
IND,208,6592,59452,17/01/2019,16:12:46,15,1,21.3,1.1,9.3,9.2,2,1,1.00,CYCLE,N
IND,208,6592,59452,17/01/2019,16:12:47,15,1,21.9,1.0,1.0,0.8,2,1,1.00,CYCLE,N
IND,208,6592,59452,17/01/2019,16:12:50,15,1,22.9,1.1,2.2,2.0,2,1,1.00,CYCLE,N
IND,208,6592,59452,17/01/2019,16:12:59,15,1,19.2,1.1,9.1,8.9,2,1,1.00,CYCLE,N
IND,208,6592,59452,17/01/2019,16:13:01,15,1,20.0,1.0,2.2,2.0,2,1,1.00,CYCLE,N
IND,208,6592,59452,17/01/2019,16:14:07,15,1,23.3,1.0,65.7,65.5,2,1,1.00,CYCLE,N
IND,208,6592,59453,17/01/2019,16:14:10,15,0,30.3,1.0,86.2,86.1,2,1,1.00,CYCLE,S
IND,208,6592,59452,17/01/2019,16:14:19,15,1,34.2,1.1,12.0,11.8,2,1,1.00,CYCLE,N
IND,208,6592,59453,17/01/2019,16:14:19,15,0,22.7,1.1,8.7,8.6,2,1,1.00,CYCLE,S
IND,208,6592,59452,17/01/2019,16:14:21,15,1,31.7,1.0,2.6,2.5,2,1,1.00,CYCLE,N
IND,208,6592,59452,17/01/2019,16:14:26,15,1,29.6,1.1,4.4,4.3,2,1,1.00,CYCLE,N
IND,208,6592,59452,17/01/2019,16:14:30,15,1,28.7,1.0,4.8,4.7,2,1,1.00,CYCLE,N
IND,208,6592,59452,17/01/2019,16:14:32,15,1,27.9,1.1,1.3,1.2,2,1,1.00,CYCLE,N
IND,208,6592,59453,17/01/2019,16:14:32,15,0,29.4,1.0,13.1,13.0,2,1,1.00,CYCLE,S
IND,208,6592,59452,17/01/2019,16:14:33,15,1,27.6,1.1,1.4,1.2,2,1,1.00,CYCLE,N
IND,208,6592,59452,17/01/2019,16:14:34,15,1,29.7,1.0,0.7,0.5,2,1,0.86,CYCLE,N
IND,208,6592,59452,17/01/2019,16:14:34,15,1,31.1,1.1,0.6,0.4,2,1,1.00,CYCLE,N
IND,208,6592,59452,17/01/2019,16:14:37,15,1,26.4,1.0,3.2,3.0,2,1,1.00,CYCLE,N
IND,208,6592,59452,17/01/2019,16:14:39,15,1,27.6,1.0,1.7,1.5,2,1,1.00,CYCLE,N
IND,208,6592,59452,17/01/2019,16:14:40,15,1,26.2,1.1,1.2,1.1,2,1,1.00,CYCLE,N
IND,208,6592,59452,17/01/2019,16:14:41,15,1,27.1,1.0,0.7,0.5,2,1,1.00,CYCLE,N
IND,208,6592,59453,17/01/2019,16:14:46,15,0,24.6,1.0,13.4,13.3,2,1,1.00,CYCLE,S
IND,208,6592,59452,17/01/2019,16:14:58,15,1,29.2,1.1,17.2,17.0,2,1,1.00,CYCLE,N
IND,208,6592,59453,17/01/2019,16:15:57,15,0,32.1,1.0,70.8,70.7,2,1,1.00,CYCLE,S
IND,208,6592,59452,17/01/2019,16:15:57,15,1,22.8,1.1,59.2,59.1,2,1,1.00,CYCLE,N
IND,208,6592,59452,17/01/2019,16:16:01,15,1,22.1,1.1,3.8,3.7,2,1,1.00,CYCLE,N
IND,208,6592,59452,17/01/2019,16:16:04,15,1,19.9,1.0,3.2,3.0,2,1,1.00,CYCLE,N
IND,208,6592,59452,17/01/2019,16:16:22,15,1,29.9,1.0,17.4,17.2,2,1,1.00,CYCLE,N
IND,208,6592,59452,17/01/2019,16:16:28,15,1,26.7,1.0,6.1,6.0,2,1,1.00,CYCLE,N
IND,208,6592,59453,17/01/2019,16:16:28,15,0,32.7,1.1,31.7,31.5,2,1,1.00,CYCLE,S
IND,208,6592,59452,17/01/2019,16:16:29,15,1,21.5,1.0,1.3,1.2,2,1,1.00,CYCLE,N
IND,208,6592,59452,17/01/2019,16:16:37,15,1,25.6,1.0,7.6,7.4,2,1,1.00,CYCLE,N
IND,208,6592,59452,17/01/2019,16:16:37,15,1,25.6,1.0,0.0,0.0,2,1,1.00,CYCLE,N
IND,208,6592,59452,17/01/2019,16:16:39,15,1,28.6,1.1,1.8,1.6,2,1,1.00,CYCLE,N
IND,208,6592,59452,17/01/2019,16:16:39,15,1,24.5,1.1,0.5,0.4,2,1,1.00,CYCLE,N
IND,208,6592,59452,17/01/2019,16:16:40,15,1,24.4,1.1,1.2,1.0,2,1,1.00,CYCLE,N
IND,208,6592,59452,17/01/2019,16:16:46,15,1,24.9,1.0,2.0,1.8,2,1,1.00,CYCLE,N
IND,208,6592,59452,17/01/2019,16:16:57,15,1,22.8,1.0,10.8,10.7,2,1,1.00,CYCLE,N
IND,208,6592,59453,17/01/2019,16:17:04,15,0,25.7,1.0,35.4,35.3,2,1,1.00,CYCLE,S
IND,208,6592,59452,17/01/2019,16:17:57,15,1,31.4,1.0,60.3,60.2,2,1,1.00,CYCLE,N
IND,208,6592,59452,17/01/2019,16:17:58,15,1,30.2,1.1,1.3,1.2,2,1,1.00,CYCLE,N
IND,208,6592,59452,17/01/2019,16:18:00,15,1,28.7,1.0,1.8,1.7,2,1,1.00,CYCLE,N
IND,208,6592,59452,17/01/2019,16:18:03,15,1,25.5,1.0,2.5,2.4,2,1,1.00,CYCLE,N
IND,208,6592,59452,17/01/2019,16:18:03,15,1,25.5,1.0,0.0,0.0,2,1,1.00,CYCLE,N
IND,208,6592,59453,17/01/2019,16:18:07,15,0,22.7,1.1,63.8,63.6,2,1,1.00,CYCLE,S
IND,208,6592,59452,17/01/2019,16:18:12,15,1,41.8,1.1,9.6,9.1,2,1,1.00,CYCLE,N
IND,208,6592,59452,17/01/2019,16:18:32,15,1,31.1,1.0,19.5,19.4,2,1,1.00,CYCLE,N
IND,208,6592,59452,17/01/2019,16:18:33,15,1,29.8,1.1,0.9,0.8,2,1,1.00,CYCLE,N
IND,208,6592,59452,17/01/2019,16:18:34,15,1,29.2,1.0,1.6,1.5,2,1,1.00,CYCLE,N
IND,208,6592,59452,17/01/2019,16:18:40,15,1,31.2,1.0,5.6,5.5,2,1,1.00,CYCLE,N
IND,208,6592,59452,17/01/2019,16:18:41,15,1,29.2,1.0,0.7,0.6,2,1,1.00,CYCLE,N
IND,208,6592,59452,17/01/2019,16:18:42,15,1,28.7,1.0,1.2,1.1,2,1,1.00,CYCLE,N
IND,208,6592,59452,17/01/2019,16:18:43,15,1,31.5,1.0,1.0,0.9,2,1,1.00,CYCLE,N
IND,208,6592,59452,17/01/2019,16:18:43,15,1,28.6,1.1,0.3,0.2,2,1,1.00,CYCLE,N
IND,208,6592,59452,17/01/2019,16:19:49,15,1,33.5,1.0,65.7,65.6,2,1,1.00,CYCLE,N
IND,208,6592,59452,17/01/2019,16:19:50,15,1,26.5,1.1,0.8,0.7,2,1,1.00,CYCLE,N
IND,208,6592,59452,17/01/2019,16:19:51,15,1,26.2,1.1,1.5,1.4,2,1,1.00,CYCLE,N
IND,208,6592,59452,17/01/2019,16:19:52,15,1,27.1,1.0,0.8,0.7,2,1,1.00,CYCLE,N
IND,208,6592,59452,17/01/2019,16:19:53,15,1,27.2,1.0,0.9,0.8,2,1,1.00,CYCLE,N
IND,208,6592,59452,17/01/2019,16:19:56,15,1,25.1,1.1,3.4,3.3,2,1,1.00,CYCLE,N
IND,208,6592,59452,17/01/2019,16:19:57,15,1,23.9,1.0,1.1,0.9,2,1,1.00,CYCLE,N
IND,208,6592,59452,17/01/2019,16:19:58,15,1,24.4,1.0,0.9,0.7,2,1,1.00,CYCLE,N
IND,208,6592,59452,17/01/2019,16:20:00,15,1,26.3,1.0,1.7,1.5,2,1,1.00,CYCLE,N
IND,208,6592,59452,17/01/2019,16:20:01,15,1,22.9,1.1,1.0,0.8,2,1,1.00,CYCLE,N
IND,208,6592,59452,17/01/2019,16:20:01,15,1,24.6,1.0,0.5,0.3,2,1,1.00,CYCLE,N
IND,208,6592,59452,17/01/2019,16:20:03,15,1,23.5,1.0,2.1,2.0,2,1,1.00,CYCLE,N
IND,208,6592,59452,17/01/2019,16:20:04,15,1,26.0,1.1,1.0,0.8,2,1,1.00,CYCLE,N
IND,208,6592,59452,17/01/2019,16:20:22,15,1,21.9,1.1,17.5,17.4,2,1,1.00,CYCLE,N
IND,208,6592,59452,17/01/2019,16:20:25,15,1,34.1,1.0,3.3,3.1,2,1,1.00,CYCLE,N
IND,208,6592,59452,17/01/2019,16:20:28,15,1,33.8,1.0,2.5,2.4,2,1,1.00,CYCLE,N
IND,208,6592,59452,17/01/2019,16:20:34,15,1,26.0,1.0,6.2,6.1,2,1,0.80,CYCLE,N
IND,208,6592,59452,17/01/2019,16:20:35,15,1,24.6,1.0,1.2,1.1,2,1,0.50,CYCLE,N
IND,208,6592,59453,17/01/2019,16:20:35,15,0,24.6,1.0,0.0,0.0,2,1,0.50,CYCLE,S
IND,208,6592,59452,17/01/2019,16:20:37,15,1,28.7,1.1,1.9,1.7,2,1,1.00,CYCLE,N
IND,208,6592,59452,17/01/2019,16:20:39,15,1,27.3,1.0,2.2,2.1,2,1,1.00,CYCLE,N
IND,208,6592,59452,17/01/2019,16:20:40,15,1,27.0,1.0,0.5,0.3,2,1,1.00,CYCLE,N
IND,208,6592,59452,17/01/2019,16:20:42,15,1,19.9,1.0,2.9,2.8,2,1,1.00,CYCLE,N
IND,208,6592,59452,17/01/2019,16:20:43,15,1,25.4,1.1,0.5,0.3,2,1,1.00,CYCLE,N
IND,208,6592,59453,17/01/2019,16:20:57,15,0,21.9,1.0,170.0,169.9,2,1,1.00,CYCLE,S
IND,208,6592,59452,17/01/2019,16:21:54,15,1,32.6,1.2,71.6,71.4,2,1,1.00,CYCLE,N
IND,208,6592,59452,17/01/2019,16:22:00,15,1,26.0,1.0,5.7,5.6,2,1,1.00,CYCLE,N
IND,208,6592,59452,17/01/2019,16:22:01,15,1,27.1,1.0,0.5,0.4,2,1,1.00,CYCLE,N
IND,208,6592,59452,17/01/2019,16:22:02,15,1,27.5,1.0,1.6,1.5,2,1,1.00,CYCLE,N
IND,208,6592,59452,17/01/2019,16:22:03,15,1,28.0,1.0,0.4,0.3,2,1,1.00,CYCLE,N
IND,208,6592,59452,17/01/2019,16:22:03,15,1,24.6,1.0,0.3,0.1,2,1,1.00,CYCLE,N
IND,208,6592,59452,17/01/2019,16:22:03,15,1,24.6,1.0,0.0,0.0,2,1,1.00,CYCLE,N
IND,208,6592,59452,17/01/2019,16:22:05,15,1,27.1,1.0,2.0,1.8,2,1,1.00,CYCLE,N
IND,208,6592,59452,17/01/2019,16:22:06,15,1,22.3,1.1,0.4,0.3,2,1,1.00,CYCLE,N
IND,208,6592,59452,17/01/2019,16:22:06,15,1,23.2,1.0,0.6,0.4,2,1,1.00,CYCLE,N
IND,208,6592,59452,17/01/2019,16:22:11,15,1,25.4,1.2,4.8,4.6,2,1,1.00,CYCLE,N
IND,208,6592,59452,17/01/2019,16:22:11,15,1,20.5,1.0,0.4,0.2,2,1,1.00,CYCLE,N
IND,208,6592,59452,17/01/2019,16:22:11,15,1,20.5,1.0,0.0,0.0,2,1,1.00,CYCLE,N
IND,208,6592,59452,17/01/2019,16:22:13,15,1,23.6,1.1,1.4,0.5,2,1,1.00,CYCLE,N
IND,208,6592,59452,17/01/2019,16:22:18,15,1,18.7,1.1,3.6,3.5,2,1,1.00,CYCLE,N
IND,208,6592,59452,17/01/2019,16:22:19,15,1,32.5,1.0,0.9,0.7,2,1,1.00,CYCLE,N
IND,208,6592,59452,17/01/2019,16:22:29,15,1,27.2,1.1,10.2,10.1,2,1,1.00,CYCLE,N
IND,208,6592,59452,17/01/2019,16:22:36,15,1,25.2,1.0,6.6,6.5,2,1,1.00,CYCLE,N
IND,208,6592,59452,17/01/2019,16:22:36,15,1,25.6,1.1,0.8,0.7,2,1,1.00,CYCLE,N
IND,208,6592,59452,17/01/2019,16:22:42,15,1,22.2,1.0,6.1,5.9,2,1,1.00,CYCLE,N
IND,208,6592,59452,17/01/2019,16:22:43,15,1,22.2,1.1,0.8,0.6,2,1,1.00,CYCLE,N
IND,208,6592,59452,17/01/2019,16:22:46,15,1,27.9,1.1,2.6,2.4,2,1,1.00,CYCLE,N
IND,208,6592,59453,17/01/2019,16:22:51,15,0,19.7,1.0,113.9,113.7,2,1,0.67,CYCLE,S
IND,208,6592,59453,17/01/2019,16:24:09,15,0,25.5,1.0,77.7,77.5,2,1,1.00,CYCLE,S
IND,208,6592,59452,17/01/2019,16:24:12,15,1,28.9,1.0,85.9,85.7,2,1,1.00,CYCLE,N
IND,208,6592,59452,17/01/2019,16:24:13,15,1,31.9,1.0,1.2,1.0,2,1,1.00,CYCLE,N
IND,208,6592,59452,17/01/2019,16:24:16,15,1,25.9,1.1,2.9,2.7,2,1,1.00,CYCLE,N
IND,208,6592,59452,17/01/2019,16:24:18,15,1,29.4,1.0,2.0,1.8,2,1,1.00,CYCLE,N
IND,208,6592,59452,17/01/2019,16:24:18,15,1,25.0,1.0,0.6,0.5,2,1,1.00,CYCLE,N
IND,208,6592,59452,17/01/2019,16:24:19,15,1,30.0,1.0,0.3,0.2,2,1,1.00,CYCLE,N
IND,208,6592,59453,17/01/2019,16:24:20,15,0,31.3,1.0,11.0,10.9,2,1,1.00,CYCLE,S
IND,208,6592,59452,17/01/2019,16:24:21,15,1,27.0,1.1,2.1,2.0,2,1,1.00,CYCLE,N
IND,208,6592,59452,17/01/2019,16:24:22,15,1,27.0,1.0,1.1,1.0,2,1,1.00,CYCLE,N
IND,208,6592,59452,17/01/2019,16:24:23,15,1,27.0,1.0,1.5,1.4,2,1,1.00,CYCLE,N
IND,208,6592,59452,17/01/2019,16:24:25,15,1,22.1,1.0,1.3,1.1,2,1,0.57,CYCLE,N
IND,208,6592,59452,17/01/2019,16:24:26,15,1,24.6,1.1,1.6,1.5,2,1,1.00,CYCLE,N
IND,208,6592,59452,17/01/2019,16:24:27,15,1,28.0,1.1,0.3,0.1,2,1,1.00,CYCLE,N
IND,208,6592,59452,17/01/2019,16:24:28,15,1,26.6,1.1,1.2,1.1,2,1,1.00,CYCLE,N
IND,208,6592,59452,17/01/2019,16:24:31,15,1,18.9,1.1,2.9,2.8,2,1,1.00,CYCLE,N
IND,208,6592,59453,17/01/2019,16:24:33,15,0,30.9,1.0,12.7,12.6,2,1,0.50,CYCLE,S
IND,208,6592,59452,17/01/2019,16:24:33,15,1,30.9,1.0,0.0,0.0,2,1,0.50,CYCLE,N
IND,208,6592,59452,17/01/2019,16:24:34,15,1,22.0,1.1,2.8,2.6,2,1,1.00,CYCLE,N
IND,208,6592,59452,17/01/2019,16:24:35,15,1,24.4,1.0,0.9,0.7,2,1,1.00,CYCLE,N
IND,208,6592,59452,17/01/2019,16:24:36,15,1,24.9,1.0,1.1,0.9,2,1,1.00,CYCLE,N
IND,208,6592,59452,17/01/2019,16:24:36,15,1,25.6,1.0,0.5,0.3,2,1,1.00,CYCLE,N
IND,208,6592,59452,17/01/2019,16:24:37,15,1,23.5,1.1,0.7,0.6,2,1,1.00,CYCLE,N
IND,208,6592,59453,17/01/2019,16:24:43,15,0,30.0,1.0,10.0,9.7,2,1,1.00,CYCLE,S
IND,208,6592,59452,17/01/2019,16:24:47,15,1,24.0,1.0,9.8,9.7,2,1,1.00,CYCLE,N
IND,208,6592,59452,17/01/2019,16:24:47,15,1,22.3,1.0,0.8,0.6,2,1,1.00,CYCLE,N
IND,208,6592,59452,17/01/2019,16:24:48,15,1,23.3,1.0,1.1,0.9,2,1,1.00,CYCLE,N
IND,208,6592,59453,17/01/2019,16:25:29,15,0,30.8,1.1,46.6,46.5,2,1,1.00,CYCLE,S
IND,208,6592,59452,17/01/2019,16:25:59,15,1,23.4,1.1,70.3,70.2,2,1,1.00,CYCLE,N
IND,208,6592,59452,17/01/2019,16:26:01,15,1,33.7,1.0,2.2,2.0,2,1,1.00,CYCLE,N
IND,208,6592,59452,17/01/2019,16:26:03,15,1,20.2,1.0,1.6,1.5,2,1,1.00,CYCLE,N
IND,208,6592,59452,17/01/2019,16:26:06,15,1,37.3,1.0,3.0,2.7,2,1,0.67,CYCLE,N
IND,208,6592,59452,17/01/2019,16:26:06,15,1,37.3,1.0,0.0,0.0,2,1,0.67,CYCLE,N
IND,208,6592,59452,17/01/2019,16:26:06,15,1,33.8,1.0,0.5,0.3,2,1,0.20,CYCLE,N
IND,208,6592,59452,17/01/2019,16:26:06,15,1,33.8,1.0,0.0,0.0,2,1,0.20,CYCLE,N
IND,208,6592,59452,17/01/2019,16:26:07,15,1,19.3,1.0,1.2,0.9,2,1,1.00,CYCLE,N
IND,208,6592,59452,17/01/2019,16:26:08,15,1,31.0,1.0,1.0,0.8,2,1,1.00,CYCLE,N
IND,208,6592,59452,17/01/2019,16:26:09,15,1,31.4,1.0,0.6,0.5,2,1,1.00,CYCLE,N
IND,208,6592,59452,17/01/2019,16:26:09,15,1,19.6,1.0,0.5,0.4,2,1,1.00,CYCLE,N
IND,208,6592,59452,17/01/2019,16:26:11,15,1,29.2,1.1,1.4,1.2,2,1,1.00,CYCLE,N
IND,208,6592,59453,17/01/2019,16:26:13,15,0,24.9,1.0,43.8,43.7,2,1,1.00,CYCLE,S
IND,208,6592,59452,17/01/2019,16:26:14,15,1,29.4,1.0,3.8,3.7,2,1,1.00,CYCLE,N
IND,208,6592,59452,17/01/2019,16:26:16,15,1,30.0,1.1,1.8,1.7,2,1,1.00,CYCLE,N
IND,208,6592,59452,17/01/2019,16:26:17,15,1,29.3,1.0,0.7,0.6,2,1,1.00,CYCLE,N
IND,208,6592,59452,17/01/2019,16:26:18,15,1,30.5,1.0,1.0,0.8,2,1,1.00,CYCLE,N
IND,208,6592,59452,17/01/2019,16:26:19,15,1,30.4,1.0,0.8,0.7,2,1,1.00,CYCLE,N
IND,208,6592,59452,17/01/2019,16:26:20,15,1,28.5,1.0,1.3,1.2,2,1,1.00,CYCLE,N
IND,208,6592,59452,17/01/2019,16:26:20,15,1,29.5,1.0,0.3,0.1,2,1,0.75,CYCLE,N
IND,208,6592,59452,17/01/2019,16:26:22,15,1,34.1,1.0,1.4,1.2,2,1,1.00,CYCLE,N
IND,208,6592,59452,17/01/2019,16:26:22,15,1,30.8,1.0,0.3,0.2,2,1,1.00,CYCLE,N
IND,208,6592,59452,17/01/2019,16:26:27,15,1,29.1,1.1,5.4,5.3,2,1,1.00,CYCLE,N
IND,208,6592,59452,17/01/2019,16:26:28,15,1,26.5,1.0,0.2,0.1,2,1,1.00,CYCLE,N
IND,208,6592,59452,17/01/2019,16:26:28,15,1,31.2,1.0,0.3,0.1,2,1,1.00,CYCLE,N
IND,208,6592,59452,17/01/2019,16:26:33,15,1,28.3,1.0,5.6,5.5,2,1,1.00,CYCLE,N
IND,208,6592,59452,17/01/2019,16:26:34,15,1,24.0,1.1,0.9,0.8,2,1,1.00,CYCLE,N
IND,208,6592,59452,17/01/2019,16:26:35,15,1,26.6,1.0,0.3,0.1,2,1,1.00,CYCLE,N
IND,208,6592,59452,17/01/2019,16:26:38,15,1,26.6,1.1,3.3,3.2,2,1,1.00,CYCLE,N
IND,208,6592,59452,17/01/2019,16:26:38,15,1,26.1,1.0,0.3,0.1,2,1,1.00,CYCLE,N
IND,208,6592,59452,17/01/2019,16:26:39,15,1,23.9,1.1,0.5,0.4,2,1,1.00,CYCLE,N
IND,208,6592,59452,17/01/2019,16:26:40,15,1,24.5,1.0,1.1,1.0,2,1,1.00,CYCLE,N
IND,208,6592,59452,17/01/2019,16:26:42,15,1,22.7,1.2,2.2,2.1,2,1,1.00,CYCLE,N
IND,208,6592,59453,17/01/2019,16:26:50,15,0,24.2,1.0,37.0,36.9,2,1,1.00,CYCLE,S
IND,208,6592,59452,17/01/2019,16:27:59,15,1,28.0,1.0,76.4,76.2,2,1,1.00,CYCLE,N
IND,208,6592,59452,17/01/2019,16:28:03,15,1,25.6,1.1,4.0,3.8,2,1,1.00,CYCLE,N
IND,208,6592,59452,17/01/2019,16:28:05,15,1,25.6,1.1,2.4,2.3,2,1,1.00,CYCLE,N
IND,208,6592,59452,17/01/2019,16:28:06,15,1,22.1,1.1,0.8,0.7,2,1,1.00,CYCLE,N
IND,208,6592,59452,17/01/2019,16:28:11,15,1,24.5,1.1,5.7,5.5,2,1,1.00,CYCLE,N
IND,208,6592,59452,17/01/2019,16:28:12,15,1,18.3,1.0,0.3,0.2,2,1,1.00,CYCLE,N
IND,208,6592,59452,17/01/2019,16:28:13,15,1,24.1,1.1,1.3,1.1,2,1,1.00,CYCLE,N
IND,208,6592,59452,17/01/2019,16:28:15,15,1,22.0,1.1,1.5,1.4,2,1,1.00,CYCLE,N
IND,208,6592,59452,17/01/2019,16:28:16,15,1,18.4,1.1,1.5,1.3,2,1,1.00,CYCLE,N
IND,208,6592,59453,17/01/2019,16:28:22,15,0,31.5,1.0,92.0,91.9,2,1,1.00,CYCLE,S
IND,208,6592,59452,17/01/2019,16:28:25,15,1,28.5,1.0,9.0,8.8,2,1,1.00,CYCLE,N
IND,208,6592,59452,17/01/2019,16:28:27,15,1,29.6,1.0,2.2,2.1,2,1,1.00,CYCLE,N
IND,208,6592,59452,17/01/2019,16:28:28,15,1,26.0,1.0,0.7,0.6,2,1,1.00,CYCLE,N
IND,208,6592,59452,17/01/2019,16:28:29,15,1,29.8,1.1,0.7,0.5,2,1,1.00,CYCLE,N
IND,208,6592,59452,17/01/2019,16:28:31,15,1,30.5,1.0,2.5,2.3,2,1,1.00,CYCLE,N
IND,208,6592,59452,17/01/2019,16:28:32,15,1,28.3,1.0,0.5,0.4,2,1,1.00,CYCLE,N
IND,208,6592,59452,17/01/2019,16:28:32,15,1,32.3,1.0,0.3,0.1,2,1,1.00,CYCLE,N
IND,208,6592,59452,17/01/2019,16:28:32,15,1,32.3,1.0,0.0,0.0,2,1,1.00,CYCLE,N
IND,208,6592,59452,17/01/2019,16:28:34,15,1,32.6,1.0,2.4,2.1,2,1,1.00,CYCLE,N
IND,208,6592,59452,17/01/2019,16:28:36,15,1,31.2,1.1,1.5,1.4,2,1,1.00,CYCLE,N
IND,208,6592,59452,17/01/2019,16:28:36,15,1,39.0,1.0,0.3,0.1,2,1,1.00,CYCLE,N
IND,208,6592,59452,17/01/2019,16:28:37,15,1,30.3,1.0,1.1,1.0,2,1,1.00,CYCLE,N
IND,208,6592,59452,17/01/2019,16:28:38,15,1,31.0,1.0,0.5,0.4,2,1,1.00,CYCLE,N
IND,208,6592,59452,17/01/2019,16:28:39,15,1,30.8,1.0,1.6,1.5,2,1,1.00,CYCLE,N
IND,208,6592,59452,17/01/2019,16:28:41,15,1,27.8,1.1,1.7,1.6,2,1,1.00,CYCLE,N
IND,208,6592,59452,17/01/2019,16:28:42,15,1,26.5,1.1,0.9,0.7,2,1,1.00,CYCLE,N
IND,208,6592,59452,17/01/2019,16:28:42,15,1,26.9,1.1,0.5,0.3,2,1,1.00,CYCLE,N
IND,208,6592,59452,17/01/2019,16:28:48,15,1,24.8,1.1,5.8,5.7,2,1,1.00,CYCLE,N
IND,208,6592,59452,17/01/2019,16:28:49,15,1,24.4,1.1,1.0,0.9,2,1,1.00,CYCLE,N
IND,208,6592,59452,17/01/2019,16:29:06,15,1,18.9,1.0,17.1,16.9,2,1,1.00,CYCLE,N
IND,208,6592,59453,17/01/2019,16:29:17,15,0,20.4,0.9,54.3,54.2,2,1,1.00,CYCLE,S
IND,208,6592,59452,17/01/2019,16:29:59,15,1,25.0,1.1,53.1,52.9,2,1,1.00,CYCLE,N
IND,208,6592,59453,17/01/2019,16:30:03,15,0,31.3,1.0,46.5,46.3,2,1,1.00,CYCLE,S
IND,208,6592,59452,17/01/2019,16:30:04,15,1,21.0,1.0,4.4,4.2,2,1,1.00,CYCLE,N
IND,208,6592,59452,17/01/2019,16:30:05,15,1,21.1,1.1,1.0,0.8,2,1,1.00,CYCLE,N
IND,208,6592,59452,17/01/2019,16:30:07,15,1,20.7,1.0,2.0,1.9,2,1,1.00,CYCLE,N
IND,208,6592,59452,17/01/2019,16:30:07,15,1,20.7,1.0,0.0,0.0,2,1,1.00,CYCLE,N
IND,208,6592,59452,17/01/2019,16:30:18,15,1,33.5,1.0,11.5,11.2,2,1,1.00,CYCLE,N
IND,208,6592,59452,17/01/2019,16:30:19,15,1,33.9,1.0,0.9,0.8,2,1,1.00,CYCLE,N
IND,208,6592,59452,17/01/2019,16:30:22,15,1,29.8,1.0,1.7,1.6,2,1,1.00,CYCLE,N
IND,208,6592,59452,17/01/2019,16:30:29,15,1,33.4,1.0,6.7,6.6,2,1,1.00,CYCLE,N
IND,208,6592,59452,17/01/2019,16:30:36,15,1,27.6,1.1,7.6,7.5,2,1,1.00,CYCLE,N
IND,208,6592,59453,17/01/2019,16:30:37,15,0,34.3,1.0,33.7,33.5,2,1,1.00,CYCLE,S
IND,208,6592,59452,17/01/2019,16:30:39,15,1,25.2,1.1,2.4,2.3,2,1,1.00,CYCLE,N
IND,208,6592,59452,17/01/2019,16:30:39,15,1,25.1,1.0,0.5,0.3,2,1,1.00,CYCLE,N
IND,208,6592,59452,17/01/2019,16:30:44,15,1,24.3,1.1,5.0,4.9,2,1,1.00,CYCLE,N
IND,208,6592,59452,17/01/2019,16:30:45,15,1,23.4,1.1,0.8,0.7,2,1,1.00,CYCLE,N
IND,208,6592,59452,17/01/2019,16:30:46,15,1,25.0,1.0,0.9,0.7,2,1,1.00,CYCLE,N
IND,208,6592,59452,17/01/2019,16:30:47,15,1,24.5,1.0,1.1,1.0,2,1,1.00,CYCLE,N
IND,208,6592,59452,17/01/2019,16:30:48,15,1,24.7,1.0,0.4,0.3,2,1,1.00,CYCLE,N
IND,208,6592,59452,17/01/2019,16:30:49,15,1,24.4,1.1,1.0,0.8,2,1,1.00,CYCLE,N
IND,208,6592,59452,17/01/2019,16:30:55,15,1,21.0,1.1,6.5,6.4,2,1,1.00,CYCLE,N
IND,208,6592,59453,17/01/2019,16:31:26,15,0,15.1,1.1,49.1,49.0,2,1,1.00,CYCLE,S
IND,208,6592,59453,17/01/2019,16:31:27,15,0,15.2,1.1,0.7,0.5,2,1,1.00,CYCLE,S
IND,208,6592,59453,17/01/2019,16:31:45,15,0,34.9,1.0,18.7,18.4,2,1,1.00,CYCLE,S
IND,208,6592,59453,17/01/2019,16:31:56,15,0,22.1,1.1,10.8,10.7,2,1,1.00,CYCLE,S
IND,208,6592,59452,17/01/2019,16:32:22,15,1,30.0,1.0,86.6,86.4,2,1,1.00,CYCLE,N
IND,208,6592,59452,17/01/2019,16:32:22,15,1,33.2,1.0,0.3,0.2,2,1,1.00,CYCLE,N
IND,208,6592,59452,17/01/2019,16:32:23,15,1,30.1,1.0,0.6,0.5,2,1,1.00,CYCLE,N
IND,208,6592,59452,17/01/2019,16:32:23,15,1,22.5,1.0,0.7,0.6,2,1,0.75,CYCLE,N
IND,208,6592,59452,17/01/2019,16:32:23,15,1,22.5,1.0,0.0,0.0,2,1,0.75,CYCLE,N
IND,208,6592,59452,17/01/2019,16:32:23,15,1,22.5,1.0,0.0,0.0,2,1,0.75,CYCLE,N
IND,208,6592,59452,17/01/2019,16:32:26,15,1,27.9,1.1,2.4,1.3,2,1,1.00,CYCLE,N
IND,208,6592,59452,17/01/2019,16:32:26,15,1,28.6,1.1,0.7,0.5,2,1,1.00,CYCLE,N
IND,208,6592,59452,17/01/2019,16:32:29,15,1,29.5,1.0,2.2,2.1,2,1,1.00,CYCLE,N
IND,208,6592,59452,17/01/2019,16:32:31,15,1,19.7,1.0,2.2,2.1,2,1,0.29,CYCLE,N
IND,208,6592,59452,17/01/2019,16:32:34,15,1,25.2,0.8,3.0,2.7,2,1,1.00,CYCLE,N
IND,208,6592,59452,17/01/2019,16:32:35,15,1,24.6,1.0,1.5,1.4,2,1,1.00,CYCLE,N
IND,208,6592,59452,17/01/2019,16:32:37,15,1,25.9,1.1,1.5,1.3,2,1,1.00,CYCLE,N
IND,208,6592,59452,17/01/2019,16:32:39,15,1,32.7,1.0,1.9,1.7,2,1,0.22,CYCLE,N
IND,208,6592,59452,17/01/2019,16:32:40,15,1,24.2,1.1,0.8,0.4,2,1,1.00,CYCLE,N
IND,208,6592,59452,17/01/2019,16:32:42,15,1,25.6,1.0,2.3,2.1,2,1,1.00,CYCLE,N
IND,208,6592,59452,17/01/2019,16:32:43,15,1,25.5,1.2,1.3,1.1,2,1,1.00,CYCLE,N
IND,208,6592,59452,17/01/2019,16:32:46,15,1,23.7,1.1,2.8,2.7,2,1,1.00,CYCLE,N
IND,208,6592,59452,17/01/2019,16:33:46,15,1,27.3,1.0,60.2,60.0,2,1,1.00,CYCLE,N
IND,208,6592,59452,17/01/2019,16:33:51,15,1,22.7,1.1,4.8,4.6,2,1,1.00,CYCLE,N
IND,208,6592,59452,17/01/2019,16:33:53,15,1,21.4,1.1,1.7,1.5,2,1,1.00,CYCLE,N
IND,208,6592,59452,17/01/2019,16:33:54,15,1,20.8,1.1,1.4,1.2,2,1,1.00,CYCLE,N
IND,208,6592,59452,17/01/2019,16:33:59,15,1,17.3,1.1,5.0,4.8,2,1,1.00,CYCLE,N
IND,208,6592,59452,17/01/2019,16:34:08,15,1,30.5,1.0,9.5,9.2,2,1,1.00,CYCLE,N
IND,208,6592,59452,17/01/2019,16:34:14,15,1,26.2,1.0,5.5,5.4,2,1,1.00,CYCLE,N
IND,208,6592,59453,17/01/2019,16:34:16,15,0,35.1,1.0,136.8,136.7,2,1,1.00,CYCLE,S
IND,208,6592,59452,17/01/2019,16:34:17,15,1,28.6,1.0,3.6,3.4,2,1,1.00,CYCLE,N
IND,208,6592,59452,17/01/2019,16:34:17,15,1,28.6,1.0,0.0,0.0,2,1,1.00,CYCLE,N
IND,208,6592,59452,17/01/2019,16:34:18,15,1,26.7,1.0,0.8,0.6,2,1,1.00,CYCLE,N
IND,208,6592,59453,17/01/2019,16:34:19,15,0,30.3,1.0,2.5,2.4,2,1,1.00,CYCLE,S
IND,208,6592,59452,17/01/2019,16:34:19,15,1,27.6,1.1,1.1,0.9,2,1,1.00,CYCLE,N
IND,208,6592,59452,17/01/2019,16:34:21,15,1,35.2,1.0,1.9,1.7,2,1,1.00,CYCLE,N
IND,208,6592,59452,17/01/2019,16:34:22,15,1,27.2,1.1,0.9,0.8,2,1,1.00,CYCLE,N
IND,208,6592,59452,17/01/2019,16:34:23,15,1,28.7,1.0,0.9,0.7,2,1,1.00,CYCLE,N
IND,208,6592,59452,17/01/2019,16:34:23,15,1,28.7,1.0,0.0,0.0,2,1,1.00,CYCLE,N
IND,208,6592,59452,17/01/2019,16:34:25,15,1,30.1,1.0,1.9,1.7,2,1,1.00,CYCLE,N
IND,208,6592,59452,17/01/2019,16:34:25,15,1,27.5,1.1,0.7,0.6,2,1,1.00,CYCLE,N
IND,208,6592,59452,17/01/2019,16:34:26,15,1,26.6,0.9,0.9,0.7,2,1,1.00,CYCLE,N
IND,208,6592,59452,17/01/2019,16:34:27,15,1,32.5,1.0,0.4,0.2,2,1,1.00,CYCLE,N
IND,208,6592,59452,17/01/2019,16:34:27,15,1,32.5,1.0,0.0,0.0,2,1,1.00,CYCLE,N
IND,208,6592,59452,17/01/2019,16:34:30,15,1,26.2,1.1,3.8,3.6,2,1,1.00,CYCLE,N
IND,208,6592,59452,17/01/2019,16:34:32,15,1,28.1,1.0,1.4,1.3,2,1,1.00,CYCLE,N
IND,208,6592,59452,17/01/2019,16:34:32,15,1,28.1,1.0,0.0,0.0,2,1,1.00,CYCLE,N
IND,208,6592,59452,17/01/2019,16:34:37,15,1,30.1,1.1,5.1,4.9,2,1,1.00,CYCLE,N
IND,208,6592,59452,17/01/2019,16:34:37,15,1,24.8,1.0,0.4,0.3,2,1,1.00,CYCLE,N
IND,208,6592,59452,17/01/2019,16:34:38,15,1,25.9,1.0,0.7,0.5,2,1,1.00,CYCLE,N
IND,208,6592,59452,17/01/2019,16:34:39,15,1,21.2,1.0,0.6,0.4,2,1,1.00,CYCLE,N
IND,208,6592,59452,17/01/2019,16:34:39,15,1,27.2,1.0,0.4,0.2,2,1,1.00,CYCLE,N
IND,208,6592,59452,17/01/2019,16:34:39,15,1,25.9,1.1,0.4,0.2,2,1,1.00,CYCLE,N
IND,208,6592,59452,17/01/2019,16:34:41,15,1,25.0,1.0,1.5,1.3,2,1,1.00,CYCLE,N
IND,208,6592,59452,17/01/2019,16:34:42,15,1,26.2,1.1,1.0,0.9,2,1,1.00,CYCLE,N
IND,208,6592,59452,17/01/2019,16:34:42,15,1,24.2,1.1,0.3,0.2,2,1,1.00,CYCLE,N
IND,208,6592,59452,17/01/2019,16:34:46,15,1,27.3,1.1,3.3,3.1,2,1,1.00,CYCLE,N
IND,208,6592,59452,17/01/2019,16:34:46,15,1,26.9,1.0,0.5,0.4,2,1,1.00,CYCLE,N
IND,208,6592,59452,17/01/2019,16:34:47,15,1,25.4,1.0,1.3,1.1,2,1,1.00,CYCLE,N
IND,208,6592,59453,17/01/2019,16:34:50,15,0,33.7,1.0,31.2,31.1,2,1,1.00,CYCLE,S
IND,208,6592,59452,17/01/2019,16:36:00,15,1,23.4,1.1,72.8,72.7,2,1,1.00,CYCLE,N
IND,208,6592,59452,17/01/2019,16:36:06,15,1,20.9,1.0,5.4,5.2,2,1,0.86,CYCLE,N
IND,208,6592,59452,17/01/2019,16:36:18,15,1,30.0,1.0,12.4,12.2,2,1,1.00,CYCLE,N
IND,208,6592,59452,17/01/2019,16:36:18,15,1,29.2,1.1,0.3,0.2,2,1,1.00,CYCLE,N
IND,208,6592,59452,17/01/2019,16:36:19,15,1,39.1,1.0,0.6,0.5,2,1,1.00,CYCLE,N
IND,208,6592,59452,17/01/2019,16:36:20,15,1,30.3,1.1,1.0,0.9,2,1,1.00,CYCLE,N
IND,208,6592,59452,17/01/2019,16:36:20,15,1,29.8,1.1,0.4,0.2,2,1,1.00,CYCLE,N
IND,208,6592,59452,17/01/2019,16:36:21,15,1,35.2,1.0,1.2,1.0,2,1,1.00,CYCLE,N
IND,208,6592,59452,17/01/2019,16:36:23,15,1,28.5,1.1,1.2,1.1,2,1,1.00,CYCLE,N
IND,208,6592,59452,17/01/2019,16:36:25,15,1,30.1,1.0,2.0,1.9,2,1,1.00,CYCLE,N
IND,208,6592,59452,17/01/2019,16:36:26,15,1,29.3,1.1,1.6,1.5,2,1,1.00,CYCLE,N
IND,208,6592,59452,17/01/2019,16:36:27,15,1,28.0,1.1,1.0,0.8,2,1,1.00,CYCLE,N
IND,208,6592,59452,17/01/2019,16:36:31,15,1,24.3,1.0,3.4,3.2,2,1,1.00,CYCLE,N
IND,208,6592,59452,17/01/2019,16:36:32,15,1,24.4,1.1,1.9,1.7,2,1,1.00,CYCLE,N
IND,208,6592,59452,17/01/2019,16:36:33,15,1,25.1,1.0,0.7,0.5,2,1,1.00,CYCLE,N
IND,208,6592,59452,17/01/2019,16:36:35,15,1,26.4,1.0,1.9,1.7,2,1,1.00,CYCLE,N
IND,208,6592,59452,17/01/2019,16:36:36,15,1,26.3,1.1,1.2,1.1,2,1,1.00,CYCLE,N
IND,208,6592,59452,17/01/2019,16:36:37,15,1,27.2,1.0,0.8,0.6,2,1,1.00,CYCLE,N
IND,208,6592,59452,17/01/2019,16:36:38,15,1,29.2,1.0,1.4,1.3,2,1,1.00,CYCLE,N
IND,208,6592,59452,17/01/2019,16:36:39,15,1,25.5,1.1,0.4,0.3,2,1,1.00,CYCLE,N
IND,208,6592,59453,17/01/2019,16:36:44,15,0,28.3,1.1,113.6,113.5,2,1,1.00,CYCLE,S
IND,208,6592,59453,17/01/2019,16:37:28,15,0,29.1,1.1,44.0,43.9,2,1,1.00,CYCLE,S
IND,208,6592,59452,17/01/2019,16:37:46,15,1,22.9,1.2,67.6,67.5,2,1,1.00,CYCLE,N
IND,208,6592,59452,17/01/2019,16:37:47,15,1,23.2,1.1,0.5,0.3,2,1,1.00,CYCLE,N
IND,208,6592,59452,17/01/2019,16:37:49,15,1,22.5,1.1,1.7,1.5,2,1,1.00,CYCLE,N
IND,208,6592,59452,17/01/2019,16:37:54,15,1,17.9,1.1,5.6,5.4,2,1,1.00,CYCLE,N
IND,208,6592,59453,17/01/2019,16:37:58,15,0,29.2,1.1,30.2,30.1,2,1,1.00,CYCLE,S
IND,208,6592,59452,17/01/2019,16:38:19,15,1,27.8,1.0,25.2,25.0,2,1,1.00,CYCLE,N
IND,208,6592,59452,17/01/2019,16:38:23,15,1,26.5,1.0,4.0,3.9,2,1,1.00,CYCLE,N
IND,208,6592,59452,17/01/2019,16:38:28,15,1,26.4,1.1,4.4,4.3,2,1,1.00,CYCLE,N
IND,208,6592,59452,17/01/2019,16:38:28,15,1,26.9,1.1,0.6,0.4,2,1,1.00,CYCLE,N
IND,208,6592,59452,17/01/2019,16:38:29,15,1,28.5,1.0,0.7,0.5,2,1,1.00,CYCLE,N
IND,208,6592,59452,17/01/2019,16:38:34,15,1,26.2,1.1,4.5,4.4,2,1,1.00,CYCLE,N
IND,208,6592,59452,17/01/2019,16:38:34,15,1,25.8,1.1,0.2,0.1,2,1,1.00,CYCLE,N
IND,208,6592,59452,17/01/2019,16:38:35,15,1,27.1,1.0,1.1,1.0,2,1,0.50,CYCLE,N
IND,208,6592,59453,17/01/2019,16:38:35,15,0,27.1,1.0,0.0,0.0,2,1,0.50,CYCLE,S
IND,208,6592,59452,17/01/2019,16:38:38,15,1,25.1,1.0,3.0,2.8,2,1,1.00,CYCLE,N
IND,208,6592,59452,17/01/2019,16:38:40,15,1,26.7,1.0,2.0,1.8,2,1,1.00,CYCLE,N
IND,208,6592,59452,17/01/2019,16:38:43,15,1,25.1,1.1,3.2,3.0,2,1,1.00,CYCLE,N
IND,208,6592,59452,17/01/2019,16:38:44,15,1,24.3,1.1,1.0,0.8,2,1,1.00,CYCLE,N
IND,208,6592,59452,17/01/2019,16:38:48,15,1,17.8,1.0,4.0,3.9,2,1,1.00,CYCLE,N
IND,208,6592,59452,17/01/2019,16:38:50,15,1,23.0,1.0,2.2,2.0,2,1,1.00,CYCLE,N
IND,208,6592,59453,17/01/2019,16:38:57,15,0,17.4,1.1,59.6,59.4,2,1,1.00,CYCLE,S
IND,208,6592,59453,17/01/2019,16:39:40,15,0,30.1,1.0,42.4,42.1,2,1,1.00,CYCLE,S
IND,208,6592,59452,17/01/2019,16:39:58,15,1,25.8,1.1,67.3,67.1,2,1,1.00,CYCLE,N
IND,208,6592,59452,17/01/2019,16:40:00,15,1,25.0,1.0,2.5,2.3,2,1,1.00,CYCLE,N
IND,208,6592,59452,17/01/2019,16:40:02,15,1,23.5,1.1,2.2,2.1,2,1,1.00,CYCLE,N
IND,208,6592,59452,17/01/2019,16:40:09,15,1,16.2,1.0,6.8,6.7,2,1,1.00,CYCLE,N
IND,208,6592,59452,17/01/2019,16:40:13,15,1,36.0,1.1,4.4,4.1,2,1,1.00,CYCLE,N
IND,208,6592,59452,17/01/2019,16:40:15,15,1,37.1,1.0,1.1,1.0,2,1,1.00,CYCLE,N
IND,208,6592,59452,17/01/2019,16:40:16,15,1,24.0,1.1,1.1,1.0,2,1,1.00,CYCLE,N
IND,208,6592,59452,17/01/2019,16:40:21,15,1,32.9,1.0,5.1,4.9,2,1,1.00,CYCLE,N
IND,208,6592,59452,17/01/2019,16:40:24,15,1,32.8,1.1,3.3,3.2,2,1,1.00,CYCLE,N
IND,208,6592,59452,17/01/2019,16:40:25,15,1,30.9,1.1,0.7,0.6,2,1,1.00,CYCLE,N
IND,208,6592,59452,17/01/2019,16:40:27,15,1,34.3,1.0,2.2,2.1,2,1,1.00,CYCLE,N
IND,208,6592,59452,17/01/2019,16:40:33,15,1,27.7,1.1,5.7,5.6,2,1,1.00,CYCLE,N
IND,208,6592,59452,17/01/2019,16:40:34,15,1,28.2,1.1,1.1,1.0,2,1,1.00,CYCLE,N
IND,208,6592,59452,17/01/2019,16:40:35,15,1,31.1,1.0,1.4,1.2,2,1,1.00,CYCLE,N
IND,208,6592,59452,17/01/2019,16:40:35,15,1,31.1,1.0,0.0,0.0,2,1,1.00,CYCLE,N
IND,208,6592,59452,17/01/2019,16:40:40,15,1,26.6,1.1,4.4,4.0,2,1,1.00,CYCLE,N
IND,208,6592,59452,17/01/2019,16:40:40,15,1,23.1,1.0,0.5,0.4,2,1,1.00,CYCLE,N
IND,208,6592,59452,17/01/2019,16:41:58,15,1,28.1,1.1,77.8,77.7,2,1,1.00,CYCLE,N
IND,208,6592,59452,17/01/2019,16:42:01,15,1,27.5,1.0,3.4,3.2,2,1,1.00,CYCLE,N
IND,208,6592,59452,17/01/2019,16:42:02,15,1,28.0,1.0,0.4,0.3,2,1,0.86,CYCLE,N
IND,208,6592,59452,17/01/2019,16:42:04,15,1,26.3,1.0,2.2,1.9,2,1,1.00,CYCLE,N
IND,208,6592,59452,17/01/2019,16:42:05,15,1,25.2,1.0,1.2,1.1,2,1,1.00,CYCLE,N
IND,208,6592,59452,17/01/2019,16:42:06,15,1,24.2,1.1,0.9,0.8,2,1,1.00,CYCLE,N
IND,208,6592,59452,17/01/2019,16:42:07,15,1,24.4,1.0,0.5,0.4,2,1,1.00,CYCLE,N
IND,208,6592,59452,17/01/2019,16:42:09,15,1,27.0,1.0,1.8,1.7,2,1,1.00,CYCLE,N
IND,208,6592,59452,17/01/2019,16:42:14,15,1,21.5,1.1,5.5,5.3,2,1,1.00,CYCLE,N
IND,208,6592,59452,17/01/2019,16:42:17,15,1,20.0,1.1,3.1,2.9,2,1,1.00,CYCLE,N
IND,208,6592,59452,17/01/2019,16:42:18,15,1,32.6,1.0,0.6,0.4,2,1,1.00,CYCLE,N
IND,208,6592,59452,17/01/2019,16:42:18,15,1,31.3,1.0,0.7,0.6,2,1,0.57,CYCLE,N
IND,208,6592,59452,17/01/2019,16:42:20,15,1,29.6,1.1,2.1,1.9,2,1,1.00,CYCLE,N
IND,208,6592,59452,17/01/2019,16:42:22,15,1,30.8,1.0,1.1,1.0,2,1,1.00,CYCLE,N
IND,208,6592,59452,17/01/2019,16:42:23,15,1,29.6,1.0,1.1,1.0,2,1,1.00,CYCLE,N
IND,208,6592,59452,17/01/2019,16:42:24,15,1,35.3,1.0,1.2,1.1,2,1,1.00,CYCLE,N
IND,208,6592,59452,17/01/2019,16:42:29,15,1,30.3,1.0,4.9,4.8,2,1,1.00,CYCLE,N
IND,208,6592,59452,17/01/2019,16:42:29,15,1,32.2,1.0,0.5,0.4,2,1,1.00,CYCLE,N
IND,208,6592,59452,17/01/2019,16:42:31,15,1,28.1,1.0,1.5,1.3,2,1,1.00,CYCLE,N
IND,208,6592,59452,17/01/2019,16:42:31,15,1,29.2,1.0,0.5,0.3,2,1,1.00,CYCLE,N
IND,208,6592,59452,17/01/2019,16:42:34,15,1,25.8,1.0,2.5,2.4,2,1,1.00,CYCLE,N
IND,208,6592,59452,17/01/2019,16:42:38,15,1,25.2,1.1,4.4,4.3,2,1,1.00,CYCLE,N
IND,208,6592,59452,17/01/2019,16:43:41,15,1,30.0,1.1,63.1,62.9,2,1,1.00,CYCLE,N
IND,208,6592,59452,17/01/2019,16:43:42,15,1,29.3,1.0,1.2,1.1,2,1,1.00,CYCLE,N
IND,208,6592,59452,17/01/2019,16:43:44,15,1,27.3,1.1,1.7,1.5,2,1,1.00,CYCLE,N
IND,208,6592,59452,17/01/2019,16:43:45,15,1,28.1,1.0,1.0,0.8,2,1,1.00,CYCLE,N
IND,208,6592,59452,17/01/2019,16:43:46,15,1,27.6,1.0,0.9,0.7,2,1,1.00,CYCLE,N
IND,208,6592,59452,17/01/2019,16:43:47,15,1,25.9,1.0,1.2,1.1,2,1,1.00,CYCLE,N
IND,208,6592,59452,17/01/2019,16:43:49,15,1,23.6,1.1,2.2,2.1,2,1,1.00,CYCLE,N
IND,208,6592,59452,17/01/2019,16:43:51,15,1,23.5,1.0,1.1,1.0,2,1,0.50,CYCLE,N
IND,208,6592,59453,17/01/2019,16:43:51,15,0,23.5,1.0,0.0,0.0,2,1,0.50,CYCLE,S
IND,208,6592,59452,17/01/2019,16:43:52,15,1,22.6,1.0,1.6,1.4,2,1,1.00,CYCLE,N
IND,208,6592,59452,17/01/2019,16:43:54,15,1,22.4,1.1,1.4,1.2,2,1,1.00,CYCLE,N
IND,208,6592,59452,17/01/2019,16:43:58,15,1,26.2,1.0,4.6,4.4,2,1,1.00,CYCLE,N
IND,208,6592,59452,17/01/2019,16:43:59,15,1,19.5,1.0,0.6,0.5,2,1,1.00,CYCLE,N
IND,208,6592,59452,17/01/2019,16:43:59,15,1,19.8,1.2,0.7,0.5,2,1,1.00,CYCLE,N
IND,208,6592,59452,17/01/2019,16:44:02,15,1,18.8,1.0,2.5,2.3,2,1,1.00,CYCLE,N
IND,208,6592,59452,17/01/2019,16:44:12,15,1,33.9,1.0,5.8,5.1,2,1,1.00,CYCLE,N
IND,208,6592,59452,17/01/2019,16:44:12,15,1,32.1,1.0,0.5,0.4,2,1,1.00,CYCLE,N
IND,208,6592,59453,17/01/2019,16:44:18,15,0,16.7,1.0,278.0,277.9,2,1,1.00,CYCLE,S
IND,208,6592,59453,17/01/2019,16:44:18,15,0,16.7,1.0,0.0,0.0,2,1,1.00,CYCLE,S
IND,208,6592,59452,17/01/2019,16:44:21,15,1,29.0,1.1,9.0,8.9,2,1,1.00,CYCLE,N
IND,208,6592,59452,17/01/2019,16:44:22,15,1,32.5,1.1,0.3,0.2,2,1,1.00,CYCLE,N
IND,208,6592,59452,17/01/2019,16:44:22,15,1,30.5,1.1,0.9,0.8,2,1,1.00,CYCLE,N
IND,208,6592,59452,17/01/2019,16:44:23,15,1,30.5,1.1,1.0,0.8,2,1,1.00,CYCLE,N
IND,208,6592,59452,17/01/2019,16:44:31,15,1,34.6,1.0,7.9,7.7,2,1,1.00,CYCLE,N
IND,208,6592,59452,17/01/2019,16:44:32,15,1,28.5,1.0,0.3,0.2,2,1,1.00,CYCLE,N
IND,208,6592,59452,17/01/2019,16:44:32,15,1,28.5,1.0,0.0,0.0,2,1,1.00,CYCLE,N
IND,208,6592,59452,17/01/2019,16:44:33,15,1,24.9,1.0,1.4,1.2,2,1,1.00,CYCLE,N
IND,208,6592,59452,17/01/2019,16:44:33,15,1,24.9,1.0,0.0,0.0,2,1,1.00,CYCLE,N
IND,208,6592,59452,17/01/2019,16:44:35,15,1,28.4,1.1,2.3,2.1,2,1,1.00,CYCLE,N
IND,208,6592,59452,17/01/2019,16:44:36,15,1,27.8,1.1,0.3,0.1,2,1,1.00,CYCLE,N
IND,208,6592,59452,17/01/2019,16:45:33,15,1,23.6,1.1,57.0,56.9,2,1,1.00,CYCLE,N
IND,208,6592,59452,17/01/2019,16:45:41,15,1,30.2,1.1,8.9,8.7,2,1,1.00,CYCLE,N
IND,208,6592,59452,17/01/2019,16:45:42,15,1,29.1,1.0,0.6,0.4,2,1,1.00,CYCLE,N
IND,208,6592,59452,17/01/2019,16:45:42,15,1,29.6,1.1,0.4,0.3,2,1,1.00,CYCLE,N
IND,208,6592,59452,17/01/2019,16:45:46,15,1,25.3,1.0,3.9,3.8,2,1,1.00,CYCLE,N
IND,208,6592,59452,17/01/2019,16:45:47,15,1,26.3,1.0,0.4,0.2,2,1,1.00,CYCLE,N
IND,208,6592,59452,17/01/2019,16:45:48,15,1,25.7,1.1,0.7,0.6,2,1,1.00,CYCLE,N
IND,208,6592,59452,17/01/2019,16:45:48,15,1,24.9,1.0,0.4,0.3,2,1,1.00,CYCLE,N
IND,208,6592,59452,17/01/2019,16:45:49,15,1,25.7,1.0,0.9,0.7,2,1,1.00,CYCLE,N
IND,208,6592,59452,17/01/2019,16:45:50,15,1,32.2,1.0,0.7,0.5,2,1,1.00,CYCLE,N
IND,208,6592,59452,17/01/2019,16:45:50,15,1,26.8,1.0,0.5,0.4,2,1,1.00,CYCLE,N
IND,208,6592,59452,17/01/2019,16:45:50,15,1,25.8,1.0,0.5,0.4,2,1,1.00,CYCLE,N
IND,208,6592,59452,17/01/2019,16:45:51,15,1,23.9,1.1,0.8,0.7,2,1,1.00,CYCLE,N
IND,208,6592,59452,17/01/2019,16:45:52,15,1,27.7,1.0,0.4,0.3,2,1,1.00,CYCLE,N
IND,208,6592,59452,17/01/2019,16:45:53,15,1,26.2,1.1,0.9,0.7,2,1,1.00,CYCLE,N
IND,208,6592,59452,17/01/2019,16:45:57,15,1,22.6,1.1,4.5,4.3,2,1,1.00,CYCLE,N
IND,208,6592,59452,17/01/2019,16:46:02,15,1,17.9,1.0,5.3,5.1,2,1,0.67,CYCLE,N
IND,208,6592,59452,17/01/2019,16:46:02,15,1,17.9,1.0,0.0,0.0,2,1,0.67,CYCLE,N
IND,208,6592,59452,17/01/2019,16:46:03,15,1,18.7,1.0,0.9,0.7,2,1,1.00,CYCLE,N
IND,208,6592,59452,17/01/2019,16:46:03,15,1,18.7,1.0,0.0,0.0,2,1,1.00,CYCLE,N
IND,208,6592,59452,17/01/2019,16:46:04,15,1,17.6,1.0,0.9,0.7,2,1,1.00,CYCLE,N
IND,208,6592,59452,17/01/2019,16:46:04,15,1,17.6,1.0,0.0,0.0,2,1,1.00,CYCLE,N
IND,208,6592,59452,17/01/2019,16:46:05,15,1,18.9,1.0,0.9,0.7,2,1,1.00,CYCLE,N
IND,208,6592,59452,17/01/2019,16:46:06,15,1,19.2,1.2,0.7,0.5,2,1,1.00,CYCLE,N
IND,208,6592,59452,17/01/2019,16:46:10,15,1,17.1,1.0,4.0,3.8,2,1,1.00,CYCLE,N
IND,208,6592,59452,17/01/2019,16:46:12,15,1,32.1,1.0,2.1,1.8,2,1,1.00,CYCLE,N
IND,208,6592,59452,17/01/2019,16:46:18,15,1,36.0,1.0,6.6,6.4,2,1,1.00,CYCLE,N
IND,208,6592,59452,17/01/2019,16:46:20,15,1,28.9,1.0,1.9,1.8,2,1,1.00,CYCLE,N
IND,208,6592,59452,17/01/2019,16:46:24,15,1,30.1,1.0,3.5,3.4,2,1,1.00,CYCLE,N
IND,208,6592,59452,17/01/2019,16:46:25,15,1,27.0,1.1,0.9,0.8,2,1,1.00,CYCLE,N
IND,208,6592,59452,17/01/2019,16:46:30,15,1,25.6,1.1,5.3,5.1,2,1,1.00,CYCLE,N
IND,208,6592,59452,17/01/2019,16:46:31,15,1,25.5,1.0,0.4,0.2,2,1,1.00,CYCLE,N
IND,208,6592,59452,17/01/2019,16:46:31,15,1,30.7,1.0,0.6,0.4,2,1,1.00,CYCLE,N
IND,208,6592,59452,17/01/2019,16:46:31,15,1,30.7,1.0,0.0,0.0,2,1,1.00,CYCLE,N
IND,208,6592,59452,17/01/2019,16:46:32,15,1,26.6,1.1,1.0,0.7,2,1,1.00,CYCLE,N
IND,208,6592,59452,17/01/2019,16:46:33,15,1,27.0,1.1,0.6,0.5,2,1,1.00,CYCLE,N
IND,208,6592,59452,17/01/2019,16:46:36,15,1,25.3,1.0,2.9,2.8,2,1,1.00,CYCLE,N
IND,208,6592,59452,17/01/2019,16:46:37,15,1,25.9,1.1,1.5,1.3,2,1,1.00,CYCLE,N
IND,208,6592,59452,17/01/2019,16:47:55,15,1,25.8,1.0,77.9,77.7,2,1,1.00,CYCLE,N
IND,208,6592,59452,17/01/2019,16:47:55,15,1,21.2,1.0,0.2,0.1,2,1,1.00,CYCLE,N
IND,208,6592,59452,17/01/2019,16:47:56,15,1,20.6,1.0,0.8,0.7,2,1,1.00,CYCLE,N
IND,208,6592,59452,17/01/2019,16:47:57,15,1,20.5,1.0,1.3,1.2,2,1,0.84,CYCLE,N
IND,208,6592,59452,17/01/2019,16:47:57,15,1,20.5,1.0,0.0,0.0,2,1,0.84,CYCLE,N
IND,208,6592,59452,17/01/2019,16:47:57,15,1,20.5,1.0,0.0,0.0,2,1,0.84,CYCLE,N
IND,208,6592,59452,17/01/2019,16:47:57,15,1,20.5,1.0,0.0,0.0,2,1,0.84,CYCLE,N
IND,208,6592,59452,17/01/2019,16:48:06,15,1,16.7,1.2,8.6,5.6,2,1,1.00,CYCLE,N
IND,208,6592,59452,17/01/2019,16:48:07,15,1,30.6,1.0,1.6,1.3,2,1,1.00,CYCLE,N
IND,208,6592,59452,17/01/2019,16:48:10,15,1,32.7,1.0,2.4,2.3,2,1,1.00,CYCLE,N
IND,208,6592,59452,17/01/2019,16:48:14,15,1,28.7,1.0,4.1,4.0,2,1,1.00,CYCLE,N
IND,208,6592,59452,17/01/2019,16:48:15,15,1,27.5,1.0,0.9,0.8,2,1,1.00,CYCLE,N
IND,208,6592,59452,17/01/2019,16:48:18,15,1,31.4,1.0,3.1,3.0,2,1,1.00,CYCLE,N
IND,208,6592,59452,17/01/2019,16:48:18,15,1,27.5,1.1,0.3,0.2,2,1,1.00,CYCLE,N
IND,208,6592,59452,17/01/2019,16:48:20,15,1,30.0,1.1,1.6,1.5,2,1,1.00,CYCLE,N
IND,208,6592,59452,17/01/2019,16:48:20,15,1,31.3,1.0,0.5,0.4,2,1,1.00,CYCLE,N
IND,208,6592,59452,17/01/2019,16:48:24,15,1,31.2,1.1,3.1,3.0,2,1,1.00,CYCLE,N
IND,208,6592,59453,17/01/2019,16:48:25,15,0,33.5,1.0,247.3,247.0,2,1,1.00,CYCLE,S
IND,208,6592,59452,17/01/2019,16:48:26,15,1,29.7,1.0,2.5,2.4,2,1,1.00,CYCLE,N
IND,208,6592,59452,17/01/2019,16:48:27,15,1,25.2,1.1,0.9,0.8,2,1,1.00,CYCLE,N
IND,208,6592,59452,17/01/2019,16:48:36,15,1,26.9,1.0,8.6,8.4,2,1,1.00,CYCLE,N
IND,208,6592,59452,17/01/2019,16:48:39,15,1,26.8,1.0,3.1,2.9,2,1,1.00,CYCLE,N
IND,208,6592,59452,17/01/2019,16:48:39,15,1,26.3,1.0,0.4,0.2,2,1,1.00,CYCLE,N
IND,208,6592,59452,17/01/2019,16:48:42,15,1,29.7,1.0,3.3,3.0,2,1,1.00,CYCLE,N
IND,208,6592,59452,17/01/2019,16:48:44,15,1,28.0,1.0,1.9,1.8,2,1,1.00,CYCLE,N
IND,208,6592,59452,17/01/2019,16:48:46,15,1,21.7,1.0,1.3,1.2,2,1,1.00,CYCLE,N
IND,208,6592,59452,17/01/2019,16:48:46,15,1,21.7,1.0,0.0,0.0,2,1,1.00,CYCLE,N
IND,208,6592,59452,17/01/2019,16:48:50,15,1,24.1,1.1,4.6,4.4,2,1,1.00,CYCLE,N
IND,208,6592,59453,17/01/2019,16:49:57,15,0,28.8,1.0,91.6,91.5,2,1,1.00,CYCLE,S
IND,208,6592,59452,17/01/2019,16:50:02,15,1,19.2,1.1,72.0,71.8,2,1,1.00,CYCLE,N
IND,208,6592,59452,17/01/2019,16:50:15,15,1,33.4,1.0,13.3,13.0,2,1,1.00,CYCLE,N
IND,208,6592,59452,17/01/2019,16:50:16,15,1,30.1,1.0,0.2,0.1,2,1,1.00,CYCLE,N
IND,208,6592,59452,17/01/2019,16:50:17,15,1,30.7,1.0,1.8,1.7,2,1,1.00,CYCLE,N
IND,208,6592,59453,17/01/2019,16:50:24,15,0,30.7,1.0,27.6,27.5,2,1,1.00,CYCLE,S
IND,208,6592,59452,17/01/2019,16:50:25,15,1,35.0,1.0,7.7,7.5,2,1,1.00,CYCLE,N
IND,208,6592,59452,17/01/2019,16:50:26,15,1,28.1,1.0,1.2,1.1,2,1,1.00,CYCLE,N
IND,208,6592,59452,17/01/2019,16:50:33,15,1,27.1,1.0,4.1,4.1,2,1,1.00,CYCLE,N
IND,208,6592,59452,17/01/2019,16:50:33,15,1,30.4,1.1,0.3,0.2,2,1,1.00,CYCLE,N
IND,208,6592,59452,17/01/2019,16:50:33,15,1,28.6,1.1,0.5,0.4,2,1,1.00,CYCLE,N
IND,208,6592,59452,17/01/2019,16:50:35,15,1,27.9,1.0,1.1,0.9,2,1,1.00,CYCLE,N
IND,208,6592,59452,17/01/2019,16:50:40,15,1,22.9,1.0,5.9,5.8,2,1,1.00,CYCLE,N
IND,208,6592,59452,17/01/2019,16:50:43,15,1,26.2,1.0,2.6,2.4,2,1,1.00,CYCLE,N
IND,208,6592,59452,17/01/2019,16:50:43,15,1,23.9,1.1,0.4,0.3,2,1,1.00,CYCLE,N
IND,208,6592,59452,17/01/2019,16:50:48,15,1,21.7,1.1,4.6,4.4,2,1,1.00,CYCLE,N
IND,208,6592,59452,17/01/2019,16:52:20,15,1,29.2,1.0,91.8,91.6,2,1,1.00,CYCLE,N
IND,208,6592,59452,17/01/2019,16:52:23,15,1,31.2,1.0,3.6,3.5,2,1,1.00,CYCLE,N
IND,208,6592,59452,17/01/2019,16:52:24,15,1,32.2,1.0,0.6,0.5,2,1,1.00,CYCLE,N
IND,208,6592,59452,17/01/2019,16:52:24,15,1,32.0,1.0,0.3,0.2,2,1,1.00,CYCLE,N
IND,208,6592,59452,17/01/2019,16:52:28,15,1,28.4,1.0,4.0,3.9,2,1,0.67,CYCLE,N
IND,208,6592,59452,17/01/2019,16:52:28,15,1,28.4,1.0,0.0,0.0,2,1,0.67,CYCLE,N
IND,208,6592,59452,17/01/2019,16:52:31,15,1,32.6,1.0,2.6,1.8,2,1,1.00,CYCLE,N
IND,208,6592,59452,17/01/2019,16:52:32,15,1,30.3,1.0,1.3,1.0,2,1,1.00,CYCLE,N
IND,208,6592,59452,17/01/2019,16:52:33,15,1,31.7,1.0,1.2,1.0,2,1,1.00,CYCLE,N
IND,208,6592,59452,17/01/2019,16:52:41,15,1,25.8,1.0,8.1,8.0,2,1,1.00,CYCLE,N
IND,208,6592,59452,17/01/2019,16:52:59,15,1,7.5,1.0,17.2,17.2,2,1,1.00,CYCLE,N
IND,208,6592,59452,17/01/2019,16:53:01,15,1,7.9,1.0,2.6,2.2,2,1,1.00,CYCLE,N
IND,208,6592,59453,17/01/2019,16:53:16,15,0,22.9,1.1,171.2,171.1,2,1,1.00,CYCLE,S
IND,208,6592,59453,17/01/2019,16:53:22,15,0,25.1,1.0,6.3,6.1,2,1,1.00,CYCLE,S
IND,208,6592,59452,17/01/2019,16:53:51,15,1,26.5,1.0,49.1,48.6,2,1,1.00,CYCLE,N
IND,208,6592,59452,17/01/2019,16:53:52,15,1,21.8,1.1,1.4,1.2,2,1,1.00,CYCLE,N
IND,208,6592,59452,17/01/2019,16:53:52,15,1,24.1,1.0,0.4,0.3,2,1,1.00,CYCLE,N
IND,208,6592,59452,17/01/2019,16:53:54,15,1,23.4,1.1,1.2,1.1,2,1,1.00,CYCLE,N
IND,208,6592,59452,17/01/2019,16:53:59,15,1,17.8,1.0,5.1,4.9,2,1,0.57,CYCLE,N
IND,208,6592,59452,17/01/2019,16:54:01,15,1,17.6,1.0,2.0,1.8,2,1,1.00,CYCLE,N
IND,208,6592,59452,17/01/2019,16:54:06,15,1,34.0,1.0,5.8,5.5,2,1,1.00,CYCLE,N
IND,208,6592,59452,17/01/2019,16:54:08,15,1,35.6,1.0,1.4,1.3,2,1,1.00,CYCLE,N
IND,208,6592,59452,17/01/2019,16:54:11,15,1,29.7,1.1,3.3,3.2,2,1,1.00,CYCLE,N
IND,208,6592,59452,17/01/2019,16:54:14,15,1,30.0,1.0,2.6,2.5,2,1,1.00,CYCLE,N
IND,208,6592,59452,17/01/2019,16:54:16,15,1,35.6,1.0,2.3,2.2,2,1,1.00,CYCLE,N
IND,208,6592,59452,17/01/2019,16:54:16,15,1,31.4,1.0,0.3,0.2,2,1,1.00,CYCLE,N
IND,208,6592,59452,17/01/2019,16:54:20,15,1,33.2,1.0,4.0,3.8,2,1,1.00,CYCLE,N
IND,208,6592,59452,17/01/2019,16:54:24,15,1,23.6,1.1,3.6,3.5,2,1,1.00,CYCLE,N
IND,208,6592,59452,17/01/2019,16:54:30,15,1,25.7,1.0,5.9,5.7,2,1,1.00,CYCLE,N
IND,208,6592,59452,17/01/2019,16:54:33,15,1,24.6,1.0,3.2,3.1,2,1,1.00,CYCLE,N
IND,208,6592,59452,17/01/2019,16:54:35,15,1,22.6,1.1,2.2,2.1,2,1,1.00,CYCLE,N
IND,208,6592,59452,17/01/2019,16:54:37,15,1,26.1,1.0,2.0,1.8,2,1,1.00,CYCLE,N
IND,208,6592,59452,17/01/2019,16:55:58,15,1,19.0,1.1,80.8,80.7,2,1,1.00,CYCLE,N
IND,208,6592,59452,17/01/2019,16:55:59,15,1,18.9,1.0,1.0,0.8,2,1,1.00,CYCLE,N
IND,208,6592,59452,17/01/2019,16:56:00,15,1,19.1,1.1,0.9,0.7,2,1,1.00,CYCLE,N
IND,208,6592,59452,17/01/2019,16:56:30,15,1,27.1,1.0,29.6,29.3,2,1,1.00,CYCLE,N
IND,208,6592,59452,17/01/2019,16:56:30,15,1,27.5,1.1,0.5,0.4,2,1,1.00,CYCLE,N
IND,208,6592,59452,17/01/2019,16:56:31,15,1,29.2,1.1,0.8,0.7,2,1,1.00,CYCLE,N
IND,208,6592,59452,17/01/2019,16:56:36,15,1,29.0,1.0,5.0,4.8,2,1,1.00,CYCLE,N
IND,208,6592,59452,17/01/2019,16:56:37,15,1,30.3,1.0,1.3,1.2,2,1,1.00,CYCLE,N
IND,208,6592,59452,17/01/2019,16:56:40,15,1,33.5,1.0,3.3,3.2,2,1,0.75,CYCLE,N
IND,208,6592,59452,17/01/2019,16:56:41,15,1,27.7,1.1,0.5,0.4,2,1,1.00,CYCLE,N
IND,208,6592,59452,17/01/2019,16:56:42,15,1,28.4,1.0,1.3,1.1,2,1,1.00,CYCLE,N
IND,208,6592,59452,17/01/2019,16:56:42,15,1,25.8,1.1,0.3,0.1,2,1,1.00,CYCLE,N
IND,208,6592,59452,17/01/2019,16:56:43,15,1,25.5,1.0,0.4,0.2,2,1,1.00,CYCLE,N
IND,208,6592,59452,17/01/2019,16:56:52,15,1,24.1,1.1,9.6,9.5,2,1,1.00,CYCLE,N
IND,208,6592,59452,17/01/2019,16:56:55,15,1,22.4,1.1,2.8,2.7,2,1,1.00,CYCLE,N
IND,208,6592,59452,17/01/2019,16:57:48,15,1,31.3,1.0,52.4,52.2,2,1,1.09,CYCLE,N
IND,208,6592,59452,17/01/2019,16:57:48,15,1,31.3,1.0,0.0,0.0,2,1,1.09,CYCLE,N
IND,208,6592,59452,17/01/2019,16:57:48,15,1,31.3,1.0,0.0,0.0,2,1,1.09,CYCLE,N
IND,208,6592,59452,17/01/2019,16:57:50,15,1,26.4,1.1,2.1,1.7,2,1,1.00,CYCLE,N
IND,208,6592,59452,17/01/2019,16:57:51,15,1,28.5,1.1,1.5,1.3,2,1,1.00,CYCLE,N
IND,208,6592,59452,17/01/2019,16:57:52,15,1,30.7,1.2,0.8,0.6,2,1,1.00,CYCLE,N
IND,208,6592,59452,17/01/2019,16:57:53,15,1,28.1,1.1,0.9,0.7,2,1,1.00,CYCLE,N
IND,208,6592,59452,17/01/2019,16:57:54,15,1,23.3,1.1,1.5,1.3,2,1,1.00,CYCLE,N
IND,208,6592,59452,17/01/2019,16:57:55,15,1,28.1,1.0,0.8,0.6,2,1,0.29,CYCLE,N
IND,208,6592,59452,17/01/2019,16:57:56,15,1,24.3,1.1,1.1,0.9,2,1,1.00,CYCLE,N
IND,208,6592,59452,17/01/2019,16:57:57,15,1,24.7,1.0,0.6,0.5,2,1,1.00,CYCLE,N
IND,208,6592,59452,17/01/2019,16:57:57,15,1,26.1,1.0,0.2,0.2,2,1,0.86,CYCLE,N
IND,208,6592,59452,17/01/2019,16:58:00,15,1,24.9,1.1,3.3,2.2,2,1,1.00,CYCLE,N
IND,208,6592,59452,17/01/2019,16:58:01,15,1,25.3,1.2,0.8,0.7,2,1,1.00,CYCLE,N
IND,208,6592,59452,17/01/2019,16:58:02,15,1,23.8,1.1,1.0,0.8,2,1,1.00,CYCLE,N
IND,208,6592,59452,17/01/2019,16:58:03,15,1,22.5,1.1,0.8,0.6,2,1,1.00,CYCLE,N
IND,208,6592,59452,17/01/2019,16:58:04,15,1,24.8,1.0,0.7,0.5,2,1,1.00,CYCLE,N
IND,208,6592,59452,17/01/2019,16:58:04,15,1,26.9,1.1,0.7,0.5,2,1,1.00,CYCLE,N
IND,208,6592,59452,17/01/2019,16:58:05,15,1,22.7,1.0,0.3,0.1,2,1,1.00,CYCLE,N
IND,208,6592,59452,17/01/2019,16:58:05,15,1,25.2,1.0,0.8,0.6,2,1,1.00,CYCLE,N
IND,208,6592,59452,17/01/2019,16:58:07,15,1,23.7,1.1,1.9,1.8,2,1,1.00,CYCLE,N
IND,208,6592,59452,17/01/2019,16:58:08,15,1,24.7,1.0,1.0,0.9,2,1,1.00,CYCLE,N
IND,208,6592,59452,17/01/2019,16:58:10,15,1,18.2,1.0,1.9,1.7,2,1,1.00,CYCLE,N
IND,208,6592,59452,17/01/2019,16:58:20,15,1,29.0,1.0,9.4,9.2,2,1,1.00,CYCLE,N
IND,208,6592,59452,17/01/2019,16:58:20,15,1,29.0,1.0,0.5,0.3,2,1,1.00,CYCLE,N
IND,208,6592,59452,17/01/2019,16:58:26,15,1,32.8,1.0,6.0,5.9,2,1,1.00,CYCLE,N
IND,208,6592,59452,17/01/2019,16:58:30,15,1,30.2,1.2,3.8,3.7,2,1,1.00,CYCLE,N
IND,208,6592,59452,17/01/2019,16:58:36,15,1,27.6,1.0,6.0,5.8,2,1,1.00,CYCLE,N
IND,208,6592,59452,17/01/2019,16:58:36,15,1,28.5,1.1,0.5,0.4,2,1,1.00,CYCLE,N
IND,208,6592,59452,17/01/2019,16:58:43,15,1,21.8,1.1,6.6,6.5,2,1,1.00,CYCLE,N
IND,208,6592,59452,17/01/2019,16:58:44,15,1,24.2,1.1,0.9,0.7,2,1,1.00,CYCLE,N
IND,208,6592,59452,17/01/2019,16:58:46,15,1,28.7,1.0,2.7,2.5,2,1,1.00,CYCLE,N
IND,208,6592,59453,17/01/2019,16:58:48,15,0,25.9,1.0,325.9,325.8,2,1,1.00,CYCLE,S
IND,208,6592,59452,17/01/2019,16:58:51,15,1,21.2,1.1,4.6,4.5,2,1,1.00,CYCLE,N
IND,208,6592,59452,17/01/2019,16:58:54,15,1,25.0,1.1,2.7,2.5,2,1,1.00,CYCLE,N
IND,208,6592,59452,17/01/2019,16:59:32,15,1,22.2,1.1,38.1,38.0,2,1,1.00,CYCLE,N
IND,208,6592,59452,17/01/2019,17:00:01,15,1,28.2,1.1,29.3,29.1,2,1,1.00,CYCLE,N
IND,208,6592,59452,17/01/2019,17:00:03,15,1,26.3,1.0,1.9,1.7,2,1,1.00,CYCLE,N
IND,208,6592,59452,17/01/2019,17:00:05,15,1,26.5,1.1,1.5,1.4,2,1,1.00,CYCLE,N
IND,208,6592,59452,17/01/2019,17:00:10,15,1,18.9,1.1,5.0,4.9,2,1,1.00,CYCLE,N
IND,208,6592,59452,17/01/2019,17:00:16,15,1,31.2,1.0,5.9,5.7,2,1,1.00,CYCLE,N
IND,208,6592,59452,17/01/2019,17:00:17,15,1,29.5,1.0,1.0,0.9,2,1,1.00,CYCLE,N
IND,208,6592,59452,17/01/2019,17:00:22,15,1,30.6,1.0,5.4,5.2,2,1,1.00,CYCLE,N
IND,208,6592,59452,17/01/2019,17:00:22,15,1,30.4,1.0,0.5,0.4,2,1,1.00,CYCLE,N
IND,208,6592,59452,17/01/2019,17:00:23,15,1,33.8,1.1,0.5,0.3,2,1,1.00,CYCLE,N
IND,208,6592,59452,17/01/2019,17:00:26,15,1,31.2,1.0,3.3,3.2,2,1,1.00,CYCLE,N
IND,208,6592,59452,17/01/2019,17:00:27,15,1,29.3,1.1,0.8,0.7,2,1,1.00,CYCLE,N
IND,208,6592,59452,17/01/2019,17:00:28,15,1,29.1,1.0,0.6,0.5,2,1,1.00,CYCLE,N
IND,208,6592,59452,17/01/2019,17:00:28,15,1,29.1,1.0,0.0,0.0,2,1,1.00,CYCLE,N
IND,208,6592,59452,17/01/2019,17:00:29,15,1,29.6,1.0,1.4,1.3,2,1,1.00,CYCLE,N
IND,208,6592,59452,17/01/2019,17:00:30,15,1,27.5,1.0,1.4,1.3,2,1,1.00,CYCLE,N
IND,208,6592,59452,17/01/2019,17:00:31,15,1,30.9,1.1,1.0,0.9,2,1,1.00,CYCLE,N
IND,208,6592,59452,17/01/2019,17:00:32,15,1,31.0,1.0,1.1,1.0,2,1,1.00,CYCLE,N
IND,208,6592,59452,17/01/2019,17:00:33,15,1,30.5,1.1,0.2,0.1,2,1,1.00,CYCLE,N
IND,208,6592,59452,17/01/2019,17:00:37,15,1,27.5,1.0,4.0,3.9,2,1,1.00,CYCLE,N
IND,208,6592,59452,17/01/2019,17:00:39,15,1,24.2,1.1,2.2,2.1,2,1,1.00,CYCLE,N
IND,208,6592,59452,17/01/2019,17:00:39,15,1,24.3,1.1,0.5,0.4,2,1,1.00,CYCLE,N
IND,208,6592,59452,17/01/2019,17:01:41,15,1,25.4,1.0,62.0,61.8,2,1,1.00,CYCLE,N
IND,208,6592,59453,17/01/2019,17:01:52,15,0,32.4,1.0,183.9,183.7,2,1,1.00,CYCLE,S
IND,208,6592,59452,17/01/2019,17:02:08,15,1,31.2,1.0,26.8,26.6,2,1,1.00,CYCLE,N
IND,208,6592,59452,17/01/2019,17:02:11,15,1,32.1,1.1,3.2,3.1,2,1,1.00,CYCLE,N
IND,208,6592,59452,17/01/2019,17:02:13,15,1,32.0,1.0,1.6,1.4,2,1,1.00,CYCLE,N
IND,208,6592,59452,17/01/2019,17:02:18,15,1,32.7,1.0,5.1,5.0,2,1,1.00,CYCLE,N
IND,208,6592,59452,17/01/2019,17:02:21,15,1,27.6,1.1,2.8,2.7,2,1,1.00,CYCLE,N
IND,208,6592,59452,17/01/2019,17:02:22,15,1,25.5,1.0,1.2,1.0,2,1,1.00,CYCLE,N
IND,208,6592,59452,17/01/2019,17:02:23,15,1,23.7,1.1,0.5,0.3,2,1,1.00,CYCLE,N
IND,208,6592,59452,17/01/2019,17:02:24,15,1,25.4,1.0,1.2,1.1,2,1,1.00,CYCLE,N
IND,208,6592,59452,17/01/2019,17:02:24,15,1,24.7,1.0,0.3,0.2,2,1,1.00,CYCLE,N
IND,208,6592,59453,17/01/2019,17:02:24,15,0,20.8,1.1,32.9,32.7,2,1,1.00,CYCLE,S
IND,208,6592,59452,17/01/2019,17:02:28,15,1,26.9,1.1,4.2,4.0,2,1,1.00,CYCLE,N
IND,208,6592,59452,17/01/2019,17:02:29,15,1,27.7,1.0,1.2,1.1,2,1,1.00,CYCLE,N
IND,208,6592,59452,17/01/2019,17:03:46,15,1,24.4,1.1,16.1,16.1,2,1,1.00,CYCLE,N
IND,208,6592,59452,17/01/2019,17:03:47,15,1,23.9,1.1,1.4,1.2,2,1,1.00,CYCLE,N
IND,208,6592,59452,17/01/2019,17:03:48,15,1,24.4,1.1,1.0,0.9,2,1,1.00,CYCLE,N
IND,208,6592,59453,17/01/2019,17:03:50,15,0,25.8,1.1,85.4,85.2,2,1,1.00,CYCLE,S
IND,208,6592,59452,17/01/2019,17:03:53,15,1,20.9,1.1,4.1,4.0,2,1,1.00,CYCLE,N
IND,208,6592,59452,17/01/2019,17:04:03,15,1,32.8,1.0,0.6,0.4,2,1,1.00,CYCLE,N
IND,208,6592,59452,17/01/2019,17:04:04,15,1,33.2,1.0,0.7,0.6,2,1,1.00,CYCLE,N
IND,208,6592,59452,17/01/2019,17:04:05,15,1,34.3,1.0,0.7,0.6,2,1,1.00,CYCLE,N
IND,208,6592,59452,17/01/2019,17:04:08,15,1,36.2,1.0,2.9,2.8,2,1,1.00,CYCLE,N
IND,208,6592,59452,17/01/2019,17:04:08,15,1,29.3,1.0,0.5,0.5,2,1,1.00,CYCLE,N
IND,208,6592,59452,17/01/2019,17:04:11,15,1,30.1,1.0,2.6,2.5,2,1,1.00,CYCLE,N
IND,208,6592,59452,17/01/2019,17:04:16,15,1,29.8,1.0,5.1,5.0,2,1,1.00,CYCLE,N
IND,208,6592,59452,17/01/2019,17:04:17,15,1,30.4,1.1,1.6,1.4,2,1,1.00,CYCLE,N
IND,208,6592,59452,17/01/2019,17:04:18,15,1,26.0,1.1,1.0,0.8,2,1,1.00,CYCLE,N
IND,208,6592,59452,17/01/2019,17:04:22,15,1,24.9,1.0,3.1,3.0,2,1,1.00,CYCLE,N
IND,208,6592,59452,17/01/2019,17:04:22,15,1,24.7,1.1,0.8,0.6,2,1,1.00,CYCLE,N
IND,208,6592,59452,17/01/2019,17:04:24,15,1,25.8,1.0,1.7,1.5,2,1,1.00,CYCLE,N
IND,208,6592,59452,17/01/2019,17:04:26,15,1,25.0,1.1,1.9,1.7,2,1,1.00,CYCLE,N
IND,208,6592,59452,17/01/2019,17:04:27,15,1,25.5,1.1,1.3,1.2,2,1,1.00,CYCLE,N
IND,208,6592,59453,17/01/2019,17:04:29,15,0,26.9,1.1,39.6,39.5,2,1,1.00,CYCLE,S
IND,208,6592,59452,17/01/2019,17:04:33,15,1,30.4,1.1,5.6,5.4,2,1,1.00,CYCLE,N
IND,208,6592,59452,17/01/2019,17:04:40,15,1,21.2,1.0,6.7,6.6,2,1,1.00,CYCLE,N
IND,208,6592,59452,17/01/2019,17:04:47,15,1,20.2,1.1,7.4,7.2,2,1,1.00,CYCLE,N
IND,208,6592,59452,17/01/2019,17:04:58,15,1,21.5,1.1,11.2,10.9,2,1,1.00,CYCLE,N
IND,208,6592,59452,17/01/2019,17:05:35,15,1,17.6,1.1,36.7,36.5,2,1,1.00,CYCLE,N
IND,208,6592,59452,17/01/2019,17:06:15,15,1,32.2,1.0,40.2,40.0,2,1,1.00,CYCLE,N
IND,208,6592,59452,17/01/2019,17:06:18,15,1,30.8,1.1,2.9,2.8,2,1,1.00,CYCLE,N
IND,208,6592,59452,17/01/2019,17:06:21,15,1,30.5,1.0,2.6,2.5,2,1,1.00,CYCLE,N
IND,208,6592,59452,17/01/2019,17:06:21,15,1,30.5,1.0,0.0,0.0,2,1,1.00,CYCLE,N
IND,208,6592,59452,17/01/2019,17:06:22,15,1,30.1,1.1,1.6,1.3,2,1,1.00,CYCLE,N
IND,208,6592,59452,17/01/2019,17:06:24,15,1,28.9,1.0,2.1,2.0,2,1,1.00,CYCLE,N
IND,208,6592,59452,17/01/2019,17:06:27,15,1,26.1,1.0,2.7,2.6,2,1,1.00,CYCLE,N
IND,208,6592,59452,17/01/2019,17:06:28,15,1,26.8,1.1,1.4,1.2,2,1,1.00,CYCLE,N
IND,208,6592,59452,17/01/2019,17:06:29,15,1,27.9,1.1,0.6,0.5,2,1,1.00,CYCLE,N
IND,208,6592,59452,17/01/2019,17:06:30,15,1,28.6,1.0,0.9,0.7,2,1,1.00,CYCLE,N
IND,208,6592,59453,17/01/2019,17:06:30,15,0,30.1,1.0,120.8,120.6,2,1,1.00,CYCLE,S
IND,208,6592,59452,17/01/2019,17:06:31,15,1,28.9,1.1,1.5,1.3,2,1,1.00,CYCLE,N
IND,208,6592,59452,17/01/2019,17:06:39,15,1,24.6,1.1,8.1,8.0,2,1,1.00,CYCLE,N
IND,208,6592,59452,17/01/2019,17:06:40,15,1,25.6,1.1,0.9,0.8,2,1,1.00,CYCLE,N
IND,208,6592,59452,17/01/2019,17:06:50,15,1,21.5,1.0,9.8,9.7,2,1,1.00,CYCLE,N
IND,208,6592,59452,17/01/2019,17:08:03,15,1,40.7,1.0,72.4,72.2,2,1,0.25,CYCLE,N
IND,208,6592,59452,17/01/2019,17:08:03,15,1,40.7,1.0,0.0,0.0,2,1,0.25,CYCLE,N
IND,208,6592,59453,17/01/2019,17:08:06,15,0,35.0,1.1,95.7,95.6,2,1,1.00,CYCLE,S
IND,208,6592,59452,17/01/2019,17:08:23,15,1,32.6,1.0,20.4,20.2,2,1,1.00,CYCLE,N
IND,208,6592,59452,17/01/2019,17:08:24,15,1,32.2,1.0,0.9,0.7,2,1,1.00,CYCLE,N
IND,208,6592,59452,17/01/2019,17:08:33,15,1,25.4,1.1,9.1,9.0,2,1,1.00,CYCLE,N
IND,208,6592,59452,17/01/2019,17:08:34,15,1,26.9,1.1,1.0,0.8,2,1,1.00,CYCLE,N
IND,208,6592,59452,17/01/2019,17:08:37,15,1,28.1,1.0,3.6,3.4,2,1,1.00,CYCLE,N
IND,208,6592,59452,17/01/2019,17:08:39,15,1,27.8,1.1,1.4,1.3,2,1,1.00,CYCLE,N
IND,208,6592,59452,17/01/2019,17:08:39,15,1,28.9,1.0,0.3,0.2,2,1,1.00,CYCLE,N
IND,208,6592,59452,17/01/2019,17:08:39,15,1,31.0,1.0,0.2,0.1,2,1,1.00,CYCLE,N
IND,208,6592,59452,17/01/2019,17:08:40,15,1,24.7,1.1,0.4,0.3,2,1,1.00,CYCLE,N
IND,208,6592,59452,17/01/2019,17:09:55,15,1,28.4,1.0,75.4,75.2,2,1,1.00,CYCLE,N
IND,208,6592,59452,17/01/2019,17:09:57,15,1,30.5,1.1,1.9,1.7,2,1,1.00,CYCLE,N
IND,208,6592,59453,17/01/2019,17:09:57,15,0,26.8,1.1,111.4,111.3,2,1,1.00,CYCLE,S
IND,208,6592,59453,17/01/2019,17:09:58,15,0,26.9,1.1,0.2,0.1,2,1,1.00,CYCLE,S
IND,208,6592,59452,17/01/2019,17:09:59,15,1,43.2,1.0,1.8,1.7,2,1,0.50,CYCLE,N
IND,208,6592,59453,17/01/2019,17:09:59,15,0,43.2,1.0,0.0,0.0,2,1,0.50,CYCLE,S
IND,208,6592,59452,17/01/2019,17:10:00,15,1,29.6,1.1,1.1,0.9,2,1,1.00,CYCLE,N
IND,208,6592,59452,17/01/2019,17:10:01,15,1,26.6,1.1,0.7,0.6,2,1,1.00,CYCLE,N
IND,208,6592,59452,17/01/2019,17:10:03,15,1,25.6,1.0,2.1,2.0,2,1,1.00,CYCLE,N
IND,208,6592,59452,17/01/2019,17:10:03,15,1,24.7,1.0,0.7,0.5,2,1,1.00,CYCLE,N
IND,208,6592,59452,17/01/2019,17:10:04,15,1,24.2,1.0,0.6,0.5,2,1,1.00,CYCLE,N
IND,208,6592,59452,17/01/2019,17:10:10,15,1,21.2,1.1,5.6,5.5,2,1,1.00,CYCLE,N
IND,208,6592,59452,17/01/2019,17:10:21,15,1,33.0,1.1,11.2,11.0,2,1,1.00,CYCLE,N
IND,208,6592,59452,17/01/2019,17:10:22,15,1,27.9,1.1,0.6,0.5,2,1,1.00,CYCLE,N
IND,208,6592,59452,17/01/2019,17:10:26,15,1,30.1,1.0,4.2,4.0,2,1,1.00,CYCLE,N
IND,208,6592,59452,17/01/2019,17:10:26,15,1,28.7,1.0,0.6,0.5,2,1,1.00,CYCLE,N
IND,208,6592,59452,17/01/2019,17:10:27,15,1,28.8,1.0,0.5,0.4,2,1,1.00,CYCLE,N
IND,208,6592,59452,17/01/2019,17:10:28,15,1,30.4,1.0,0.7,0.5,2,1,1.00,CYCLE,N
IND,208,6592,59452,17/01/2019,17:10:28,15,1,31.6,1.1,0.4,0.3,2,1,1.00,CYCLE,N
IND,208,6592,59452,17/01/2019,17:10:29,15,1,32.8,1.0,1.4,1.3,2,1,1.00,CYCLE,N
IND,208,6592,59452,17/01/2019,17:10:32,15,1,30.0,1.0,2.3,2.2,2,1,1.00,CYCLE,N
IND,208,6592,59452,17/01/2019,17:10:35,15,1,27.6,1.1,3.0,2.9,2,1,1.00,CYCLE,N
IND,208,6592,59452,17/01/2019,17:10:36,15,1,27.5,1.0,1.8,1.6,2,1,1.00,CYCLE,N
IND,208,6592,59452,17/01/2019,17:10:37,15,1,27.0,1.0,0.7,0.6,2,1,1.00,CYCLE,N
IND,208,6592,59452,17/01/2019,17:10:39,15,1,29.8,1.0,1.3,1.2,2,1,1.00,CYCLE,N
IND,208,6592,59452,17/01/2019,17:10:39,15,1,26.3,1.1,0.6,0.5,2,1,1.00,CYCLE,N
IND,208,6592,59452,17/01/2019,17:10:43,15,1,25.2,1.1,3.8,3.7,2,1,1.00,CYCLE,N
IND,208,6592,59453,17/01/2019,17:11:00,15,0,23.6,1.1,62.7,62.5,2,1,1.00,CYCLE,S
IND,208,6592,59452,17/01/2019,17:11:01,15,1,16.9,1.1,17.6,17.5,2,1,1.00,CYCLE,N
IND,208,6592,59452,17/01/2019,17:12:05,15,1,34.7,1.0,64.1,63.8,2,1,0.50,CYCLE,N
IND,208,6592,59453,17/01/2019,17:12:05,15,0,34.7,1.0,0.0,0.0,2,1,0.50,CYCLE,S
IND,208,6592,59452,17/01/2019,17:12:06,15,1,23.8,1.1,1.0,0.8,2,1,1.00,CYCLE,N
IND,208,6592,59452,17/01/2019,17:12:06,15,1,24.3,1.1,0.7,0.5,2,1,1.00,CYCLE,N
IND,208,6592,59452,17/01/2019,17:12:08,15,1,30.7,1.0,1.3,1.1,2,1,1.00,CYCLE,N
IND,208,6592,59452,17/01/2019,17:12:08,15,1,24.2,1.0,0.4,0.3,2,1,1.00,CYCLE,N
IND,208,6592,59452,17/01/2019,17:12:11,15,1,24.8,1.1,2.6,2.4,2,1,1.00,CYCLE,N
IND,208,6592,59452,17/01/2019,17:12:14,15,1,21.0,1.1,2.9,2.7,2,1,1.00,CYCLE,N
IND,208,6592,59452,17/01/2019,17:12:25,15,1,30.1,1.0,10.9,10.7,2,1,1.00,CYCLE,N
IND,208,6592,59452,17/01/2019,17:12:29,15,1,27.2,1.1,4.8,4.7,2,1,1.00,CYCLE,N
IND,208,6592,59452,17/01/2019,17:12:34,15,1,28.0,1.1,5.1,5.0,2,1,1.00,CYCLE,N
IND,208,6592,59452,17/01/2019,17:12:37,15,1,27.2,1.0,2.4,2.3,2,1,1.00,CYCLE,N
IND,208,6592,59452,17/01/2019,17:12:38,15,1,35.3,1.0,1.1,1.0,2,1,1.00,CYCLE,N
IND,208,6592,59452,17/01/2019,17:12:39,15,1,26.6,1.0,0.5,0.4,2,1,1.00,CYCLE,N
IND,208,6592,59452,17/01/2019,17:12:39,15,1,25.8,1.1,0.3,0.2,2,1,1.00,CYCLE,N
IND,208,6592,59452,17/01/2019,17:12:40,15,1,26.9,1.0,1.0,0.8,2,1,1.00,CYCLE,N
IND,208,6592,59452,17/01/2019,17:12:40,15,1,26.9,1.0,0.0,0.0,2,1,1.00,CYCLE,N
IND,208,6592,59452,17/01/2019,17:12:43,15,1,26.3,1.0,3.5,3.3,2,1,1.00,CYCLE,N
IND,208,6592,59452,17/01/2019,17:12:55,15,1,21.9,1.1,11.3,11.2,2,1,1.00,CYCLE,N
IND,208,6592,59453,17/01/2019,17:13:43,15,0,30.5,1.0,163.2,163.0,2,1,1.00,CYCLE,S
IND,208,6592,59453,17/01/2019,17:13:47,15,0,22.7,1.0,3.9,3.7,2,1,1.00,CYCLE,S
IND,208,6592,59452,17/01/2019,17:13:52,15,1,27.8,1.2,57.7,57.5,2,1,1.00,CYCLE,N
IND,208,6592,59452,17/01/2019,17:13:54,15,1,28.8,1.0,2.0,1.9,2,1,1.00,CYCLE,N
IND,208,6592,59452,17/01/2019,17:13:58,15,1,23.8,1.0,3.9,3.8,2,1,1.00,CYCLE,N
IND,208,6592,59452,17/01/2019,17:14:01,15,1,20.7,1.1,2.9,2.8,2,1,1.00,CYCLE,N
IND,208,6592,59452,17/01/2019,17:14:02,15,1,20.5,1.1,1.1,0.9,2,1,1.00,CYCLE,N
IND,208,6592,59452,17/01/2019,17:14:03,15,1,21.0,1.1,0.9,0.7,2,1,1.00,CYCLE,N
IND,208,6592,59452,17/01/2019,17:14:05,15,1,21.6,1.0,1.3,1.1,2,1,1.00,CYCLE,N
IND,208,6592,59452,17/01/2019,17:14:05,15,1,21.0,1.0,0.7,0.6,2,1,1.00,CYCLE,N
IND,208,6592,59452,17/01/2019,17:14:08,15,1,23.6,1.2,2.9,2.7,2,1,1.00,CYCLE,N
IND,208,6592,59452,17/01/2019,17:14:21,15,1,33.9,1.0,12.8,12.6,2,1,1.00,CYCLE,N
IND,208,6592,59452,17/01/2019,17:14:21,15,1,31.0,1.0,0.6,0.4,2,1,1.00,CYCLE,N
IND,208,6592,59452,17/01/2019,17:14:23,15,1,32.7,1.0,2.1,2.0,2,1,1.00,CYCLE,N
IND,208,6592,59452,17/01/2019,17:14:24,15,1,33.4,1.0,0.7,0.6,2,1,1.00,CYCLE,N
IND,208,6592,59452,17/01/2019,17:14:29,15,1,33.2,1.1,4.8,4.7,2,1,1.00,CYCLE,N
IND,208,6592,59452,17/01/2019,17:14:30,15,1,27.8,1.1,0.5,0.4,2,1,1.00,CYCLE,N
IND,208,6592,59452,17/01/2019,17:14:30,15,1,26.1,1.0,0.9,0.7,2,1,1.00,CYCLE,N
IND,208,6592,59452,17/01/2019,17:14:33,15,1,27.7,1.0,2.2,2.0,2,1,1.00,CYCLE,N
IND,208,6592,59452,17/01/2019,17:14:34,15,1,25.1,1.1,1.2,1.1,2,1,1.00,CYCLE,N
IND,208,6592,59452,17/01/2019,17:14:35,15,1,26.6,1.0,1.3,1.2,2,1,1.00,CYCLE,N
IND,208,6592,59452,17/01/2019,17:14:36,15,1,25.6,1.0,1.0,0.9,2,1,1.00,CYCLE,N
IND,208,6592,59452,17/01/2019,17:14:37,15,1,26.5,1.1,1.0,0.9,2,1,1.00,CYCLE,N
IND,208,6592,59452,17/01/2019,17:14:41,15,1,23.5,1.0,3.4,3.2,2,1,1.00,CYCLE,N
IND,208,6592,59452,17/01/2019,17:14:44,15,1,24.3,1.1,3.8,3.6,2,1,1.00,CYCLE,N
IND,208,6592,59452,17/01/2019,17:14:45,15,1,25.2,1.1,1.2,1.0,2,1,1.00,CYCLE,N
IND,208,6592,59452,17/01/2019,17:14:52,15,1,24.1,1.0,6.8,6.7,2,1,1.00,CYCLE,N
IND,208,6592,59452,17/01/2019,17:15:03,15,1,24.3,1.0,10.2,10.1,2,1,1.00,CYCLE,N
IND,208,6592,59452,17/01/2019,17:15:55,15,1,25.7,1.1,52.8,52.6,2,1,1.00,CYCLE,N
IND,208,6592,59452,17/01/2019,17:15:56,15,1,23.9,1.1,1.0,0.8,2,1,1.00,CYCLE,N
IND,208,6592,59452,17/01/2019,17:16:01,15,1,19.9,1.0,4.6,4.4,2,1,1.00,CYCLE,N
IND,208,6592,59453,17/01/2019,17:16:06,15,0,22.4,1.0,138.6,138.4,2,1,1.00,CYCLE,S
IND,208,6592,59452,17/01/2019,17:16:07,15,1,23.2,1.1,6.0,5.8,2,1,1.00,CYCLE,N
IND,208,6592,59453,17/01/2019,17:16:10,15,0,27.2,1.0,4.1,4.0,2,1,1.00,CYCLE,S
IND,208,6592,59452,17/01/2019,17:16:18,15,1,33.7,1.0,11.3,11.1,2,1,1.00,CYCLE,N
IND,208,6592,59452,17/01/2019,17:16:20,15,1,37.2,1.0,1.8,1.7,2,1,1.00,CYCLE,N
IND,208,6592,59452,17/01/2019,17:16:20,15,1,37.0,1.0,0.3,0.2,2,1,1.00,CYCLE,N
IND,208,6592,59452,17/01/2019,17:16:22,15,1,30.2,1.1,1.9,1.8,2,1,1.00,CYCLE,N
IND,208,6592,59452,17/01/2019,17:16:25,15,1,32.2,1.0,3.2,3.0,2,1,1.00,CYCLE,N
IND,208,6592,59452,17/01/2019,17:16:34,15,1,25.9,1.1,9.0,8.9,2,1,1.00,CYCLE,N
IND,208,6592,59452,17/01/2019,17:16:38,15,1,26.3,1.0,3.7,3.6,2,1,1.00,CYCLE,N
IND,208,6592,59452,17/01/2019,17:16:39,15,1,25.6,1.1,1.2,1.0,2,1,1.00,CYCLE,N
IND,208,6592,59452,17/01/2019,17:16:41,15,1,26.1,1.0,1.5,1.3,2,1,1.00,CYCLE,N
IND,208,6592,59453,17/01/2019,17:16:56,15,0,28.0,1.0,46.1,46.0,2,1,1.00,CYCLE,S
IND,208,6592,59452,17/01/2019,17:17:34,15,1,18.7,1.1,53.5,53.3,2,1,1.00,CYCLE,N
IND,208,6592,59452,17/01/2019,17:18:02,15,1,19.8,1.1,1.1,0.9,2,1,1.00,CYCLE,N
IND,208,6592,59452,17/01/2019,17:18:05,15,1,19.8,1.1,2.6,2.4,2,1,1.00,CYCLE,N
IND,208,6592,59452,17/01/2019,17:18:30,15,1,26.4,1.0,25.2,25.0,2,1,1.00,CYCLE,N
IND,208,6592,59452,17/01/2019,17:18:31,15,1,27.5,1.0,0.8,0.6,2,1,1.00,CYCLE,N
IND,208,6592,59452,17/01/2019,17:18:33,15,1,28.6,1.1,2.6,2.5,2,1,1.00,CYCLE,N
IND,208,6592,59452,17/01/2019,17:18:36,15,1,24.8,1.1,2.4,2.2,2,1,1.00,CYCLE,N
IND,208,6592,59452,17/01/2019,17:18:36,15,1,26.3,1.0,0.7,0.6,2,1,1.00,CYCLE,N
IND,208,6592,59452,17/01/2019,17:18:43,15,1,26.1,1.1,6.8,6.7,2,1,1.00,CYCLE,N
IND,208,6592,59452,17/01/2019,17:18:44,15,1,20.1,1.1,0.9,0.8,2,1,1.00,CYCLE,N
IND,208,6592,59452,17/01/2019,17:18:45,15,1,24.3,1.0,0.6,0.4,2,1,1.00,CYCLE,N
IND,208,6592,59452,17/01/2019,17:18:47,15,1,25.1,1.1,2.3,2.1,2,1,1.00,CYCLE,N
IND,208,6592,59453,17/01/2019,17:19:29,15,0,24.8,1.0,152.9,152.8,2,1,1.00,CYCLE,S
IND,208,6592,59452,17/01/2019,17:19:57,15,1,29.4,1.0,70.4,70.2,2,1,1.00,CYCLE,N
IND,208,6592,59452,17/01/2019,17:19:58,15,1,24.5,1.1,0.6,0.4,2,1,1.00,CYCLE,N
IND,208,6592,59452,17/01/2019,17:20:01,15,1,28.0,1.1,3.2,3.0,2,1,1.00,CYCLE,N
IND,208,6592,59452,17/01/2019,17:20:02,15,1,27.8,1.1,0.9,0.8,2,1,1.00,CYCLE,N
IND,208,6592,59452,17/01/2019,17:20:04,15,1,21.9,1.1,1.9,1.8,2,1,1.00,CYCLE,N
IND,208,6592,59452,17/01/2019,17:20:05,15,1,24.7,1.0,0.8,0.6,2,1,1.00,CYCLE,N
IND,208,6592,59452,17/01/2019,17:20:08,15,1,34.2,1.0,2.9,2.7,2,1,1.00,CYCLE,N
IND,208,6592,59452,17/01/2019,17:20:10,15,1,27.9,1.1,2.2,2.1,2,1,1.00,CYCLE,N
IND,208,6592,59452,17/01/2019,17:20:13,15,1,27.3,1.0,3.3,3.2,2,1,1.00,CYCLE,N
IND,208,6592,59452,17/01/2019,17:20:14,15,1,27.4,1.0,0.4,0.3,2,1,0.50,CYCLE,N
IND,208,6592,59453,17/01/2019,17:20:14,15,0,27.4,1.0,0.0,0.0,2,1,0.50,CYCLE,S
IND,208,6592,59452,17/01/2019,17:20:15,15,1,27.8,1.1,0.9,0.6,2,1,1.00,CYCLE,N
IND,208,6592,59452,17/01/2019,17:20:16,15,1,29.1,1.0,1.6,1.5,2,1,1.00,CYCLE,N
IND,208,6592,59452,17/01/2019,17:20:17,15,1,28.0,1.0,0.9,0.7,2,1,1.00,CYCLE,N
IND,208,6592,59452,17/01/2019,17:20:20,15,1,13.3,1.1,2.6,2.5,2,1,1.00,CYCLE,N
IND,208,6592,59452,17/01/2019,17:20:23,15,1,13.4,1.0,3.0,2.7,2,1,1.00,CYCLE,N
IND,208,6592,59452,17/01/2019,17:20:24,15,1,13.5,1.1,0.9,0.7,2,1,1.00,CYCLE,N
IND,208,6592,59452,17/01/2019,17:20:25,15,1,23.2,1.1,1.8,1.5,2,1,1.00,CYCLE,N
IND,208,6592,59452,17/01/2019,17:20:26,15,1,25.1,1.0,0.8,0.6,2,1,1.00,CYCLE,N
IND,208,6592,59452,17/01/2019,17:20:26,15,1,20.5,1.0,0.2,0.1,2,1,1.00,CYCLE,N
IND,208,6592,59452,17/01/2019,17:20:27,15,1,25.7,1.1,0.4,0.2,2,1,1.00,CYCLE,N
IND,208,6592,59452,17/01/2019,17:20:27,15,1,20.1,1.0,0.2,0.1,2,1,1.00,CYCLE,N
IND,208,6592,59452,17/01/2019,17:20:29,15,1,20.7,1.0,1.9,1.7,2,1,1.00,CYCLE,N
IND,208,6592,59452,17/01/2019,17:20:36,15,1,21.9,1.1,7.7,7.5,2,1,1.00,CYCLE,N
IND,208,6592,59452,17/01/2019,17:20:44,15,1,23.5,1.1,7.6,7.4,2,1,1.00,CYCLE,N
IND,208,6592,59452,17/01/2019,17:21:33,15,1,19.7,1.0,49.3,49.1,2,1,1.00,CYCLE,N
IND,208,6592,59452,17/01/2019,17:21:48,15,1,21.1,1.1,15.1,14.9,2,1,1.00,CYCLE,N
IND,208,6592,59452,17/01/2019,17:22:24,15,1,29.8,1.0,35.8,35.6,2,1,1.00,CYCLE,N
IND,208,6592,59452,17/01/2019,17:22:26,15,1,28.3,1.0,1.7,1.5,2,1,1.00,CYCLE,N
IND,208,6592,59452,17/01/2019,17:22:30,15,1,33.6,1.0,4.2,4.0,2,1,1.00,CYCLE,N
IND,208,6592,59452,17/01/2019,17:22:31,15,1,31.5,1.1,0.8,0.7,2,1,1.00,CYCLE,N
IND,208,6592,59452,17/01/2019,17:22:32,15,1,25.2,1.1,1.0,0.9,2,1,1.00,CYCLE,N
IND,208,6592,59453,17/01/2019,17:23:02,15,0,26.9,1.1,212.7,212.5,2,1,1.00,CYCLE,S
IND,208,6592,59452,17/01/2019,17:23:41,15,1,28.1,1.1,69.0,68.9,2,1,1.00,CYCLE,N
IND,208,6592,59452,17/01/2019,17:23:41,15,1,28.4,1.1,0.4,0.2,2,1,1.00,CYCLE,N
IND,208,6592,59452,17/01/2019,17:23:42,15,1,30.1,1.1,0.4,0.2,2,1,1.00,CYCLE,N
IND,208,6592,59452,17/01/2019,17:23:46,15,1,26.6,1.0,4.0,3.9,2,1,1.00,CYCLE,N
IND,208,6592,59452,17/01/2019,17:23:48,15,1,24.6,1.0,1.9,1.8,2,1,1.00,CYCLE,N
IND,208,6592,59452,17/01/2019,17:23:49,15,1,25.4,1.1,1.9,1.7,2,1,1.00,CYCLE,N
IND,208,6592,59452,17/01/2019,17:23:51,15,1,22.4,1.0,1.5,1.3,2,1,1.00,CYCLE,N
IND,208,6592,59452,17/01/2019,17:23:54,15,1,20.8,1.1,3.1,3.0,2,1,1.00,CYCLE,N
IND,208,6592,59453,17/01/2019,17:23:58,15,0,14.7,1.0,56.7,56.5,2,1,1.00,CYCLE,S
IND,208,6592,59452,17/01/2019,17:24:01,15,1,16.7,1.1,6.6,6.4,2,1,1.00,CYCLE,N
IND,208,6592,59452,17/01/2019,17:24:18,15,1,31.6,1.0,17.1,16.8,2,1,1.00,CYCLE,N
IND,208,6592,59452,17/01/2019,17:24:18,15,1,31.0,1.0,0.3,0.2,2,1,1.00,CYCLE,N
IND,208,6592,59452,17/01/2019,17:24:19,15,1,41.1,1.0,0.8,0.6,2,1,0.40,CYCLE,N
IND,208,6592,59452,17/01/2019,17:24:21,15,1,32.5,1.0,1.9,1.9,2,1,1.00,CYCLE,N
IND,208,6592,59452,17/01/2019,17:24:22,15,1,33.1,1.0,1.4,1.3,2,1,1.00,CYCLE,N
IND,208,6592,59452,17/01/2019,17:24:24,15,1,32.6,1.0,2.1,2.0,2,1,1.00,CYCLE,N
IND,208,6592,59452,17/01/2019,17:24:40,15,1,24.0,1.1,16.0,15.9,2,1,1.00,CYCLE,N
IND,208,6592,59452,17/01/2019,17:26:27,15,1,27.7,1.1,107.1,106.9,2,1,1.00,CYCLE,N
IND,208,6592,59452,17/01/2019,17:26:30,15,1,24.0,1.0,2.8,2.6,2,1,1.00,CYCLE,N
IND,208,6592,59452,17/01/2019,17:26:32,15,1,30.1,1.1,1.7,1.5,2,1,1.00,CYCLE,N
IND,208,6592,59453,17/01/2019,17:26:32,15,0,19.0,1.0,153.7,153.5,2,1,0.57,CYCLE,S
IND,208,6592,59452,17/01/2019,17:26:33,15,1,26.0,1.1,1.0,0.9,2,1,1.00,CYCLE,N
IND,208,6592,59452,17/01/2019,17:26:34,15,1,33.2,1.1,1.0,0.9,2,1,1.00,CYCLE,N
IND,208,6592,59452,17/01/2019,17:26:36,15,1,30.9,1.0,2.4,2.3,2,1,1.00,CYCLE,N
IND,208,6592,59452,17/01/2019,17:26:37,15,1,31.6,1.0,1.2,1.0,2,1,1.00,CYCLE,N
IND,208,6592,59452,17/01/2019,17:26:38,15,1,25.2,1.0,0.4,0.3,2,1,1.00,CYCLE,N
IND,208,6592,59452,17/01/2019,17:26:38,15,1,27.8,1.0,0.3,0.2,2,1,1.00,CYCLE,N
IND,208,6592,59452,17/01/2019,17:26:40,15,1,26.4,1.1,2.0,1.9,2,1,1.00,CYCLE,N
IND,208,6592,59452,17/01/2019,17:26:41,15,1,26.7,1.1,0.8,0.6,2,1,1.00,CYCLE,N
IND,208,6592,59452,17/01/2019,17:27:40,15,1,30.7,1.0,59.3,59.1,2,1,1.00,CYCLE,N
IND,208,6592,59452,17/01/2019,17:27:41,15,1,26.6,1.2,0.7,0.6,2,1,1.00,CYCLE,N
IND,208,6592,59452,17/01/2019,17:27:49,15,1,21.9,1.1,7.9,7.7,2,1,1.00,CYCLE,N
IND,208,6592,59452,17/01/2019,17:27:55,15,1,25.4,1.0,5.9,5.8,2,1,1.00,CYCLE,N
IND,208,6592,59452,17/01/2019,17:28:04,15,1,29.5,1.0,9.1,9.0,2,1,1.00,CYCLE,N
IND,208,6592,59452,17/01/2019,17:28:06,15,1,29.8,1.2,2.5,2.4,2,1,1.00,CYCLE,N
IND,208,6592,59452,17/01/2019,17:28:08,15,1,31.4,1.0,1.4,1.2,2,1,1.00,CYCLE,N
IND,208,6592,59452,17/01/2019,17:28:12,15,1,29.3,1.1,3.8,3.7,2,1,1.00,CYCLE,N
IND,208,6592,59452,17/01/2019,17:28:12,15,1,29.7,1.1,0.5,0.4,2,1,1.00,CYCLE,N
IND,208,6592,59452,17/01/2019,17:28:15,15,1,31.8,1.0,2.9,2.7,2,1,1.00,CYCLE,N
IND,208,6592,59452,17/01/2019,17:28:16,15,1,30.2,1.0,1.0,0.9,2,1,1.00,CYCLE,N
IND,208,6592,59452,17/01/2019,17:28:17,15,1,31.8,1.0,1.5,1.4,2,1,1.00,CYCLE,N
IND,208,6592,59452,17/01/2019,17:28:23,15,1,24.0,1.1,5.4,5.3,2,1,1.00,CYCLE,N
IND,208,6592,59452,17/01/2019,17:28:24,15,1,28.0,1.0,0.8,0.6,2,1,1.00,CYCLE,N
IND,208,6592,59452,17/01/2019,17:28:33,15,1,30.4,1.1,9.1,9.0,2,1,1.00,CYCLE,N
IND,208,6592,59452,17/01/2019,17:28:33,15,1,23.2,1.1,0.3,0.2,2,1,1.00,CYCLE,N
IND,208,6592,59452,17/01/2019,17:30:24,15,1,29.0,1.1,111.4,111.2,2,1,1.00,CYCLE,N
IND,208,6592,59452,17/01/2019,17:31:18,15,1,32.7,1.0,53.6,53.4,2,1,1.00,CYCLE,N
IND,208,6592,59452,17/01/2019,17:31:19,15,1,29.8,1.1,1.4,1.3,2,1,1.00,CYCLE,N
IND,208,6592,59452,17/01/2019,17:31:20,15,1,30.6,1.1,0.5,0.4,2,1,1.00,CYCLE,N
IND,208,6592,59452,17/01/2019,17:31:21,15,1,27.7,1.1,0.9,0.8,2,1,1.00,CYCLE,N
IND,208,6592,59452,17/01/2019,17:31:21,15,1,28.0,1.1,0.4,0.3,2,1,1.00,CYCLE,N
IND,208,6592,59452,17/01/2019,17:31:22,15,1,27.0,1.0,0.5,0.4,2,1,1.00,CYCLE,N
IND,208,6592,59452,17/01/2019,17:31:22,15,1,26.6,1.0,0.5,0.4,2,1,1.00,CYCLE,N
IND,208,6592,59452,17/01/2019,17:31:23,15,1,27.9,1.1,0.4,0.3,2,1,1.00,CYCLE,N
IND,208,6592,59452,17/01/2019,17:31:24,15,1,25.4,1.1,1.7,1.6,2,1,1.00,CYCLE,N
IND,208,6592,59452,17/01/2019,17:31:25,15,1,25.4,1.0,0.5,0.4,2,1,1.00,CYCLE,N
IND,208,6592,59452,17/01/2019,17:31:26,15,1,24.9,1.1,1.2,1.1,2,1,1.00,CYCLE,N
IND,208,6592,59452,17/01/2019,17:31:27,15,1,25.1,1.0,0.7,0.6,2,1,1.00,CYCLE,N
IND,208,6592,59452,17/01/2019,17:31:29,15,1,25.4,1.1,2.2,2.1,2,1,1.00,CYCLE,N
IND,208,6592,59452,17/01/2019,17:31:30,15,1,25.8,1.1,0.9,0.7,2,1,1.00,CYCLE,N
IND,208,6592,59452,17/01/2019,17:31:33,15,1,22.9,1.1,2.7,2.6,2,1,1.00,CYCLE,N
IND,208,6592,59453,17/01/2019,17:31:50,15,0,22.3,1.0,234.8,234.6,2,1,1.00,CYCLE,S
IND,208,6592,59452,17/01/2019,17:32:17,15,1,32.3,1.1,43.8,43.6,2,1,1.00,CYCLE,N
IND,208,6592,59452,17/01/2019,17:32:21,15,1,26.5,1.1,4.5,4.4,2,1,1.00,CYCLE,N
IND,208,6592,59452,17/01/2019,17:32:22,15,1,25.2,1.1,1.3,1.2,2,1,1.00,CYCLE,N
IND,208,6592,59452,17/01/2019,17:33:13,15,1,27.6,1.1,50.7,50.5,2,1,1.00,CYCLE,N
IND,208,6592,59452,17/01/2019,17:33:13,15,1,29.1,1.0,0.3,0.2,2,1,1.00,CYCLE,N
IND,208,6592,59452,17/01/2019,17:33:14,15,1,28.7,1.0,0.3,0.2,2,1,1.00,CYCLE,N
IND,208,6592,59452,17/01/2019,17:33:15,15,1,29.3,1.0,1.0,0.9,2,1,1.00,CYCLE,N
IND,208,6592,59452,17/01/2019,17:33:15,15,1,29.6,1.1,0.6,0.5,2,1,1.00,CYCLE,N
IND,208,6592,59452,17/01/2019,17:33:21,15,1,24.2,1.0,5.8,5.7,2,1,1.00,CYCLE,N
IND,208,6592,59453,17/01/2019,17:34:13,15,0,24.3,1.0,142.1,142.0,2,1,1.00,CYCLE,S
IND,208,6592,59452,17/01/2019,17:34:41,15,1,35.5,1.0,80.2,80.0,2,1,1.00,CYCLE,N
IND,208,6592,59452,17/01/2019,17:34:45,15,1,35.7,1.0,3.0,2.2,2,1,1.00,CYCLE,N
IND,208,6592,59452,17/01/2019,17:34:46,15,1,27.5,1.0,1.1,1.0,2,1,1.00,CYCLE,N
IND,208,6592,59452,17/01/2019,17:34:47,15,1,32.6,1.0,0.5,0.4,2,1,1.00,CYCLE,N
IND,208,6592,59452,17/01/2019,17:34:47,15,1,25.9,1.0,0.9,0.8,2,1,1.00,CYCLE,N
IND,208,6592,59452,17/01/2019,17:34:48,15,1,27.2,1.1,0.5,0.4,2,1,1.00,CYCLE,N
IND,208,6592,59452,17/01/2019,17:34:49,15,1,27.6,1.1,1.5,1.3,2,1,1.00,CYCLE,N
IND,208,6592,59452,17/01/2019,17:34:52,15,1,23.2,1.0,3.0,2.8,2,1,1.00,CYCLE,N
IND,208,6592,59452,17/01/2019,17:34:53,15,1,23.5,1.1,0.4,0.3,2,1,1.00,CYCLE,N
IND,208,6592,59452,17/01/2019,17:34:53,15,1,24.6,1.1,0.5,0.3,2,1,1.00,CYCLE,N
IND,208,6592,59453,17/01/2019,17:35:10,15,0,30.9,1.0,57.6,57.4,2,1,1.00,CYCLE,S
IND,208,6592,59453,17/01/2019,17:35:18,15,0,23.6,1.0,8.0,7.9,2,1,1.00,CYCLE,S
IND,208,6592,59453,17/01/2019,17:35:46,15,0,26.8,1.0,27.8,27.6,2,1,1.00,CYCLE,S
IND,208,6592,59452,17/01/2019,17:36:29,15,1,28.9,1.0,95.4,95.2,2,1,1.00,CYCLE,N
IND,208,6592,59452,17/01/2019,17:36:30,15,1,33.1,1.0,1.0,0.9,2,1,1.00,CYCLE,N
IND,208,6592,59452,17/01/2019,17:36:32,15,1,32.6,1.0,2.7,2.6,2,1,1.00,CYCLE,N
IND,208,6592,59452,17/01/2019,17:36:34,15,1,25.3,1.0,1.9,1.8,2,1,1.00,CYCLE,N
IND,208,6592,59452,17/01/2019,17:36:34,15,1,25.3,1.0,0.0,0.0,2,1,1.00,CYCLE,N
IND,208,6592,59452,17/01/2019,17:36:36,15,1,27.9,1.0,2.1,1.8,2,1,1.00,CYCLE,N
IND,208,6592,59452,17/01/2019,17:36:36,15,1,27.9,1.0,0.0,0.0,2,1,1.00,CYCLE,N
IND,208,6592,59452,17/01/2019,17:36:38,15,1,25.0,1.0,1.6,1.3,2,1,1.00,CYCLE,N
IND,208,6592,59452,17/01/2019,17:36:39,15,1,26.4,1.1,0.9,0.8,2,1,1.00,CYCLE,N
IND,208,6592,59452,17/01/2019,17:36:41,15,1,27.0,1.1,1.7,1.6,2,1,1.00,CYCLE,N
IND,208,6592,59452,17/01/2019,17:36:42,15,1,27.6,1.1,1.6,1.5,2,1,1.00,CYCLE,N
IND,208,6592,59452,17/01/2019,17:36:51,15,1,21.5,1.1,8.7,8.6,2,1,1.00,CYCLE,N
IND,208,6592,59452,17/01/2019,17:37:28,15,1,29.4,1.1,36.7,36.5,2,1,1.00,CYCLE,N
IND,208,6592,59452,17/01/2019,17:37:30,15,1,29.7,1.0,2.4,2.2,2,1,1.00,CYCLE,N
IND,208,6592,59452,17/01/2019,17:37:33,15,1,24.3,1.0,3.5,3.4,2,1,1.00,CYCLE,N
IND,208,6592,59452,17/01/2019,17:37:34,15,1,24.1,1.0,0.7,0.5,2,1,1.00,CYCLE,N
IND,208,6592,59452,17/01/2019,17:38:24,15,1,34.7,1.0,49.9,49.7,2,1,1.00,CYCLE,N
IND,208,6592,59452,17/01/2019,17:39:19,15,1,29.6,1.0,54.9,54.8,2,1,1.00,CYCLE,N
IND,208,6592,59452,17/01/2019,17:39:19,15,1,32.5,1.0,0.4,0.3,2,1,1.00,CYCLE,N
IND,208,6592,59452,17/01/2019,17:39:20,15,1,30.6,1.0,0.6,0.5,2,1,1.00,CYCLE,N
IND,208,6592,59452,17/01/2019,17:39:23,15,1,29.3,1.1,2.7,2.6,2,1,1.00,CYCLE,N
IND,208,6592,59452,17/01/2019,17:39:24,15,1,29.0,1.1,1.1,1.0,2,1,1.00,CYCLE,N
IND,208,6592,59452,17/01/2019,17:39:27,15,1,25.4,1.1,3.4,3.2,2,1,1.00,CYCLE,N
IND,208,6592,59452,17/01/2019,17:39:28,15,1,24.8,1.1,0.8,0.7,2,1,1.00,CYCLE,N
IND,208,6592,59452,17/01/2019,17:39:30,15,1,25.4,1.0,1.6,1.5,2,1,1.00,CYCLE,N
IND,208,6592,59452,17/01/2019,17:39:36,15,1,19.3,1.0,6.6,6.5,2,1,1.00,CYCLE,N
IND,208,6592,59453,17/01/2019,17:39:42,15,0,22.7,1.0,236.0,235.9,2,1,1.00,CYCLE,S
IND,208,6592,59452,17/01/2019,17:40:58,15,1,34.1,1.1,82.0,81.8,2,1,1.00,CYCLE,N
IND,208,6592,59452,17/01/2019,17:41:02,15,1,31.2,1.0,3.5,3.4,2,1,1.00,CYCLE,N
IND,208,6592,59452,17/01/2019,17:41:03,15,1,32.3,1.0,1.4,1.3,2,1,1.00,CYCLE,N
IND,208,6592,59452,17/01/2019,17:41:04,15,1,30.7,1.0,1.0,0.9,2,1,1.00,CYCLE,N
IND,208,6592,59452,17/01/2019,17:41:05,15,1,30.8,1.0,0.7,0.6,2,1,1.00,CYCLE,N
IND,208,6592,59452,17/01/2019,17:41:06,15,1,30.3,1.1,0.8,0.7,2,1,1.00,CYCLE,N
IND,208,6592,59452,17/01/2019,17:41:07,15,1,28.6,1.0,1.7,1.6,2,1,1.00,CYCLE,N
IND,208,6592,59453,17/01/2019,17:41:09,15,0,26.0,1.1,87.0,86.8,2,1,1.00,CYCLE,S
IND,208,6592,59452,17/01/2019,17:41:10,15,1,25.3,1.1,2.4,2.3,2,1,1.00,CYCLE,N
IND,208,6592,59452,17/01/2019,17:41:13,15,1,24.6,1.1,3.1,2.9,2,1,1.00,CYCLE,N
IND,208,6592,59452,17/01/2019,17:41:14,15,1,24.1,1.1,0.7,0.6,2,1,1.00,CYCLE,N
IND,208,6592,59452,17/01/2019,17:41:16,15,1,22.7,1.0,1.9,1.7,2,1,1.00,CYCLE,N
IND,208,6592,59453,17/01/2019,17:41:25,15,0,24.2,1.0,16.4,16.3,2,1,1.00,CYCLE,S
IND,208,6592,59452,17/01/2019,17:42:44,15,1,28.7,1.0,88.3,88.1,2,1,1.00,CYCLE,N
IND,208,6592,59452,17/01/2019,17:42:45,15,1,28.0,1.0,1.4,1.2,2,1,1.00,CYCLE,N
IND,208,6592,59452,17/01/2019,17:42:46,15,1,28.0,1.1,0.5,0.4,2,1,1.00,CYCLE,N
IND,208,6592,59452,17/01/2019,17:42:46,15,1,28.7,1.0,0.7,0.5,2,1,1.00,CYCLE,N
IND,208,6592,59452,17/01/2019,17:42:47,15,1,28.5,1.1,0.6,0.5,2,1,1.00,CYCLE,N
IND,208,6592,59452,17/01/2019,17:42:50,15,1,25.9,1.1,2.7,2.6,2,1,1.00,CYCLE,N
IND,208,6592,59452,17/01/2019,17:42:55,15,1,21.8,1.0,4.9,4.8,2,1,1.00,CYCLE,N
IND,208,6592,59452,17/01/2019,17:42:58,15,1,20.5,1.0,3.0,2.8,2,1,1.00,CYCLE,N
IND,208,6592,59452,17/01/2019,17:43:57,15,1,20.1,1.1,59.2,59.0,2,1,1.00,CYCLE,N
IND,208,6592,59452,17/01/2019,17:44:53,15,1,27.4,1.1,56.7,56.4,2,1,1.00,CYCLE,N
IND,208,6592,59452,17/01/2019,17:44:54,15,1,26.8,1.0,0.4,0.3,2,1,1.00,CYCLE,N
IND,208,6592,59452,17/01/2019,17:44:55,15,1,25.6,1.0,1.2,1.1,2,1,1.00,CYCLE,N
IND,208,6592,59452,17/01/2019,17:45:01,15,1,20.6,1.1,5.7,5.5,2,1,1.00,CYCLE,N
IND,208,6592,59452,17/01/2019,17:45:02,15,1,23.9,1.0,1.1,0.9,2,1,1.00,CYCLE,N
IND,208,6592,59452,17/01/2019,17:45:31,15,1,19.2,1.0,28.7,28.6,2,1,1.00,CYCLE,N
IND,208,6592,59452,17/01/2019,17:46:41,15,1,23.8,1.0,70.7,70.5,2,1,1.00,CYCLE,N
IND,208,6592,59452,17/01/2019,17:47:25,15,1,19.1,1.1,44.3,44.1,2,1,1.00,CYCLE,N
IND,208,6592,59452,17/01/2019,17:48:37,15,1,29.4,1.0,72.0,71.8,2,1,1.00,CYCLE,N
IND,208,6592,59452,17/01/2019,17:48:39,15,1,34.3,1.1,1.5,1.4,2,1,1.00,CYCLE,N
IND,208,6592,59452,17/01/2019,17:48:40,15,1,27.9,1.0,0.7,0.6,2,1,1.00,CYCLE,N
IND,208,6592,59452,17/01/2019,17:48:40,15,1,27.2,1.0,0.6,0.4,2,1,1.00,CYCLE,N
IND,208,6592,59452,17/01/2019,17:48:41,15,1,28.8,1.1,0.7,0.5,2,1,1.00,CYCLE,N
IND,208,6592,59452,17/01/2019,17:48:45,15,1,26.6,1.1,4.0,3.8,2,1,1.00,CYCLE,N
IND,208,6592,59452,17/01/2019,17:48:48,15,1,22.1,1.1,3.4,3.2,2,1,1.00,CYCLE,N
IND,208,6592,59452,17/01/2019,17:48:52,15,1,23.3,1.0,3.7,3.5,2,1,1.00,CYCLE,N
IND,208,6592,59453,17/01/2019,17:49:39,15,0,30.1,1.0,181.9,181.2,2,1,1.00,CYCLE,S
IND,208,6592,59452,17/01/2019,17:50:32,15,1,33.2,1.1,100.0,99.8,2,1,1.00,CYCLE,N
IND,208,6592,59452,17/01/2019,17:50:35,15,1,32.5,1.0,2.6,2.5,2,1,1.00,CYCLE,N
IND,208,6592,59452,17/01/2019,17:50:37,15,1,28.6,1.1,2.5,2.4,2,1,1.00,CYCLE,N
IND,208,6592,59452,17/01/2019,17:50:39,15,1,26.1,1.0,1.8,1.7,2,1,1.00,CYCLE,N
IND,208,6592,59452,17/01/2019,17:50:40,15,1,26.6,1.1,0.8,0.7,2,1,1.00,CYCLE,N
IND,208,6592,59452,17/01/2019,17:50:40,15,1,26.5,1.0,0.6,0.5,2,1,1.00,CYCLE,N
IND,208,6592,59452,17/01/2019,17:50:42,15,1,24.2,1.1,1.9,1.8,2,1,1.00,CYCLE,N
IND,208,6592,59452,17/01/2019,17:50:46,15,1,20.9,1.1,3.3,3.2,2,1,1.00,CYCLE,N
IND,208,6592,59452,17/01/2019,17:51:14,15,1,19.7,1.1,27.9,27.7,2,1,1.00,CYCLE,N
IND,208,6592,59452,17/01/2019,17:51:17,15,1,18.2,1.0,3.5,3.3,2,1,1.00,CYCLE,N
IND,208,6592,59452,17/01/2019,17:52:47,15,1,28.4,1.0,90.1,89.9,2,1,1.00,CYCLE,N
IND,208,6592,59453,17/01/2019,17:52:52,15,0,28.5,1.1,193.5,193.4,2,1,1.00,CYCLE,S
IND,208,6592,59452,17/01/2019,17:52:54,15,1,21.8,1.1,6.8,6.7,2,1,1.00,CYCLE,N
IND,208,6592,59453,17/01/2019,17:52:56,15,0,28.4,1.0,3.5,3.3,2,1,1.00,CYCLE,S
IND,208,6592,59452,17/01/2019,17:53:01,15,1,19.0,1.0,7.4,7.3,2,1,1.00,CYCLE,N
IND,208,6592,59453,17/01/2019,17:53:02,15,0,25.0,1.0,6.5,6.3,2,1,1.00,CYCLE,S
IND,208,6592,59453,17/01/2019,17:53:07,15,0,23.6,1.2,4.9,4.7,2,1,1.00,CYCLE,S
IND,208,6592,59452,17/01/2019,17:54:37,15,1,39.7,1.0,95.1,94.9,2,1,1.00,CYCLE,N
IND,208,6592,59452,17/01/2019,17:54:38,15,1,35.8,1.0,1.6,1.5,2,1,1.00,CYCLE,N
IND,208,6592,59452,17/01/2019,17:54:39,15,1,35.2,1.0,0.4,0.3,2,1,1.00,CYCLE,N
IND,208,6592,59452,17/01/2019,17:54:42,15,1,29.9,1.0,3.6,3.6,2,1,1.00,CYCLE,N
IND,208,6592,59452,17/01/2019,17:54:43,15,1,30.0,1.0,0.6,0.4,2,1,1.00,CYCLE,N
IND,208,6592,59452,17/01/2019,17:54:44,15,1,29.1,1.1,0.8,0.7,2,1,1.00,CYCLE,N
IND,208,6592,59452,17/01/2019,17:54:45,15,1,26.8,1.1,1.4,1.2,2,1,1.00,CYCLE,N
IND,208,6592,59452,17/01/2019,17:54:46,15,1,28.5,1.0,1.5,1.4,2,1,1.00,CYCLE,N
IND,208,6592,59452,17/01/2019,17:54:49,15,1,24.9,1.0,2.4,2.3,2,1,1.00,CYCLE,N
IND,208,6592,59452,17/01/2019,17:55:58,15,1,31.5,1.0,68.9,68.7,2,1,1.00,CYCLE,N
IND,208,6592,59452,17/01/2019,17:56:59,15,1,28.8,1.1,61.2,61.1,2,1,1.00,CYCLE,N
IND,208,6592,59452,17/01/2019,17:56:59,15,1,29.5,1.1,0.3,0.2,2,1,1.00,CYCLE,N
IND,208,6592,59452,17/01/2019,17:57:00,15,1,30.4,1.1,0.6,0.5,2,1,1.00,CYCLE,N
IND,208,6592,59452,17/01/2019,17:57:02,15,1,26.0,1.0,2.4,2.2,2,1,1.00,CYCLE,N
IND,208,6592,59452,17/01/2019,17:57:04,15,1,30.1,1.0,2.2,2.1,2,1,1.00,CYCLE,N
IND,208,6592,59452,17/01/2019,17:57:05,15,1,30.6,1.1,0.5,0.3,2,1,1.00,CYCLE,N
IND,208,6592,59452,17/01/2019,17:57:05,15,1,25.8,1.0,0.3,0.1,2,1,1.00,CYCLE,N
IND,208,6592,59453,17/01/2019,17:57:05,15,0,27.4,1.0,238.4,238.2,2,1,1.00,CYCLE,S
IND,208,6592,59452,17/01/2019,17:57:06,15,1,26.3,1.0,1.0,0.9,2,1,1.00,CYCLE,N
IND,208,6592,59453,17/01/2019,17:57:11,15,0,20.0,1.1,5.1,5.0,2,1,1.00,CYCLE,S
IND,208,6592,59452,17/01/2019,17:57:18,15,1,16.2,1.1,11.6,11.5,2,1,1.00,CYCLE,N
IND,208,6592,59453,17/01/2019,17:58:37,15,0,39.1,1.0,86.2,86.0,2,1,1.00,CYCLE,S
IND,208,6592,59453,17/01/2019,17:58:46,15,0,26.9,1.0,9.5,9.5,2,1,1.00,CYCLE,S
IND,208,6592,59452,17/01/2019,17:58:50,15,1,31.5,1.0,92.0,91.7,2,1,1.00,CYCLE,N
IND,208,6592,59452,17/01/2019,17:58:51,15,1,30.8,1.0,1.8,1.7,2,1,1.00,CYCLE,N
IND,208,6592,59452,17/01/2019,17:58:52,15,1,29.2,1.0,0.6,0.5,2,1,1.00,CYCLE,N
IND,208,6592,59452,17/01/2019,17:58:55,15,1,26.7,1.0,3.3,3.2,2,1,1.00,CYCLE,N
IND,208,6592,59452,17/01/2019,17:59:01,15,1,19.9,1.0,5.9,5.8,2,1,1.00,CYCLE,N
IND,208,6592,59452,17/01/2019,18:00:31,15,1,20.3,1.1,89.3,89.1,2,1,1.00,CYCLE,N
IND,208,6592,59452,17/01/2019,18:00:58,15,1,18.5,1.0,27.1,26.9,2,1,1.00,CYCLE,N
IND,208,6592,59452,17/01/2019,18:01:05,15,1,14.0,1.1,6.9,6.7,2,1,1.00,CYCLE,N
IND,208,6592,59452,17/01/2019,18:02:02,15,1,17.2,1.0,57.2,56.9,2,1,1.00,CYCLE,N
IND,208,6592,59452,17/01/2019,18:02:32,15,1,24.5,1.1,30.2,30.0,2,1,1.00,CYCLE,N
IND,208,6592,59452,17/01/2019,18:02:35,15,1,27.0,1.0,2.7,2.6,2,1,1.00,CYCLE,N
IND,208,6592,59452,17/01/2019,18:02:35,15,1,23.7,1.1,0.2,0.1,2,1,1.00,CYCLE,N
IND,208,6592,59452,17/01/2019,18:04:28,15,1,30.8,1.0,99.4,98.7,2,1,1.00,CYCLE,N
IND,208,6592,59452,17/01/2019,18:04:30,15,1,28.7,1.0,1.7,1.6,2,1,1.00,CYCLE,N
IND,208,6592,59452,17/01/2019,18:04:31,15,1,28.1,1.0,0.8,0.7,2,1,1.00,CYCLE,N
IND,208,6592,59452,17/01/2019,18:04:33,15,1,27.3,1.1,1.9,1.7,2,1,1.00,CYCLE,N
IND,208,6592,59452,17/01/2019,18:04:34,15,1,24.9,1.1,1.0,0.8,2,1,1.00,CYCLE,N
IND,208,6592,59452,17/01/2019,18:04:35,15,1,24.4,1.0,1.0,0.8,2,1,1.00,CYCLE,N
IND,208,6592,59453,17/01/2019,18:04:36,15,0,31.7,1.0,349.7,349.5,2,1,1.00,CYCLE,S
IND,208,6592,59452,17/01/2019,18:04:38,15,1,23.7,1.1,3.5,3.4,2,1,1.00,CYCLE,N
IND,208,6592,59452,17/01/2019,18:06:33,15,1,32.0,1.0,110.7,110.0,2,1,1.00,CYCLE,N
IND,208,6592,59452,17/01/2019,18:06:34,15,1,30.0,1.0,0.6,0.5,2,1,1.00,CYCLE,N
IND,208,6592,59452,17/01/2019,18:06:38,15,1,24.9,1.1,4.6,4.5,2,1,1.00,CYCLE,N
IND,208,6592,59452,17/01/2019,18:06:39,15,1,31.9,1.0,0.6,0.5,2,1,1.00,CYCLE,N
IND,208,6592,59452,17/01/2019,18:06:43,15,1,20.3,1.1,3.8,3.7,2,1,1.00,CYCLE,N
IND,208,6592,59452,17/01/2019,18:06:44,15,1,20.7,1.0,1.7,1.5,2,1,1.00,CYCLE,N
IND,208,6592,59453,17/01/2019,18:06:47,15,0,17.3,1.1,131.0,130.9,2,1,1.00,CYCLE,S
IND,208,6592,59452,17/01/2019,18:07:05,15,1,27.6,1.1,20.9,20.7,2,1,1.00,CYCLE,N
IND,208,6592,59452,17/01/2019,18:07:13,15,1,27.1,1.0,7.7,7.6,2,1,1.00,CYCLE,N
IND,208,6592,59452,17/01/2019,18:08:22,15,1,28.7,1.0,68.9,68.8,2,1,1.00,CYCLE,N
IND,208,6592,59452,17/01/2019,18:08:22,15,1,28.7,1.0,0.4,0.3,2,1,1.00,CYCLE,N
IND,208,6592,59452,17/01/2019,18:08:28,15,1,23.6,1.0,5.4,5.3,2,1,1.00,CYCLE,N
IND,208,6592,59452,17/01/2019,18:08:28,15,1,24.0,1.0,0.3,0.1,2,1,1.00,CYCLE,N
IND,208,6592,59452,17/01/2019,18:09:13,15,1,25.7,1.1,44.9,44.7,2,1,1.00,CYCLE,N
IND,208,6592,59452,17/01/2019,18:09:14,15,1,28.8,1.0,1.0,0.9,2,1,1.00,CYCLE,N
IND,208,6592,59452,17/01/2019,18:09:14,15,1,28.8,1.0,0.0,0.0,2,1,1.00,CYCLE,N
IND,208,6592,59452,17/01/2019,18:09:15,15,1,25.5,1.1,1.5,1.3,2,1,1.00,CYCLE,N
IND,208,6592,59452,17/01/2019,18:09:21,15,1,22.9,1.0,6.0,5.8,2,1,1.00,CYCLE,N
IND,208,6592,59452,17/01/2019,18:09:39,15,1,25.4,1.1,18.0,17.8,2,1,1.00,CYCLE,N
IND,208,6592,59452,17/01/2019,18:10:44,15,1,30.6,1.1,65.1,64.9,2,1,1.00,CYCLE,N
IND,208,6592,59452,17/01/2019,18:10:45,15,1,23.8,1.1,1.0,0.9,2,1,1.00,CYCLE,N
IND,208,6592,59452,17/01/2019,18:10:48,15,1,23.9,1.0,2.4,2.2,2,1,1.00,CYCLE,N
IND,208,6592,59453,17/01/2019,18:10:54,15,0,26.9,1.1,247.0,246.7,2,1,1.00,CYCLE,S
IND,208,6592,59453,17/01/2019,18:10:57,15,0,30.6,1.0,2.7,2.5,2,1,1.00,CYCLE,S
IND,208,6592,59452,17/01/2019,18:11:35,15,1,21.4,1.1,47.3,47.1,2,1,1.00,CYCLE,N
IND,208,6592,59452,17/01/2019,18:12:29,15,1,26.9,1.1,54.2,54.0,2,1,1.00,CYCLE,N
IND,208,6592,59452,17/01/2019,18:12:37,15,1,29.1,1.1,8.2,8.0,2,1,1.00,CYCLE,N
IND,208,6592,59452,17/01/2019,18:13:26,15,1,15.6,1.1,49.1,49.0,2,1,1.00,CYCLE,N
IND,208,6592,59452,17/01/2019,18:14:11,15,1,29.4,1.1,44.5,44.2,2,1,1.00,CYCLE,N
IND,208,6592,59452,17/01/2019,18:14:42,15,1,24.9,1.1,31.4,31.2,2,1,1.00,CYCLE,N
IND,208,6592,59452,17/01/2019,18:14:49,15,1,25.2,1.0,7.2,7.0,2,1,1.00,CYCLE,N
IND,208,6592,59452,17/01/2019,18:14:50,15,1,20.7,1.1,0.6,0.5,2,1,1.00,CYCLE,N
IND,208,6592,59453,17/01/2019,18:16:19,15,0,20.2,1.0,322.1,322.0,2,1,1.00,CYCLE,S
IND,208,6592,59453,17/01/2019,18:17:46,15,0,18.5,1.1,87.2,87.0,2,1,1.00,CYCLE,S
IND,208,6592,59452,17/01/2019,18:18:52,15,1,25.8,1.1,241.7,241.5,2,1,1.00,CYCLE,N
IND,208,6592,59452,17/01/2019,18:18:54,15,1,23.0,1.0,2.7,2.5,2,1,1.00,CYCLE,N
IND,208,6592,59452,17/01/2019,18:18:56,15,1,25.4,1.1,1.2,1.0,2,1,1.00,CYCLE,N
IND,208,6592,59452,17/01/2019,18:18:58,15,1,23.8,1.0,2.3,2.2,2,1,1.00,CYCLE,N
IND,208,6592,59452,17/01/2019,18:19:00,15,1,22.3,1.1,2.4,2.2,2,1,1.00,CYCLE,N
IND,208,6592,59453,17/01/2019,18:19:29,15,0,16.2,1.0,103.0,102.8,2,1,1.00,CYCLE,S
IND,208,6592,59452,17/01/2019,18:19:34,15,1,28.8,1.0,34.0,33.8,2,1,1.00,CYCLE,N
IND,208,6592,59453,17/01/2019,18:20:08,15,0,20.3,1.1,38.6,38.4,2,1,1.00,CYCLE,S
IND,208,6592,59452,17/01/2019,18:20:31,15,1,29.1,1.0,56.4,56.3,2,1,1.00,CYCLE,N
IND,208,6592,59452,17/01/2019,18:20:33,15,1,25.6,1.1,2.0,1.9,2,1,1.00,CYCLE,N
IND,208,6592,59452,17/01/2019,18:20:33,15,1,26.1,1.0,0.5,0.4,2,1,1.00,CYCLE,N
IND,208,6592,59452,17/01/2019,18:20:39,15,1,23.1,1.0,5.5,5.3,2,1,1.00,CYCLE,N
IND,208,6592,59452,17/01/2019,18:20:40,15,1,19.7,1.0,1.0,0.9,2,1,1.00,CYCLE,N
IND,208,6592,59452,17/01/2019,18:20:43,15,1,19.6,1.0,2.9,2.7,2,1,1.00,CYCLE,N
IND,208,6592,59453,17/01/2019,18:20:55,15,0,25.3,1.0,47.9,47.7,2,1,1.00,CYCLE,S
IND,208,6592,59452,17/01/2019,18:21:40,15,1,20.8,1.1,57.2,57.0,2,1,1.00,CYCLE,N
IND,208,6592,59452,17/01/2019,18:22:48,15,1,33.3,1.0,68.1,67.9,2,1,1.00,CYCLE,N
IND,208,6592,59452,17/01/2019,18:23:03,15,1,25.9,1.1,15.0,14.9,2,1,1.00,CYCLE,N
IND,208,6592,59452,17/01/2019,18:23:27,15,1,26.7,1.1,23.9,23.7,2,1,1.00,CYCLE,N
IND,208,6592,59453,17/01/2019,18:23:29,15,0,20.9,1.1,153.8,153.6,2,1,1.00,CYCLE,S
IND,208,6592,59452,17/01/2019,18:23:31,15,1,22.3,1.0,4.5,4.3,2,1,1.00,CYCLE,N
IND,208,6592,59452,17/01/2019,18:23:32,15,1,23.5,1.1,1.2,1.0,2,1,1.00,CYCLE,N
IND,208,6592,59452,17/01/2019,18:23:35,15,1,23.9,1.0,2.6,2.5,2,1,1.00,CYCLE,N
IND,208,6592,59452,17/01/2019,18:23:47,15,1,28.1,1.1,11.8,11.6,2,1,1.00,CYCLE,N
IND,208,6592,59452,17/01/2019,18:24:32,15,1,31.4,1.0,45.6,45.5,2,1,1.00,CYCLE,N
IND,208,6592,59452,17/01/2019,18:25:41,15,1,22.2,1.2,68.7,68.6,2,1,1.00,CYCLE,N
IND,208,6592,59452,17/01/2019,18:26:46,15,1,25.9,1.1,65.2,65.0,2,1,1.00,CYCLE,N
IND,208,6592,59453,17/01/2019,18:26:47,15,0,29.7,1.0,198.1,197.9,2,1,1.00,CYCLE,S
IND,208,6592,59452,17/01/2019,18:26:50,15,1,20.4,1.0,3.6,3.4,2,1,1.00,CYCLE,N
IND,208,6592,59452,17/01/2019,18:27:14,15,1,16.5,1.0,24.5,24.3,2,1,1.00,CYCLE,N
IND,208,6592,59452,17/01/2019,18:28:59,15,1,26.3,1.0,104.3,104.0,2,1,1.00,CYCLE,N
IND,208,6592,59452,17/01/2019,18:31:47,15,1,23.0,1.0,168.6,168.5,2,1,1.00,CYCLE,N
IND,208,6592,59452,17/01/2019,18:31:59,15,1,25.9,1.0,11.6,11.5,2,1,1.00,CYCLE,N
IND,208,6592,59453,17/01/2019,18:33:09,15,0,23.0,1.1,381.5,381.4,2,1,1.00,CYCLE,S
IND,208,6592,59452,17/01/2019,18:33:29,15,1,14.9,1.1,89.9,89.8,2,1,1.00,CYCLE,N
IND,208,6592,59452,17/01/2019,18:34:00,15,1,29.5,1.1,31.2,30.9,2,1,1.00,CYCLE,N
IND,208,6592,59452,17/01/2019,18:34:03,15,1,28.8,1.1,2.6,2.4,2,1,1.00,CYCLE,N
IND,208,6592,59452,17/01/2019,18:34:07,15,1,22.4,1.0,4.7,4.6,2,1,1.00,CYCLE,N
IND,208,6592,59452,17/01/2019,18:35:06,15,1,27.3,1.0,59.1,58.9,2,1,1.00,CYCLE,N
IND,208,6592,59452,17/01/2019,18:36:08,15,1,29.6,1.0,61.2,61.1,2,1,1.00,CYCLE,N
IND,208,6592,59452,17/01/2019,18:36:16,15,1,20.3,1.2,7.9,7.8,2,1,1.00,CYCLE,N
IND,208,6592,59452,17/01/2019,18:37:49,15,1,21.9,1.0,93.7,93.5,2,1,1.00,CYCLE,N
IND,208,6592,59452,17/01/2019,18:37:55,15,1,19.2,1.0,5.7,5.6,2,1,1.00,CYCLE,N
IND,208,6592,59453,17/01/2019,18:39:13,15,0,15.5,1.0,363.7,363.5,2,1,1.00,CYCLE,S
IND,208,6592,59452,17/01/2019,18:40:09,15,1,22.4,1.1,134.4,134.1,2,1,1.00,CYCLE,N
IND,208,6592,59452,17/01/2019,18:40:10,15,1,24.7,1.0,0.8,0.6,2,1,1.00,CYCLE,N
IND,208,6592,59453,17/01/2019,18:40:12,15,0,19.3,1.1,59.8,59.6,2,1,1.00,CYCLE,S
IND,208,6592,59452,17/01/2019,18:41:35,15,1,31.6,1.1,84.7,84.5,2,1,1.00,CYCLE,N
IND,208,6592,59452,17/01/2019,18:41:37,15,1,32.8,1.1,2.0,1.8,2,1,1.00,CYCLE,N
IND,208,6592,59452,17/01/2019,18:41:50,15,1,25.2,1.1,13.1,13.0,2,1,1.00,CYCLE,N
IND,208,6592,59452,17/01/2019,18:41:53,15,1,22.4,1.0,2.9,2.7,2,1,1.00,CYCLE,N
IND,208,6592,59453,17/01/2019,18:42:06,15,0,21.0,1.0,113.8,113.6,2,1,1.00,CYCLE,S
IND,208,6592,59452,17/01/2019,18:43:01,15,1,21.4,1.1,67.9,67.8,2,1,1.00,CYCLE,N
IND,208,6592,59453,17/01/2019,18:43:15,15,0,27.9,1.0,68.8,68.6,2,1,1.00,CYCLE,S
IND,208,6592,59452,17/01/2019,18:43:28,15,1,23.4,1.1,27.3,27.1,2,1,1.00,CYCLE,N
IND,208,6592,59452,17/01/2019,18:43:30,15,1,25.5,1.0,1.6,1.5,2,1,1.00,CYCLE,N
IND,208,6592,59452,17/01/2019,18:44:28,15,1,23.9,1.0,58.5,58.3,2,1,1.00,CYCLE,N
IND,208,6592,59452,17/01/2019,18:44:30,15,1,23.9,1.1,2.2,2.0,2,1,1.00,CYCLE,N
IND,208,6592,59452,17/01/2019,18:45:47,15,1,21.5,1.0,76.7,76.6,2,1,1.00,CYCLE,N
IND,208,6592,59452,17/01/2019,18:45:55,15,1,18.2,1.1,7.6,7.4,2,1,1.00,CYCLE,N
IND,208,6592,59452,17/01/2019,18:45:55,15,1,16.0,1.1,0.9,0.7,2,1,1.00,CYCLE,N
IND,208,6592,59452,17/01/2019,18:46:25,15,1,34.9,1.1,29.6,29.3,2,1,1.00,CYCLE,N
IND,208,6592,59452,17/01/2019,18:47:10,15,1,30.2,1.0,44.7,44.6,2,1,1.00,CYCLE,N
IND,208,6592,59452,17/01/2019,18:47:10,15,1,29.9,1.0,0.5,0.4,2,1,1.00,CYCLE,N
IND,208,6592,59452,17/01/2019,18:49:19,15,1,22.9,1.0,129.1,128.9,2,1,1.00,CYCLE,N
IND,208,6592,59452,17/01/2019,18:49:23,15,1,22.0,1.1,3.3,3.2,2,1,1.00,CYCLE,N
IND,208,6592,59452,17/01/2019,18:51:06,15,1,37.5,1.0,103.5,103.3,2,1,1.00,CYCLE,N
IND,208,6592,59452,17/01/2019,18:51:08,15,1,37.7,1.0,1.6,1.5,2,1,1.00,CYCLE,N
IND,208,6592,59452,17/01/2019,18:51:08,15,1,34.6,1.1,0.6,0.5,2,1,1.00,CYCLE,N
IND,208,6592,59452,17/01/2019,18:51:13,15,1,25.8,1.1,4.6,4.5,2,1,1.00,CYCLE,N
IND,208,6592,59452,17/01/2019,18:51:26,15,1,16.3,1.0,12.8,12.7,2,1,1.00,CYCLE,N
IND,208,6592,59452,17/01/2019,18:52:52,15,1,27.3,1.0,85.9,85.6,2,1,1.00,CYCLE,N
IND,208,6592,59452,17/01/2019,18:52:53,15,1,25.9,1.1,1.1,1.0,2,1,1.00,CYCLE,N
IND,208,6592,59452,17/01/2019,18:52:58,15,1,23.6,1.1,5.6,5.4,2,1,1.00,CYCLE,N
IND,208,6592,59452,17/01/2019,18:54:11,15,1,29.1,1.0,72.7,72.5,2,1,1.00,CYCLE,N
IND,208,6592,59452,17/01/2019,18:54:44,15,1,22.6,1.1,32.6,32.5,2,1,1.00,CYCLE,N
IND,208,6592,59453,17/01/2019,18:55:48,15,0,13.1,0.5,753.0,752.8,2,1,1.00,CYCLE,S
IND,208,6592,59452,17/01/2019,18:57:00,15,1,15.0,1.1,136.4,136.3,2,1,1.00,CYCLE,N
IND,208,6592,59452,17/01/2019,18:57:34,15,1,23.8,1.1,20.5,20.4,2,1,1.00,CYCLE,N
IND,208,6592,59452,17/01/2019,18:57:36,15,1,26.3,1.1,1.6,1.5,2,1,1.00,CYCLE,N
IND,208,6592,59453,17/01/2019,18:59:25,15,0,19.5,1.0,217.3,217.2,2,1,1.00,CYCLE,S
IND,208,6592,59452,17/01/2019,19:02:02,15,1,28.3,1.0,266.3,266.1,2,1,1.00,CYCLE,N
IND,208,6592,59452,17/01/2019,19:02:19,15,1,28.6,1.1,17.2,17.1,2,1,1.00,CYCLE,N
IND,208,6592,59453,17/01/2019,19:06:00,15,0,30.9,1.0,394.9,394.8,2,1,1.00,CYCLE,S
IND,208,6592,59453,17/01/2019,19:06:01,15,0,28.6,1.0,0.6,0.5,2,1,1.00,CYCLE,S
IND,208,6592,59452,17/01/2019,19:06:43,15,1,18.2,1.1,152.2,152.1,2,1,1.00,CYCLE,N
IND,208,6592,59452,17/01/2019,19:09:05,15,1,34.7,1.0,142.9,142.7,2,1,1.00,CYCLE,N
IND,208,6592,59452,17/01/2019,19:09:07,15,1,30.8,1.1,1.8,1.7,2,1,1.00,CYCLE,N
IND,208,6592,59452,17/01/2019,19:09:12,15,1,24.5,1.1,4.3,4.2,2,1,1.00,CYCLE,N
IND,208,6592,59452,17/01/2019,19:10:23,15,1,27.4,1.0,71.0,70.9,2,1,1.00,CYCLE,N
IND,208,6592,59452,17/01/2019,19:10:27,15,1,26.4,1.0,4.0,3.9,2,1,1.00,CYCLE,N
IND,208,6592,59452,17/01/2019,19:10:41,15,1,26.9,1.1,14.1,13.9,2,1,1.00,CYCLE,N
IND,208,6592,59452,17/01/2019,19:11:57,15,1,27.1,1.1,75.9,75.7,2,1,1.00,CYCLE,N
IND,208,6592,59453,17/01/2019,19:13:52,15,0,21.4,1.0,471.6,471.5,2,1,1.00,CYCLE,S
IND,208,6592,59452,17/01/2019,19:14:41,15,1,17.2,1.0,164.8,164.7,2,1,1.00,CYCLE,N
IND,208,6592,59452,17/01/2019,19:14:44,15,1,24.1,1.0,2.6,2.4,2,1,1.00,CYCLE,N
IND,208,6592,59452,17/01/2019,19:15:04,15,1,34.5,1.0,19.9,19.7,2,1,1.00,CYCLE,N
IND,208,6592,59452,17/01/2019,19:15:05,15,1,36.2,1.0,1.3,1.2,2,1,1.00,CYCLE,N
IND,208,6592,59452,17/01/2019,19:16:10,15,1,20.5,1.1,65.2,65.2,2,1,1.00,CYCLE,N
IND,208,6592,59452,17/01/2019,19:17:37,15,1,21.2,1.0,86.1,85.9,2,1,1.00,CYCLE,N
IND,208,6592,59452,17/01/2019,19:19:02,15,1,28.0,1.0,85.1,84.9,2,1,1.00,CYCLE,N
IND,208,6592,59452,17/01/2019,19:19:08,15,1,28.0,1.1,6.3,6.2,2,1,1.00,CYCLE,N
IND,208,6592,59452,17/01/2019,19:19:09,15,1,27.1,1.0,1.5,1.4,2,1,1.00,CYCLE,N
IND,208,6592,59452,17/01/2019,19:20:01,15,1,18.5,1.0,51.8,51.7,2,1,1.00,CYCLE,N
IND,208,6592,59452,17/01/2019,19:21:44,15,1,24.4,1.1,102.9,102.6,2,1,1.00,CYCLE,N
IND,208,6592,59452,17/01/2019,19:22:44,15,1,16.2,1.0,60.4,60.2,2,1,1.00,CYCLE,N
IND,208,6592,59452,17/01/2019,19:23:23,15,1,15.8,1.0,38.3,38.0,2,1,1.00,CYCLE,N
IND,208,6592,59452,17/01/2019,19:24:28,15,1,29.0,1.0,64.9,64.6,2,1,1.00,CYCLE,N
IND,208,6592,59452,17/01/2019,19:24:59,15,1,25.9,1.0,31.5,31.4,2,1,1.00,CYCLE,N
IND,208,6592,59452,17/01/2019,19:25:24,15,1,24.2,1.1,24.9,24.7,2,1,1.00,CYCLE,N
IND,208,6592,59452,17/01/2019,19:26:15,15,1,25.4,1.0,51.3,51.1,2,1,1.00,CYCLE,N
IND,208,6592,59453,17/01/2019,19:26:47,15,0,24.1,1.0,774.7,774.5,2,1,1.00,CYCLE,S
IND,208,6592,59452,17/01/2019,19:28:58,15,1,25.4,1.1,162.4,162.3,2,1,1.00,CYCLE,N
IND,208,6592,59452,17/01/2019,19:31:49,15,1,24.2,1.0,171.2,171.0,2,1,1.00,CYCLE,N
IND,208,6592,59452,17/01/2019,19:33:40,15,1,30.5,1.0,110.7,110.6,2,1,1.00,CYCLE,N
IND,208,6592,59452,17/01/2019,19:34:02,15,1,20.8,1.0,22.8,22.7,2,1,1.00,CYCLE,N
IND,208,6592,59452,17/01/2019,19:34:02,15,1,20.8,1.0,0.0,0.0,2,1,1.00,CYCLE,N
IND,208,6592,59452,17/01/2019,19:34:07,15,1,22.6,1.1,4.4,4.2,2,1,1.00,CYCLE,N
IND,208,6592,59453,17/01/2019,19:34:23,15,0,18.5,1.1,456.5,456.3,2,1,1.00,CYCLE,S
IND,208,6592,59453,17/01/2019,19:34:24,15,0,18.7,1.1,0.9,0.7,2,1,1.00,CYCLE,S
IND,208,6592,59452,17/01/2019,19:36:13,15,1,19.6,1.1,125.7,125.5,2,1,1.00,CYCLE,N
IND,208,6592,59453,17/01/2019,19:37:19,15,0,17.4,1.0,174.4,174.2,2,1,1.00,CYCLE,S
IND,208,6592,59453,17/01/2019,19:37:19,15,0,16.8,0.8,0.3,0.1,2,1,1.00,CYCLE,S
IND,208,6592,59453,17/01/2019,19:38:37,15,0,24.0,0.8,78.3,78.1,2,1,1.00,CYCLE,S
IND,208,6592,59452,17/01/2019,19:41:34,15,1,16.0,1.0,321.2,321.0,2,1,1.00,CYCLE,N
IND,208,6592,59452,17/01/2019,19:41:34,15,1,16.0,1.0,0.0,0.0,2,1,1.00,CYCLE,N
IND,208,6592,59452,17/01/2019,19:42:21,15,1,22.5,1.0,47.6,47.3,2,1,1.00,CYCLE,N
IND,208,6592,59453,17/01/2019,19:47:12,15,0,16.9,1.1,514.2,514.0,2,1,1.00,CYCLE,S
IND,208,6592,59453,17/01/2019,19:48:20,15,0,23.5,1.1,68.4,68.2,2,1,1.00,CYCLE,S
IND,208,6592,59452,17/01/2019,19:49:08,15,1,23.4,1.1,406.8,406.6,2,1,1.00,CYCLE,N
IND,208,6592,59452,17/01/2019,19:50:53,15,1,22.6,1.0,104.5,104.3,2,1,1.00,CYCLE,N
IND,208,6592,59452,17/01/2019,19:58:09,15,1,22.5,1.1,436.8,436.6,2,1,1.00,CYCLE,N
IND,208,6592,59452,17/01/2019,19:59:59,15,1,23.2,1.0,109.3,109.1,2,1,1.00,CYCLE,N
IND,208,6592,59453,17/01/2019,20:03:16,15,0,21.9,1.1,895.6,895.4,2,1,1.00,CYCLE,S
IND,208,6592,59452,17/01/2019,20:03:52,15,1,27.1,1.1,233.2,233.0,2,1,1.00,CYCLE,N
IND,208,6592,59452,17/01/2019,20:09:00,15,1,26.8,1.1,308.0,307.9,2,1,1.00,CYCLE,N
IND,208,6592,59453,17/01/2019,20:09:07,15,0,18.3,1.0,351.4,351.2,2,1,1.00,CYCLE,S
IND,208,6592,59453,17/01/2019,20:09:08,15,0,18.0,1.0,0.9,0.7,2,1,1.00,CYCLE,S
IND,208,6592,59453,17/01/2019,20:09:41,15,0,18.3,1.1,33.2,33.0,2,1,1.00,CYCLE,S
IND,208,6592,59453,17/01/2019,20:09:51,15,0,27.3,1.0,10.4,10.2,2,1,1.00,CYCLE,S
IND,208,6592,59452,17/01/2019,20:10:06,15,1,27.2,1.1,66.4,66.2,2,1,1.00,CYCLE,N
IND,208,6592,59452,17/01/2019,20:10:13,15,1,32.8,1.0,6.3,6.1,2,1,1.00,CYCLE,N
IND,208,6592,59452,17/01/2019,20:14:47,15,1,18.4,1.0,274.3,274.2,2,1,1.00,CYCLE,N
IND,208,6592,59452,17/01/2019,20:17:25,15,1,33.0,1.1,157.8,157.6,2,1,1.00,CYCLE,N
IND,208,6592,59452,17/01/2019,20:17:57,15,1,24.4,1.1,32.4,32.3,2,1,1.00,CYCLE,N
IND,208,6592,59453,17/01/2019,20:18:04,15,0,32.1,1.0,492.1,491.9,2,1,1.00,CYCLE,S
IND,208,6592,59453,17/01/2019,20:18:35,15,0,28.1,1.0,31.7,31.6,2,1,1.00,CYCLE,S
IND,208,6592,59453,17/01/2019,20:20:04,15,0,20.9,1.0,88.3,88.1,2,1,1.00,CYCLE,S
IND,208,6592,59452,17/01/2019,20:27:10,15,1,30.0,1.0,552.5,552.3,2,1,1.00,CYCLE,N
IND,208,6592,59453,17/01/2019,20:27:39,15,0,26.3,1.1,455.2,455.0,2,1,1.00,CYCLE,S
IND,208,6592,59452,17/01/2019,20:28:33,15,1,16.7,1.1,83.9,83.9,2,1,1.00,CYCLE,N
IND,208,6592,59452,17/01/2019,20:28:36,15,1,17.1,1.1,2.4,2.1,2,1,1.00,CYCLE,N
IND,208,6592,59452,17/01/2019,20:29:50,15,1,29.1,1.0,73.8,73.6,2,1,1.00,CYCLE,N
IND,208,6592,59453,17/01/2019,20:30:09,15,0,17.3,1.1,150.4,150.2,2,1,1.00,CYCLE,S
IND,208,6592,59453,17/01/2019,20:31:36,15,0,17.2,1.0,87.3,87.0,2,1,1.00,CYCLE,S
IND,208,6592,59452,17/01/2019,20:32:57,15,1,28.2,1.0,187.0,186.8,2,1,1.00,CYCLE,N
IND,208,6592,59452,17/01/2019,20:34:06,15,1,23.9,1.0,69.1,68.9,2,1,1.00,CYCLE,N
IND,208,6592,59452,17/01/2019,20:36:10,15,1,27.0,1.1,124.1,124.0,2,1,1.00,CYCLE,N
IND,208,6592,59452,17/01/2019,20:37:07,15,1,18.5,1.1,57.3,57.2,2,1,1.00,CYCLE,N
IND,208,6592,59452,17/01/2019,20:37:59,15,1,29.9,1.0,51.9,51.6,2,1,1.00,CYCLE,N
IND,208,6592,59453,17/01/2019,20:39:16,15,0,25.6,1.0,459.7,459.5,2,1,1.00,CYCLE,S
IND,208,6592,59452,17/01/2019,20:44:07,15,1,20.5,1.1,368.4,368.3,2,1,1.00,CYCLE,N
IND,208,6592,59452,17/01/2019,20:45:14,15,1,21.4,1.1,66.9,66.7,2,1,1.00,CYCLE,N
IND,208,6592,59452,17/01/2019,20:45:22,15,1,26.9,1.0,7.7,7.5,2,1,1.00,CYCLE,N
IND,208,6592,59452,17/01/2019,20:50:17,15,1,24.1,1.1,295.4,295.3,2,1,1.00,CYCLE,N
IND,208,6592,59452,17/01/2019,20:50:41,15,1,22.2,1.0,24.2,24.0,2,1,1.00,CYCLE,N
IND,208,6592,59452,17/01/2019,20:50:41,15,1,22.2,1.0,0.0,0.0,2,1,1.00,CYCLE,N
IND,208,6592,59452,17/01/2019,20:52:14,15,1,26.5,1.0,92.5,92.3,2,1,1.00,CYCLE,N
IND,208,6592,59453,17/01/2019,20:55:08,15,0,30.0,1.0,952.4,952.3,2,1,1.00,CYCLE,S
IND,208,6592,59452,17/01/2019,20:57:21,15,1,19.4,1.1,307.1,306.9,2,1,1.00,CYCLE,N
IND,208,6592,59452,17/01/2019,20:57:22,15,1,19.0,1.1,0.6,0.4,2,1,1.00,CYCLE,N
IND,208,6592,59453,17/01/2019,21:05:33,15,0,18.3,1.0,624.2,624.1,2,1,1.00,CYCLE,S
IND,208,6592,59453,17/01/2019,21:06:02,15,0,20.2,1.1,29.0,28.8,2,1,1.00,CYCLE,S
IND,208,6592,59452,17/01/2019,21:07:06,15,1,21.7,1.1,584.3,584.1,2,1,1.00,CYCLE,N
IND,208,6592,59452,17/01/2019,21:08:44,15,1,21.1,1.0,98.1,97.9,2,1,1.00,CYCLE,N
IND,208,6592,59453,17/01/2019,21:10:42,15,0,26.6,1.1,280.1,279.9,2,1,1.00,CYCLE,S
IND,208,6592,59452,17/01/2019,21:10:45,15,1,28.4,1.1,53.0,52.8,2,1,1.00,CYCLE,N
IND,208,6592,59452,17/01/2019,21:10:50,15,1,27.5,1.0,5.2,5.1,2,1,1.00,CYCLE,N
IND,208,6592,59452,17/01/2019,21:12:49,15,1,18.4,1.0,119.3,119.2,2,1,1.00,CYCLE,N
IND,208,6592,59452,17/01/2019,21:14:06,15,1,28.0,1.0,76.4,76.1,2,1,1.00,CYCLE,N
IND,208,6592,59452,17/01/2019,21:14:28,15,1,23.5,1.1,21.8,21.7,2,1,1.00,CYCLE,N
IND,208,6592,59452,17/01/2019,21:15:15,15,1,29.5,1.0,47.1,46.9,2,1,1.00,CYCLE,N
IND,208,6592,59452,17/01/2019,21:17:32,15,1,29.4,1.0,137.1,137.0,2,1,1.00,CYCLE,N
IND,208,6592,59453,17/01/2019,21:17:54,15,0,20.7,1.1,431.9,431.7,2,1,1.00,CYCLE,S
IND,208,6592,59452,17/01/2019,21:19:57,15,1,25.1,1.0,144.8,144.7,2,1,1.00,CYCLE,N
IND,208,6592,59452,17/01/2019,21:25:53,15,1,23.0,1.1,356.5,356.4,2,1,1.00,CYCLE,N
IND,208,6592,59452,17/01/2019,21:28:37,15,1,22.0,1.0,164.3,164.1,2,1,1.00,CYCLE,N
IND,208,6592,59452,17/01/2019,21:36:22,15,1,17.4,1.0,464.2,464.0,2,1,1.00,CYCLE,N
IND,208,6592,59452,17/01/2019,21:43:31,15,1,15.9,1.0,429.2,429.0,2,1,1.00,CYCLE,N
IND,208,6592,59452,17/01/2019,21:43:57,15,1,12.8,1.1,25.9,25.7,2,1,1.00,CYCLE,N
IND,208,6592,59452,17/01/2019,21:44:28,15,1,26.2,1.1,31.6,31.2,2,1,1.00,CYCLE,N
IND,208,6592,59452,17/01/2019,21:44:55,15,1,18.3,1.0,27.1,27.0,2,1,1.00,CYCLE,N
IND,208,6592,59452,17/01/2019,21:51:23,15,1,27.7,1.1,314.0,313.8,2,1,1.00,CYCLE,N
IND,208,6592,59452,17/01/2019,21:56:35,15,1,18.5,1.1,312.4,312.3,2,1,1.00,CYCLE,N
IND,208,6592,59452,17/01/2019,22:04:03,15,1,19.7,1.1,447.8,447.5,2,1,1.00,CYCLE,N
IND,208,6592,59452,17/01/2019,22:05:06,15,1,25.5,1.0,63.6,63.4,2,1,1.00,CYCLE,N
IND,208,6592,59453,17/01/2019,22:12:22,15,0,27.1,1.0,3268.2,3268.0,2,1,1.00,CYCLE,S
IND,208,6592,59452,17/01/2019,22:19:47,15,1,25.1,1.0,880.7,880.6,2,1,1.00,CYCLE,N
IND,208,6592,59452,17/01/2019,22:19:55,15,1,15.7,1.0,8.0,7.9,2,1,1.00,CYCLE,N
IND,208,6592,59452,17/01/2019,22:20:04,15,1,20.1,1.0,9.0,8.8,2,1,1.00,CYCLE,N
IND,208,6592,59452,17/01/2019,22:27:13,15,1,26.7,1.0,428.8,428.6,2,1,1.00,CYCLE,N
IND,208,6592,59452,17/01/2019,22:33:26,15,1,23.6,1.1,372.8,372.6,2,1,1.00,CYCLE,N
IND,208,6592,59452,17/01/2019,22:33:37,15,1,22.3,1.0,11.8,11.6,2,1,1.00,CYCLE,N
IND,208,6592,59452,17/01/2019,22:36:37,15,1,20.1,1.1,180.1,179.9,2,1,1.00,CYCLE,N
IND,208,6592,59453,17/01/2019,22:41:36,15,0,22.5,1.0,1754.5,1754.4,2,1,1.00,CYCLE,S
IND,208,6592,59453,17/01/2019,22:41:37,15,0,22.0,1.0,0.6,0.4,2,1,1.00,CYCLE,S
IND,208,6592,59452,17/01/2019,22:45:29,15,1,25.4,1.1,531.3,531.1,2,1,1.00,CYCLE,N
IND,208,6592,59453,17/01/2019,23:02:56,15,0,22.4,1.0,1279.6,1279.4,2,1,1.00,CYCLE,S
IND,208,6592,59452,17/01/2019,23:08:16,15,1,16.9,1.0,1367.7,1367.6,2,1,1.00,CYCLE,N
IND,208,6592,59452,17/01/2019,23:18:50,15,1,23.1,1.0,634.1,633.8,2,1,1.00,CYCLE,N
IND,208,6592,59453,17/01/2019,23:28:05,15,0,28.5,1.0,1508.8,1508.7,2,1,1.00,CYCLE,S
IND,208,6592,59452,17/01/2019,23:32:48,15,1,21.7,1.1,837.9,837.8,2,1,1.00,CYCLE,N
IND,208,6592,59452,17/01/2019,23:33:36,15,1,25.7,1.0,47.5,47.3,2,1,1.00,CYCLE,N
IND,208,6592,59453,17/01/2019,23:40:55,15,0,25.1,1.1,769.3,769.2,2,1,1.00,CYCLE,S
IND,208,6592,59452,17/01/2019,23:42:49,15,1,20.2,1.1,552.7,552.6,2,1,1.00,CYCLE,N
IND,208,6592,59453,17/01/2019,23:47:26,15,0,19.8,1.1,391.2,391.0,2,1,1.00,CYCLE,S
IND,208,6592,59453,17/01/2019,23:48:13,15,0,16.0,1.0,47.0,46.8,2,1,1.00,CYCLE,S
IND,208,6592,59453,17/01/2019,23:55:23,15,0,23.5,1.0,429.7,429.5,2,1,1.00,CYCLE,S
IND,208,6592,59452,18/01/2019,00:03:25,15,1,19.9,1.0,1236.9,1236.7,2,1,1.00,CYCLE,N
IND,208,6592,59452,18/01/2019,00:10:03,15,1,23.0,1.0,397.2,397.0,2,1,1.00,CYCLE,N
IND,208,6592,59452,18/01/2019,00:13:43,15,1,25.3,1.1,220.1,219.9,2,1,1.00,CYCLE,N
IND,208,6592,59452,18/01/2019,00:22:11,15,1,16.5,1.0,508.1,507.9,2,1,1.00,CYCLE,N
IND,208,6592,59452,18/01/2019,00:25:48,15,1,24.2,1.1,217.1,216.9,2,1,1.00,CYCLE,N
IND,208,6592,59452,18/01/2019,00:31:57,15,1,31.8,1.0,369.1,369.0,2,1,1.00,CYCLE,N
IND,208,6592,59452,18/01/2019,00:52:47,15,1,22.2,1.0,1250.3,1250.2,2,1,1.00,CYCLE,N
IND,208,6592,59452,18/01/2019,01:27:57,15,1,15.5,1.1,2110.1,2109.9,2,1,1.00,CYCLE,N
IND,208,6592,59452,18/01/2019,01:57:26,15,1,15.7,1.1,1768.9,1768.6,2,1,1.00,CYCLE,N
IND,208,6592,59452,18/01/2019,02:50:45,15,1,24.9,1.1,3198.4,3198.1,2,1,1.00,CYCLE,N
IND,208,6592,59453,18/01/2019,03:06:36,15,0,28.7,1.0,11473.6,11473.4,2,1,1.00,CYCLE,S
IND,208,6592,59452,18/01/2019,03:41:28,15,1,26.1,1.1,108.5,108.4,2,1,1.00,CYCLE,N
IND,208,6592,59452,18/01/2019,03:52:30,15,1,19.1,1.1,661.7,661.6,2,1,1.00,CYCLE,N
IND,208,6592,59452,18/01/2019,03:55:55,15,1,24.1,1.1,205.3,205.0,2,1,1.00,CYCLE,N
IND,208,6592,59453,18/01/2019,03:57:38,15,0,29.1,1.0,3061.7,3061.6,2,1,1.00,CYCLE,S
IND,208,6592,59453,18/01/2019,04:13:58,15,0,23.5,1.0,980.0,979.9,2,1,1.00,CYCLE,S
IND,208,6592,59453,18/01/2019,04:16:10,15,0,29.9,1.1,132.1,132.0,2,1,1.00,CYCLE,S
IND,208,6592,59453,18/01/2019,04:16:40,15,0,25.3,1.1,30.1,30.0,2,1,1.00,CYCLE,S
IND,208,6592,59453,18/01/2019,04:17:48,15,0,22.7,1.1,67.5,67.3,2,1,1.00,CYCLE,S
IND,208,6592,59453,18/01/2019,04:17:57,15,0,32.4,1.0,8.9,8.8,2,1,1.00,CYCLE,S
IND,208,6592,59452,18/01/2019,04:22:25,15,1,24.8,0.8,1589.7,1589.5,2,1,1.00,CYCLE,N
IND,208,6592,59453,18/01/2019,04:22:37,15,0,26.5,1.0,280.9,280.8,2,1,1.00,CYCLE,S
IND,208,6592,59453,18/01/2019,04:23:09,15,0,23.3,1.0,31.9,31.8,2,1,1.00,CYCLE,S
IND,208,6592,59453,18/01/2019,04:24:52,15,0,20.1,1.1,102.3,102.1,2,1,1.00,CYCLE,S
IND,208,6592,59452,18/01/2019,04:25:44,15,1,18.0,1.0,199.4,199.3,2,1,1.00,CYCLE,N
IND,208,6592,59453,18/01/2019,04:25:58,15,0,21.2,1.0,66.5,66.3,2,1,1.00,CYCLE,S
IND,208,6592,59453,18/01/2019,04:26:15,15,0,28.7,1.0,17.3,17.1,2,1,1.00,CYCLE,S
IND,208,6592,59453,18/01/2019,04:29:16,15,0,24.8,1.0,180.6,180.5,2,1,1.00,CYCLE,S
IND,208,6592,59452,18/01/2019,04:30:03,15,1,12.2,1.0,259.5,259.4,2,1,1.00,CYCLE,N
IND,208,6592,59453,18/01/2019,04:32:17,15,0,26.3,1.0,181.4,181.2,2,1,1.00,CYCLE,S
IND,208,6592,59452,18/01/2019,04:32:43,15,1,23.9,1.0,159.2,158.9,2,1,1.00,CYCLE,N
IND,208,6592,59453,18/01/2019,04:33:13,15,0,27.9,1.0,55.5,55.3,2,1,1.00,CYCLE,S
IND,208,6592,59453,18/01/2019,04:35:09,15,0,22.3,1.0,116.0,115.9,2,1,1.00,CYCLE,S
IND,208,6592,59453,18/01/2019,04:39:06,15,0,32.8,1.0,237.4,237.2,2,1,1.00,CYCLE,S
IND,208,6592,59453,18/01/2019,04:39:17,15,0,23.1,1.0,10.6,10.5,2,1,1.00,CYCLE,S
IND,208,6592,59453,18/01/2019,04:39:17,15,0,23.1,1.0,0.0,0.0,2,1,1.00,CYCLE,S
IND,208,6592,59453,18/01/2019,04:43:43,15,0,22.7,1.0,266.2,266.0,2,1,1.00,CYCLE,S
IND,208,6592,59453,18/01/2019,04:44:28,15,0,22.4,1.0,44.3,44.2,2,1,1.00,CYCLE,S
IND,208,6592,59452,18/01/2019,04:45:20,15,1,16.3,1.1,310.9,310.7,2,1,1.00,CYCLE,N
IND,208,6592,59453,18/01/2019,04:45:24,15,0,20.6,1.0,56.4,56.2,2,1,1.00,CYCLE,S
IND,208,6592,59453,18/01/2019,04:46:40,15,0,26.4,1.0,76.5,76.3,2,1,1.00,CYCLE,S
IND,208,6592,59453,18/01/2019,04:47:10,15,0,28.2,1.1,29.1,29.0,2,1,1.00,CYCLE,S
IND,208,6592,59453,18/01/2019,04:47:42,15,0,27.4,1.0,32.7,32.6,2,1,1.00,CYCLE,S
IND,208,6592,59452,18/01/2019,04:53:09,15,1,27.7,1.0,469.2,469.0,2,1,1.00,CYCLE,N
IND,208,6592,59452,18/01/2019,04:53:23,15,1,22.6,1.1,13.4,13.3,2,1,1.00,CYCLE,N
IND,208,6592,59453,18/01/2019,04:55:01,15,0,26.7,1.0,439.1,439.0,2,1,1.00,CYCLE,S
IND,208,6592,59453,18/01/2019,04:59:51,15,0,16.7,1.0,289.2,289.1,2,1,1.00,CYCLE,S
IND,208,6592,59452,18/01/2019,05:01:12,15,1,29.3,1.0,469.1,468.9,2,1,1.00,CYCLE,N
IND,208,6592,59453,18/01/2019,05:01:19,15,0,26.4,1.0,88.7,88.4,2,1,1.00,CYCLE,S
IND,208,6592,59452,18/01/2019,05:02:42,15,1,23.3,1.0,90.7,90.5,2,1,1.00,CYCLE,N
IND,208,6592,59453,18/01/2019,05:04:56,15,0,24.4,1.1,216.7,216.6,2,1,1.00,CYCLE,S
IND,208,6592,59453,18/01/2019,05:05:12,15,0,26.2,1.0,16.3,16.1,2,1,1.00,CYCLE,S
IND,208,6592,59453,18/01/2019,05:07:47,15,0,21.8,1.1,154.2,154.1,2,1,1.00,CYCLE,S
IND,208,6592,59453,18/01/2019,05:09:24,15,0,28.2,1.0,97.0,96.8,2,1,1.00,CYCLE,S
IND,208,6592,59453,18/01/2019,05:10:53,15,0,18.2,1.0,89.5,89.3,2,1,1.00,CYCLE,S
IND,208,6592,59453,18/01/2019,05:11:27,15,0,28.8,1.0,33.8,33.6,2,1,1.00,CYCLE,S
IND,208,6592,59453,18/01/2019,05:11:34,15,0,27.1,1.0,7.4,7.3,2,1,1.00,CYCLE,S
IND,208,6592,59453,18/01/2019,05:11:49,15,0,24.8,1.1,15.1,14.9,2,1,1.00,CYCLE,S
IND,208,6592,59453,18/01/2019,05:15:07,15,0,22.7,1.1,197.9,197.8,2,1,1.00,CYCLE,S
IND,208,6592,59453,18/01/2019,05:15:57,15,0,20.7,1.1,49.6,49.4,2,1,1.00,CYCLE,S
IND,208,6592,59453,18/01/2019,05:17:43,15,0,31.4,1.0,106.2,106.0,2,1,1.00,CYCLE,S
IND,208,6592,59453,18/01/2019,05:17:47,15,0,24.3,1.0,4.3,4.2,2,1,1.00,CYCLE,S
IND,208,6592,59453,18/01/2019,05:18:39,15,0,23.0,1.0,51.3,51.1,2,1,1.00,CYCLE,S
IND,208,6592,59453,18/01/2019,05:19:37,15,0,24.9,1.0,58.6,58.4,2,1,1.00,CYCLE,S
IND,208,6592,59453,18/01/2019,05:20:29,15,0,26.4,1.0,52.2,52.1,2,1,1.00,CYCLE,S
IND,208,6592,59453,18/01/2019,05:20:41,15,0,28.8,1.0,12.1,11.9,2,1,1.00,CYCLE,S
IND,208,6592,59453,18/01/2019,05:20:44,15,0,26.8,1.1,2.2,2.1,2,1,1.00,CYCLE,S
IND,208,6592,59453,18/01/2019,05:22:07,15,0,26.6,1.0,83.6,83.5,2,1,1.00,CYCLE,S
IND,208,6592,59453,18/01/2019,05:22:09,15,0,22.7,1.0,1.7,1.5,2,1,1.00,CYCLE,S
IND,208,6592,59453,18/01/2019,05:22:22,15,0,26.1,1.1,12.8,12.6,2,1,1.00,CYCLE,S
IND,208,6592,59453,18/01/2019,05:22:45,15,0,16.5,1.0,22.9,22.7,2,1,1.00,CYCLE,S
IND,208,6592,59453,18/01/2019,05:22:55,15,0,25.0,1.1,10.1,9.9,2,1,1.00,CYCLE,S
IND,208,6592,59453,18/01/2019,05:22:56,15,0,27.6,1.0,0.9,0.7,2,1,1.00,CYCLE,S
IND,208,6592,59453,18/01/2019,05:24:09,15,0,23.1,1.1,73.5,73.4,2,1,1.00,CYCLE,S
IND,208,6592,59453,18/01/2019,05:24:45,15,0,25.5,1.1,23.5,23.3,2,1,1.00,CYCLE,S
IND,208,6592,59453,18/01/2019,05:24:48,15,0,21.0,0.8,3.2,3.0,2,1,1.00,CYCLE,S
IND,208,6592,59453,18/01/2019,05:25:02,15,0,24.5,1.0,14.5,14.4,2,1,1.00,CYCLE,S
IND,208,6592,59452,18/01/2019,05:25:05,15,1,21.8,1.0,1342.8,1342.7,2,1,1.00,CYCLE,N
IND,208,6592,59452,18/01/2019,05:25:18,15,1,18.7,1.1,13.0,12.8,2,1,1.00,CYCLE,N
IND,208,6592,59453,18/01/2019,05:26:16,15,0,28.7,1.0,73.5,73.4,2,1,1.00,CYCLE,S
IND,208,6592,59453,18/01/2019,05:26:41,15,0,24.2,1.0,24.8,24.6,2,1,1.00,CYCLE,S
IND,208,6592,59453,18/01/2019,05:27:09,15,0,30.7,1.0,27.8,27.7,2,1,1.00,CYCLE,S
IND,208,6592,59453,18/01/2019,05:27:58,15,0,25.2,1.0,49.5,49.3,2,1,0.86,CYCLE,S
IND,208,6592,59453,18/01/2019,05:28:04,15,0,23.6,1.1,6.0,5.8,2,1,1.00,CYCLE,S
IND,208,6592,59453,18/01/2019,05:28:17,15,0,26.5,1.0,13.0,12.8,2,1,1.00,CYCLE,S
IND,208,6592,59453,18/01/2019,05:28:53,15,0,23.4,1.1,36.3,36.2,2,1,1.00,CYCLE,S
IND,208,6592,59453,18/01/2019,05:30:07,15,0,21.0,1.1,73.5,73.4,2,1,1.00,CYCLE,S
IND,208,6592,59452,18/01/2019,05:30:31,15,1,30.5,1.1,312.9,312.7,2,1,1.00,CYCLE,N
IND,208,6592,59453,18/01/2019,05:31:26,15,0,28.3,1.1,79.1,78.9,2,1,1.00,CYCLE,S
IND,208,6592,59453,18/01/2019,05:31:26,15,0,28.0,1.1,0.5,0.4,2,1,1.00,CYCLE,S
IND,208,6592,59453,18/01/2019,05:31:52,15,0,23.4,1.0,25.3,25.1,2,1,1.00,CYCLE,S
IND,208,6592,59452,18/01/2019,05:32:42,15,1,22.9,1.0,131.0,130.9,2,1,1.00,CYCLE,N
IND,208,6592,59452,18/01/2019,05:33:57,15,1,21.4,1.0,74.9,74.7,2,1,1.00,CYCLE,N
IND,208,6592,59453,18/01/2019,05:34:16,15,0,26.6,1.0,144.4,144.3,2,1,1.00,CYCLE,S
IND,208,6592,59453,18/01/2019,05:35:29,15,0,26.9,1.0,72.7,72.6,2,1,1.00,CYCLE,S
IND,208,6592,59453,18/01/2019,05:35:48,15,0,26.3,1.0,18.8,18.7,2,1,1.00,CYCLE,S
IND,208,6592,59453,18/01/2019,05:35:58,15,0,27.8,1.0,10.4,10.3,2,1,1.00,CYCLE,S
IND,208,6592,59453,18/01/2019,05:36:21,15,0,22.9,1.1,22.8,22.7,2,1,1.00,CYCLE,S
IND,208,6592,59453,18/01/2019,05:36:39,15,0,21.1,1.1,18.2,18.0,2,1,1.00,CYCLE,S
IND,208,6592,59453,18/01/2019,05:36:49,15,0,29.8,1.0,10.3,10.1,2,1,1.00,CYCLE,S
IND,208,6592,59453,18/01/2019,05:36:54,15,0,27.3,1.0,4.8,4.7,2,1,1.00,CYCLE,S
IND,208,6592,59453,18/01/2019,05:36:56,15,0,21.2,1.0,1.5,1.3,2,1,1.00,CYCLE,S
IND,208,6592,59453,18/01/2019,05:37:27,15,0,27.0,1.1,31.1,30.9,2,1,1.00,CYCLE,S
IND,208,6592,59453,18/01/2019,05:37:39,15,0,26.5,1.0,12.0,11.8,2,1,1.00,CYCLE,S
IND,208,6592,59453,18/01/2019,05:37:42,15,0,20.6,1.0,3.0,2.9,2,1,1.00,CYCLE,S
IND,208,6592,59453,18/01/2019,05:38:14,15,0,27.9,1.0,32.3,32.2,2,1,1.00,CYCLE,S
IND,208,6592,59452,18/01/2019,05:39:23,15,1,26.8,1.1,292.4,292.1,2,1,1.00,CYCLE,N
IND,208,6592,59453,18/01/2019,05:39:30,15,0,21.6,1.0,76.1,75.9,2,1,1.00,CYCLE,S
IND,208,6592,59453,18/01/2019,05:39:41,15,0,24.9,1.1,10.8,10.6,2,1,1.00,CYCLE,S
IND,208,6592,59453,18/01/2019,05:40:19,15,0,20.0,1.0,37.7,37.5,2,1,1.00,CYCLE,S
IND,208,6592,59453,18/01/2019,05:40:39,15,0,23.5,1.0,20.4,20.2,2,1,1.00,CYCLE,S
IND,208,6592,59453,18/01/2019,05:40:40,15,0,24.9,1.0,0.9,0.8,2,1,1.00,CYCLE,S
IND,208,6592,59453,18/01/2019,05:40:47,15,0,22.6,1.1,7.5,7.3,2,1,1.00,CYCLE,S
IND,208,6592,59453,18/01/2019,05:41:15,15,0,26.1,1.0,27.2,27.1,2,1,1.00,CYCLE,S
IND,208,6592,59453,18/01/2019,05:41:31,15,0,24.3,1.0,16.8,16.7,2,1,1.00,CYCLE,S
IND,208,6592,59453,18/01/2019,05:41:44,15,0,24.4,1.1,13.0,12.9,2,1,1.00,CYCLE,S
IND,208,6592,59452,18/01/2019,05:42:09,15,1,27.2,1.0,166.1,165.9,2,1,1.00,CYCLE,N
IND,208,6592,59453,18/01/2019,05:42:35,15,0,23.0,1.0,50.8,50.6,2,1,1.00,CYCLE,S
IND,208,6592,59453,18/01/2019,05:42:47,15,0,19.6,1.0,12.1,11.9,2,1,1.00,CYCLE,S
IND,208,6592,59452,18/01/2019,05:42:52,15,1,24.1,1.1,43.1,43.0,2,1,1.00,CYCLE,N
IND,208,6592,59453,18/01/2019,05:44:07,15,0,17.8,1.1,79.3,79.1,2,1,1.00,CYCLE,S
IND,208,6592,59453,18/01/2019,05:44:20,15,0,28.6,1.0,13.0,12.7,2,1,1.00,CYCLE,S
IND,208,6592,59453,18/01/2019,05:44:39,15,0,23.5,1.1,19.1,19.0,2,1,1.00,CYCLE,S
IND,208,6592,59453,18/01/2019,05:44:41,15,0,21.7,1.1,2.4,2.3,2,1,1.00,CYCLE,S
IND,208,6592,59453,18/01/2019,05:44:42,15,0,21.7,1.0,0.9,0.8,2,1,1.00,CYCLE,S
IND,208,6592,59452,18/01/2019,05:45:02,15,1,31.0,1.1,130.1,130.0,2,1,1.00,CYCLE,N
IND,208,6592,59452,18/01/2019,05:45:04,15,1,23.5,1.1,1.6,1.5,2,1,1.00,CYCLE,N
IND,208,6592,59453,18/01/2019,05:45:12,15,0,28.4,1.1,30.4,30.2,2,1,1.00,CYCLE,S
IND,208,6592,59453,18/01/2019,05:45:30,15,0,22.4,1.1,17.8,17.7,2,1,1.00,CYCLE,S
IND,208,6592,59452,18/01/2019,05:46:05,15,1,33.6,1.0,61.7,61.5,2,1,1.00,CYCLE,N
IND,208,6592,59452,18/01/2019,05:46:14,15,1,30.6,1.0,8.7,8.6,2,1,1.00,CYCLE,N
IND,208,6592,59452,18/01/2019,05:46:16,15,1,31.2,1.0,1.8,1.7,2,1,1.00,CYCLE,N
IND,208,6592,59452,18/01/2019,05:46:18,15,1,28.9,1.0,2.5,2.4,2,1,1.00,CYCLE,N
IND,208,6592,59452,18/01/2019,05:46:19,15,1,29.9,1.1,1.1,1.0,2,1,1.00,CYCLE,N
IND,208,6592,59453,18/01/2019,05:46:22,15,0,25.5,1.0,51.4,51.2,2,1,1.00,CYCLE,S
IND,208,6592,59453,18/01/2019,05:46:25,15,0,26.7,1.1,3.2,3.0,2,1,1.00,CYCLE,S
IND,208,6592,59453,18/01/2019,05:46:35,15,0,26.3,1.0,10.1,10.0,2,1,1.00,CYCLE,S
IND,208,6592,59453,18/01/2019,05:46:35,15,0,24.9,1.0,0.5,0.3,2,1,1.00,CYCLE,S
IND,208,6592,59452,18/01/2019,05:46:52,15,1,22.2,1.0,32.4,32.3,2,1,1.00,CYCLE,N
IND,208,6592,59453,18/01/2019,05:47:17,15,0,31.1,1.0,41.4,41.3,2,1,1.00,CYCLE,S
IND,208,6592,59452,18/01/2019,05:48:11,15,1,27.0,1.0,79.4,79.2,2,1,1.00,CYCLE,N
IND,208,6592,59453,18/01/2019,05:48:33,15,0,32.3,1.0,75.9,75.8,2,1,1.00,CYCLE,S
IND,208,6592,59453,18/01/2019,05:49:32,15,0,26.2,1.0,59.2,59.1,2,1,1.00,CYCLE,S
IND,208,6592,59453,18/01/2019,05:50:45,15,0,21.6,1.1,72.6,72.4,2,1,1.00,CYCLE,S
IND,208,6592,59453,18/01/2019,05:51:18,15,0,27.2,1.0,33.6,33.5,2,1,1.00,CYCLE,S
IND,208,6592,59453,18/01/2019,05:51:19,15,0,30.6,1.1,0.7,0.6,2,1,1.00,CYCLE,S
IND,208,6592,59453,18/01/2019,05:52:37,15,0,28.0,1.0,77.6,77.5,2,1,1.00,CYCLE,S
IND,208,6592,59452,18/01/2019,05:52:42,15,1,24.9,1.1,270.7,270.6,2,1,1.00,CYCLE,N
IND,208,6592,59453,18/01/2019,05:52:46,15,0,19.5,1.1,9.8,9.7,2,1,1.00,CYCLE,S
IND,208,6592,59453,18/01/2019,05:52:55,15,0,15.5,1.1,9.0,8.8,2,1,1.00,CYCLE,S
IND,208,6592,59453,18/01/2019,05:53:25,15,0,19.0,1.1,30.2,29.9,2,1,1.00,CYCLE,S
IND,208,6592,59453,18/01/2019,05:53:40,15,0,24.6,1.0,14.5,14.2,2,1,1.00,CYCLE,S
IND,208,6592,59453,18/01/2019,05:54:52,15,0,17.2,1.0,72.0,71.8,2,1,1.00,CYCLE,S
IND,208,6592,59453,18/01/2019,05:55:15,15,0,24.0,1.0,22.8,22.6,2,1,1.00,CYCLE,S
IND,208,6592,59453,18/01/2019,05:55:28,15,0,26.3,1.0,13.7,13.5,2,1,1.00,CYCLE,S
IND,208,6592,59453,18/01/2019,05:56:40,15,0,25.5,1.0,71.4,71.2,2,1,1.00,CYCLE,S
IND,208,6592,59453,18/01/2019,05:56:42,15,0,23.6,1.0,2.8,2.6,2,1,1.00,CYCLE,S
IND,208,6592,59453,18/01/2019,05:56:43,15,0,25.7,1.0,0.7,0.6,2,1,1.00,CYCLE,S
IND,208,6592,59453,18/01/2019,05:56:46,15,0,23.7,1.0,2.8,2.7,2,1,1.00,CYCLE,S
IND,208,6592,59453,18/01/2019,05:58:12,15,0,32.4,1.0,86.3,86.2,2,1,1.00,CYCLE,S
IND,208,6592,59453,18/01/2019,05:58:15,15,0,25.4,1.0,2.7,2.6,2,1,1.00,CYCLE,S
IND,208,6592,59453,18/01/2019,05:58:45,15,0,23.6,1.1,29.5,29.4,2,1,1.00,CYCLE,S
IND,208,6592,59453,18/01/2019,05:58:47,15,0,20.1,1.0,2.0,1.9,2,1,1.00,CYCLE,S
IND,208,6592,59453,18/01/2019,05:59:11,15,0,29.3,1.0,24.5,24.3,2,1,1.00,CYCLE,S
IND,208,6592,59453,18/01/2019,05:59:29,15,0,26.8,1.1,18.2,18.1,2,1,1.00,CYCLE,S
IND,208,6592,59453,18/01/2019,05:59:33,15,0,24.5,1.0,3.9,3.8,2,1,1.00,CYCLE,S
IND,208,6592,59453,18/01/2019,05:59:45,15,0,29.6,1.0,12.2,12.1,2,1,1.00,CYCLE,S
IND,208,6592,59453,18/01/2019,06:00:30,15,0,25.0,1.0,44.3,44.1,2,1,1.00,CYCLE,S
IND,208,6592,59453,18/01/2019,06:00:36,15,0,18.6,0.9,6.7,6.5,2,1,1.00,CYCLE,S
IND,208,6592,59453,18/01/2019,06:00:39,15,0,22.9,1.1,3.0,2.8,2,1,1.00,CYCLE,S
IND,208,6592,59453,18/01/2019,06:00:48,15,0,20.8,1.1,8.6,8.5,2,1,1.00,CYCLE,S
IND,208,6592,59453,18/01/2019,06:01:21,15,0,23.4,1.0,32.9,32.7,2,1,1.00,CYCLE,S
IND,208,6592,59453,18/01/2019,06:01:24,15,0,25.0,1.0,3.3,3.2,2,1,1.00,CYCLE,S
IND,208,6592,59452,18/01/2019,06:01:26,15,1,28.1,1.0,524.4,524.2,2,1,1.00,CYCLE,N
IND,208,6592,59453,18/01/2019,06:02:50,15,0,27.6,1.0,85.4,85.2,2,1,1.00,CYCLE,S
IND,208,6592,59453,18/01/2019,06:02:51,15,0,25.5,1.0,1.4,1.3,2,1,1.00,CYCLE,S
IND,208,6592,59453,18/01/2019,06:02:53,15,0,25.7,1.2,2.4,2.3,2,1,1.00,CYCLE,S
IND,208,6592,59453,18/01/2019,06:03:14,15,0,25.6,1.1,20.4,20.2,2,1,1.00,CYCLE,S
IND,208,6592,59453,18/01/2019,06:03:21,15,0,31.2,1.0,7.0,6.9,2,1,1.00,CYCLE,S
IND,208,6592,59453,18/01/2019,06:03:21,15,0,32.7,1.0,0.7,0.6,2,1,1.00,CYCLE,S
IND,208,6592,59453,18/01/2019,06:03:27,15,0,26.4,1.1,5.4,5.3,2,1,1.00,CYCLE,S
IND,208,6592,59453,18/01/2019,06:03:33,15,0,21.4,1.1,6.3,6.1,2,1,1.00,CYCLE,S
IND,208,6592,59453,18/01/2019,06:03:52,15,0,24.4,1.0,18.9,18.7,2,1,1.00,CYCLE,S
IND,208,6592,59453,18/01/2019,06:03:52,15,0,24.8,1.0,0.3,0.1,2,1,1.00,CYCLE,S
IND,208,6592,59452,18/01/2019,06:03:54,15,1,20.3,1.0,147.5,147.4,2,1,1.00,CYCLE,N
IND,208,6592,59453,18/01/2019,06:03:59,15,0,22.0,1.1,6.9,6.7,2,1,1.00,CYCLE,S
IND,208,6592,59453,18/01/2019,06:04:34,15,0,29.5,1.0,34.6,34.5,2,1,1.00,CYCLE,S
IND,208,6592,59453,18/01/2019,06:05:03,15,0,29.3,1.0,29.4,29.3,2,1,1.00,CYCLE,S
IND,208,6592,59453,18/01/2019,06:05:07,15,0,27.4,1.1,3.6,3.4,2,1,1.00,CYCLE,S
IND,208,6592,59453,18/01/2019,06:05:09,15,0,29.8,1.0,1.9,1.7,2,1,1.00,CYCLE,S
IND,208,6592,59452,18/01/2019,06:05:21,15,1,29.6,1.0,86.8,86.6,2,1,1.00,CYCLE,N
IND,208,6592,59452,18/01/2019,06:05:25,15,1,24.2,1.0,4.4,4.3,2,1,1.00,CYCLE,N
IND,208,6592,59453,18/01/2019,06:05:49,15,0,31.7,1.0,40.7,40.6,2,1,1.00,CYCLE,S
IND,208,6592,59453,18/01/2019,06:05:51,15,0,25.3,1.0,1.5,1.4,2,1,1.00,CYCLE,S
IND,208,6592,59452,18/01/2019,06:06:06,15,1,17.5,1.1,40.5,40.4,2,1,1.00,CYCLE,N
IND,208,6592,59453,18/01/2019,06:06:11,15,0,27.6,1.0,20.3,20.1,2,1,1.00,CYCLE,S
IND,208,6592,59453,18/01/2019,06:06:29,15,0,33.1,1.0,18.2,18.1,2,1,1.00,CYCLE,S
IND,208,6592,59453,18/01/2019,06:06:40,15,0,23.7,1.1,11.0,10.9,2,1,1.00,CYCLE,S
IND,208,6592,59453,18/01/2019,06:06:41,15,0,22.4,1.0,1.0,0.8,2,1,1.00,CYCLE,S
IND,208,6592,59453,18/01/2019,06:06:42,15,0,20.8,1.1,1.1,0.9,2,1,1.00,CYCLE,S
IND,208,6592,59452,18/01/2019,06:06:50,15,1,30.9,1.0,44.7,44.4,2,1,1.00,CYCLE,N
IND,208,6592,59453,18/01/2019,06:07:08,15,0,32.8,1.0,25.1,24.9,2,1,1.00,CYCLE,S
IND,208,6592,59453,18/01/2019,06:07:13,15,0,28.9,1.2,5.7,5.6,2,1,1.00,CYCLE,S
IND,208,6592,59453,18/01/2019,06:07:14,15,0,25.2,1.1,0.4,0.3,2,1,1.00,CYCLE,S
IND,208,6592,59453,18/01/2019,06:07:14,15,0,25.5,1.1,0.2,0.1,2,1,1.00,CYCLE,S
IND,208,6592,59453,18/01/2019,06:07:44,15,0,23.6,1.0,29.8,29.7,2,1,1.00,CYCLE,S
IND,208,6592,59453,18/01/2019,06:08:27,15,0,24.9,1.0,43.3,43.1,2,1,1.00,CYCLE,S
IND,208,6592,59453,18/01/2019,06:08:27,15,0,27.9,1.0,0.3,0.1,2,1,1.00,CYCLE,S
IND,208,6592,59453,18/01/2019,06:08:29,15,0,24.7,1.1,1.5,1.4,2,1,1.00,CYCLE,S
IND,208,6592,59453,18/01/2019,06:08:31,15,0,22.7,1.0,2.6,2.4,2,1,1.00,CYCLE,S
IND,208,6592,59453,18/01/2019,06:08:59,15,0,27.2,1.1,27.4,27.3,2,1,1.00,CYCLE,S
IND,208,6592,59452,18/01/2019,06:09:11,15,1,28.0,1.0,141.2,141.1,2,1,1.00,CYCLE,N
IND,208,6592,59453,18/01/2019,06:09:40,15,0,26.8,1.0,31.6,31.4,2,1,1.00,CYCLE,S
IND,208,6592,59453,18/01/2019,06:09:43,15,0,24.0,1.1,2.6,2.5,2,1,1.00,CYCLE,S
IND,208,6592,59453,18/01/2019,06:10:14,15,0,30.6,1.0,30.7,30.6,2,1,1.00,CYCLE,S
IND,208,6592,59453,18/01/2019,06:10:22,15,0,23.2,1.0,8.1,8.0,2,1,1.00,CYCLE,S
IND,208,6592,59453,18/01/2019,06:10:25,15,0,21.4,1.0,2.9,2.7,2,1,1.00,CYCLE,S
IND,208,6592,59453,18/01/2019,06:10:27,15,0,21.5,1.1,2.5,2.3,2,1,1.00,CYCLE,S
IND,208,6592,59452,18/01/2019,06:10:51,15,1,31.8,1.1,99.9,99.7,2,1,1.00,CYCLE,N
IND,208,6592,59452,18/01/2019,06:10:53,15,1,28.3,1.0,2.0,1.9,2,1,1.00,CYCLE,N
IND,208,6592,59453,18/01/2019,06:11:23,15,0,24.9,1.0,55.6,55.4,2,1,1.00,CYCLE,S
IND,208,6592,59453,18/01/2019,06:11:34,15,0,22.9,1.0,11.3,11.1,2,1,1.00,CYCLE,S
IND,208,6592,59453,18/01/2019,06:11:44,15,0,15.7,1.1,10.4,10.2,2,1,1.00,CYCLE,S
IND,208,6592,59453,18/01/2019,06:12:01,15,0,29.5,1.1,16.7,16.4,2,1,1.00,CYCLE,S
IND,208,6592,59453,18/01/2019,06:12:03,15,0,21.0,1.0,1.8,1.7,2,1,1.00,CYCLE,S
IND,208,6592,59453,18/01/2019,06:12:07,15,0,24.6,1.1,4.2,4.0,2,1,1.00,CYCLE,S
IND,208,6592,59453,18/01/2019,06:12:14,15,0,21.5,1.0,6.8,6.6,2,1,1.00,CYCLE,S
IND,208,6592,59453,18/01/2019,06:12:19,15,0,19.5,1.1,5.8,5.6,2,1,1.00,CYCLE,S
IND,208,6592,59453,18/01/2019,06:12:42,15,0,24.5,1.1,22.1,21.9,2,1,1.00,CYCLE,S
IND,208,6592,59453,18/01/2019,06:13:03,15,0,23.4,1.1,21.5,21.4,2,1,1.00,CYCLE,S
IND,208,6592,59453,18/01/2019,06:13:09,15,0,24.4,1.1,5.5,5.3,2,1,1.00,CYCLE,S
IND,208,6592,59453,18/01/2019,06:13:20,15,0,25.2,1.0,11.6,11.5,2,1,1.00,CYCLE,S
IND,208,6592,59453,18/01/2019,06:14:04,15,0,29.4,1.1,43.7,43.6,2,1,1.00,CYCLE,S
IND,208,6592,59453,18/01/2019,06:14:07,15,0,25.2,1.0,3.3,3.2,2,1,1.00,CYCLE,S
IND,208,6592,59453,18/01/2019,06:14:08,15,0,24.6,1.0,1.2,1.0,2,1,1.00,CYCLE,S
IND,208,6592,59453,18/01/2019,06:14:11,15,0,24.2,1.1,2.9,2.8,2,1,1.00,CYCLE,S
IND,208,6592,59453,18/01/2019,06:14:13,15,0,23.2,1.0,1.4,1.3,2,1,1.00,CYCLE,S
IND,208,6592,59453,18/01/2019,06:14:15,15,0,20.8,1.0,2.3,2.1,2,1,1.00,CYCLE,S
IND,208,6592,59453,18/01/2019,06:14:23,15,0,42.0,1.0,8.1,7.9,2,1,1.00,CYCLE,S
IND,208,6592,59453,18/01/2019,06:14:23,15,0,42.0,1.0,0.0,0.0,2,1,1.00,CYCLE,S
IND,208,6592,59452,18/01/2019,06:14:39,15,1,24.5,1.1,225.9,225.8,2,1,1.00,CYCLE,N
IND,208,6592,59453,18/01/2019,06:14:49,15,0,21.4,1.0,26.2,26.1,2,1,1.00,CYCLE,S
IND,208,6592,59453,18/01/2019,06:14:55,15,0,17.8,1.1,6.1,5.9,2,1,1.00,CYCLE,S
IND,208,6592,59453,18/01/2019,06:15:26,15,0,20.0,1.0,30.2,29.9,2,1,1.00,CYCLE,S
IND,208,6592,59453,18/01/2019,06:15:29,15,0,19.8,1.1,3.8,3.6,2,1,1.00,CYCLE,S
IND,208,6592,59453,18/01/2019,06:15:49,15,0,26.7,1.1,19.8,19.6,2,1,1.00,CYCLE,S
IND,208,6592,59453,18/01/2019,06:16:14,15,0,27.4,1.0,24.9,24.8,2,1,1.00,CYCLE,S
IND,208,6592,59453,18/01/2019,06:16:20,15,0,23.5,1.1,5.7,5.6,2,1,1.00,CYCLE,S
IND,208,6592,59453,18/01/2019,06:16:23,15,0,22.6,1.0,3.4,3.3,2,1,1.00,CYCLE,S
IND,208,6592,59453,18/01/2019,06:16:25,15,0,23.2,1.1,2.0,1.9,2,1,1.00,CYCLE,S
IND,208,6592,59453,18/01/2019,06:16:41,15,0,16.4,1.1,16.2,16.0,2,1,1.00,CYCLE,S
IND,208,6592,59453,18/01/2019,06:16:59,15,0,10.2,1.0,17.7,17.5,2,1,0.44,CYCLE,S
IND,208,6592,59453,18/01/2019,06:17:05,15,0,28.3,1.0,6.1,5.2,2,1,1.00,CYCLE,S
IND,208,6592,59453,18/01/2019,06:17:14,15,0,22.4,1.0,8.6,8.5,2,1,1.00,CYCLE,S
IND,208,6592,59453,18/01/2019,06:18:07,15,0,25.3,1.0,52.9,52.7,2,1,1.00,CYCLE,S
IND,208,6592,59453,18/01/2019,06:18:27,15,0,26.3,1.0,19.9,19.8,2,1,1.00,CYCLE,S
IND,208,6592,59453,18/01/2019,06:18:55,15,0,31.0,1.0,28.6,28.4,2,1,1.00,CYCLE,S
IND,208,6592,59453,18/01/2019,06:18:56,15,0,26.6,1.1,1.1,1.0,2,1,1.00,CYCLE,S
IND,208,6592,59453,18/01/2019,06:18:59,15,0,26.7,1.1,2.9,2.8,2,1,1.00,CYCLE,S
IND,208,6592,59453,18/01/2019,06:19:01,15,0,27.0,1.0,1.7,1.5,2,1,1.00,CYCLE,S
IND,208,6592,59453,18/01/2019,06:19:03,15,0,25.7,1.1,1.7,1.6,2,1,1.00,CYCLE,S
IND,208,6592,59453,18/01/2019,06:19:12,15,0,26.7,1.0,9.9,9.7,2,1,1.00,CYCLE,S
IND,208,6592,59453,18/01/2019,06:19:39,15,0,24.9,1.1,27.0,26.9,2,1,1.00,CYCLE,S
IND,208,6592,59453,18/01/2019,06:19:45,15,0,24.0,1.0,5.5,5.3,2,1,1.00,CYCLE,S
IND,208,6592,59452,18/01/2019,06:20:34,15,1,33.8,1.0,354.7,354.5,2,1,1.00,CYCLE,N
IND,208,6592,59453,18/01/2019,06:20:35,15,0,28.7,1.0,50.3,50.1,2,1,1.00,CYCLE,S
IND,208,6592,59453,18/01/2019,06:20:41,15,0,32.6,1.0,5.9,5.8,2,1,1.00,CYCLE,S
IND,208,6592,59453,18/01/2019,06:20:51,15,0,28.4,1.0,9.5,9.3,2,1,1.00,CYCLE,S
IND,208,6592,59453,18/01/2019,06:20:57,15,0,29.1,1.0,6.2,6.0,2,1,1.00,CYCLE,S
IND,208,6592,59453,18/01/2019,06:20:57,15,0,30.4,1.1,0.7,0.6,2,1,1.00,CYCLE,S
IND,208,6592,59453,18/01/2019,06:21:31,15,0,31.3,1.0,33.1,33.0,2,1,1.00,CYCLE,S
IND,208,6592,59453,18/01/2019,06:21:38,15,0,33.6,1.1,8.0,7.8,2,1,1.00,CYCLE,S
IND,208,6592,59453,18/01/2019,06:21:40,15,0,23.6,1.1,1.5,1.3,2,1,1.00,CYCLE,S
IND,208,6592,59453,18/01/2019,06:21:43,15,0,28.1,1.0,3.2,3.1,2,1,1.00,CYCLE,S
IND,208,6592,59453,18/01/2019,06:21:45,15,0,20.4,1.2,2.3,2.2,2,1,1.00,CYCLE,S
IND,208,6592,59453,18/01/2019,06:22:03,15,0,8.2,1.0,17.8,17.6,2,1,0.40,CYCLE,S
IND,208,6592,59453,18/01/2019,06:22:17,15,0,34.8,1.0,13.6,13.2,2,1,1.00,CYCLE,S
IND,208,6592,59453,18/01/2019,06:22:21,15,0,19.0,1.1,4.6,4.5,2,1,1.00,CYCLE,S
IND,208,6592,59453,18/01/2019,06:22:27,15,0,22.8,1.1,5.3,5.1,2,1,1.00,CYCLE,S
IND,208,6592,59453,18/01/2019,06:22:44,15,0,27.5,1.1,17.5,17.3,2,1,1.00,CYCLE,S
IND,208,6592,59453,18/01/2019,06:23:07,15,0,33.1,1.0,23.0,22.8,2,1,1.00,CYCLE,S
IND,208,6592,59453,18/01/2019,06:23:10,15,0,25.9,1.1,3.3,3.2,2,1,1.00,CYCLE,S
IND,208,6592,59453,18/01/2019,06:23:25,15,0,29.8,1.0,14.7,14.5,2,1,1.00,CYCLE,S
IND,208,6592,59453,18/01/2019,06:23:27,15,0,25.3,1.1,1.9,1.8,2,1,1.00,CYCLE,S
IND,208,6592,59453,18/01/2019,06:23:34,15,0,23.3,1.1,6.8,6.6,2,1,1.00,CYCLE,S
IND,208,6592,59452,18/01/2019,06:23:46,15,1,27.6,1.0,192.5,192.4,2,1,1.00,CYCLE,N
IND,208,6592,59452,18/01/2019,06:23:50,15,1,28.6,1.0,3.7,3.6,2,1,1.00,CYCLE,N
IND,208,6592,59453,18/01/2019,06:24:07,15,0,22.3,1.1,33.7,33.5,2,1,1.00,CYCLE,S
IND,208,6592,59453,18/01/2019,06:24:08,15,0,31.2,1.0,0.4,0.2,2,1,1.00,CYCLE,S
IND,208,6592,59452,18/01/2019,06:24:15,15,1,19.8,1.1,25.2,25.1,2,1,1.00,CYCLE,N
IND,208,6592,59452,18/01/2019,06:24:18,15,1,20.5,1.0,2.4,2.2,2,1,1.00,CYCLE,N
IND,208,6592,59453,18/01/2019,06:24:49,15,0,20.0,1.1,41.1,41.0,2,1,1.00,CYCLE,S
IND,208,6592,59453,18/01/2019,06:24:51,15,0,22.2,1.0,1.9,1.7,2,1,1.00,CYCLE,S
IND,208,6592,59453,18/01/2019,06:25:02,15,0,26.2,1.0,10.7,10.6,2,1,1.00,CYCLE,S
IND,208,6592,59453,18/01/2019,06:25:07,15,0,30.3,1.0,5.3,5.1,2,1,1.00,CYCLE,S
IND,208,6592,59453,18/01/2019,06:25:15,15,0,31.9,1.0,8.1,8.0,2,1,1.00,CYCLE,S
IND,208,6592,59453,18/01/2019,06:25:16,15,0,26.8,1.0,1.4,1.3,2,1,1.00,CYCLE,S
IND,208,6592,59453,18/01/2019,06:25:17,15,0,27.7,1.0,0.7,0.6,2,1,1.00,CYCLE,S
IND,208,6592,59453,18/01/2019,06:25:19,15,0,25.6,1.1,1.6,1.5,2,1,1.00,CYCLE,S
IND,208,6592,59453,18/01/2019,06:25:20,15,0,27.4,1.0,1.7,1.5,2,1,1.00,CYCLE,S
IND,208,6592,59453,18/01/2019,06:25:49,15,0,31.4,1.0,28.4,28.3,2,1,1.00,CYCLE,S
IND,208,6592,59453,18/01/2019,06:25:53,15,0,25.9,1.0,4.3,4.1,2,1,1.00,CYCLE,S
IND,208,6592,59452,18/01/2019,06:26:02,15,1,26.8,1.0,104.7,104.5,2,1,1.00,CYCLE,N
IND,208,6592,59452,18/01/2019,06:26:24,15,1,22.1,1.1,22.0,21.9,2,1,1.00,CYCLE,N
IND,208,6592,59453,18/01/2019,06:26:33,15,0,25.8,1.0,40.3,40.2,2,1,1.00,CYCLE,S
IND,208,6592,59453,18/01/2019,06:26:41,15,0,20.2,1.1,7.2,7.1,2,1,1.00,CYCLE,S
IND,208,6592,59453,18/01/2019,06:27:23,15,0,31.7,1.1,42.4,42.2,2,1,1.00,CYCLE,S
IND,208,6592,59453,18/01/2019,06:27:38,15,0,20.3,1.0,14.9,14.8,2,1,1.00,CYCLE,S
IND,208,6592,59453,18/01/2019,06:27:57,15,0,33.1,1.0,19.4,19.2,2,1,1.00,CYCLE,S
IND,208,6592,59453,18/01/2019,06:27:59,15,0,26.8,1.1,1.7,1.6,2,1,1.00,CYCLE,S
IND,208,6592,59453,18/01/2019,06:28:06,15,0,26.2,1.0,6.9,6.8,2,1,1.00,CYCLE,S
IND,208,6592,59453,18/01/2019,06:28:23,15,0,23.4,1.1,17.6,17.4,2,1,1.00,CYCLE,S
IND,208,6592,59453,18/01/2019,06:28:38,15,0,24.5,1.0,14.5,14.3,2,1,1.00,CYCLE,S
IND,208,6592,59453,18/01/2019,06:28:39,15,0,21.9,1.0,1.0,0.9,2,1,1.00,CYCLE,S
IND,208,6592,59453,18/01/2019,06:29:11,15,0,27.0,1.1,31.8,31.7,2,1,1.00,CYCLE,S
IND,208,6592,59453,18/01/2019,06:29:12,15,0,24.6,1.1,1.4,1.2,2,1,1.00,CYCLE,S
IND,208,6592,59453,18/01/2019,06:29:13,15,0,28.3,1.0,0.7,0.6,2,1,1.00,CYCLE,S
IND,208,6592,59453,18/01/2019,06:29:14,15,0,25.4,1.1,0.9,0.8,2,1,1.00,CYCLE,S
IND,208,6592,59453,18/01/2019,06:29:17,15,0,25.9,1.0,3.5,3.4,2,1,1.00,CYCLE,S
IND,208,6592,59453,18/01/2019,06:29:20,15,0,23.3,1.0,2.9,2.8,2,1,1.00,CYCLE,S
IND,208,6592,59453,18/01/2019,06:29:23,15,0,21.6,1.1,3.0,2.9,2,1,1.00,CYCLE,S
IND,208,6592,59453,18/01/2019,06:29:25,15,0,21.1,1.1,1.5,1.3,2,1,1.00,CYCLE,S
IND,208,6592,59453,18/01/2019,06:29:44,15,0,24.8,1.1,19.2,19.0,2,1,1.00,CYCLE,S
IND,208,6592,59453,18/01/2019,06:29:46,15,0,25.1,1.0,1.9,1.8,2,1,1.00,CYCLE,S
IND,208,6592,59453,18/01/2019,06:29:54,15,0,26.5,1.0,8.3,8.2,2,1,1.00,CYCLE,S
IND,208,6592,59453,18/01/2019,06:30:07,15,0,25.3,1.1,12.7,12.6,2,1,1.00,CYCLE,S
IND,208,6592,59453,18/01/2019,06:30:08,15,0,27.0,1.0,1.3,1.2,2,1,1.00,CYCLE,S
IND,208,6592,59453,18/01/2019,06:30:13,15,0,24.8,1.1,4.8,4.6,2,1,1.00,CYCLE,S
IND,208,6592,59453,18/01/2019,06:31:20,15,0,29.1,1.0,67.4,67.2,2,1,1.00,CYCLE,S
IND,208,6592,59453,18/01/2019,06:31:21,15,0,27.4,1.1,1.1,1.0,2,1,1.00,CYCLE,S
IND,208,6592,59453,18/01/2019,06:31:25,15,0,25.0,1.1,3.7,3.6,2,1,1.00,CYCLE,S
IND,208,6592,59453,18/01/2019,06:31:27,15,0,25.8,1.1,1.8,1.7,2,1,1.00,CYCLE,S
IND,208,6592,59453,18/01/2019,06:31:29,15,0,27.0,1.0,1.5,1.4,2,1,1.00,CYCLE,S
IND,208,6592,59453,18/01/2019,06:31:30,15,0,21.4,1.1,1.5,1.4,2,1,1.00,CYCLE,S
IND,208,6592,59453,18/01/2019,06:31:33,15,0,23.2,1.0,2.7,2.5,2,1,1.00,CYCLE,S
IND,208,6592,59453,18/01/2019,06:31:53,15,0,28.7,1.0,20.6,20.4,2,1,1.00,CYCLE,S
IND,208,6592,59453,18/01/2019,06:31:54,15,0,29.2,1.1,0.4,0.3,2,1,1.00,CYCLE,S
IND,208,6592,59453,18/01/2019,06:31:58,15,0,28.6,1.1,4.1,4.0,2,1,1.00,CYCLE,S
IND,208,6592,59453,18/01/2019,06:32:01,15,0,24.5,1.0,3.0,2.8,2,1,1.00,CYCLE,S
IND,208,6592,59452,18/01/2019,06:32:07,15,1,28.0,1.1,342.2,342.0,2,1,1.00,CYCLE,N
IND,208,6592,59453,18/01/2019,06:32:17,15,0,22.6,1.0,15.6,15.4,2,1,1.00,CYCLE,S
IND,208,6592,59453,18/01/2019,06:32:48,15,0,32.5,1.0,31.0,30.8,2,1,1.00,CYCLE,S
IND,208,6592,59453,18/01/2019,06:33:13,15,0,31.0,1.0,25.0,24.9,2,1,1.00,CYCLE,S
IND,208,6592,59453,18/01/2019,06:33:15,15,0,29.0,1.1,1.9,1.8,2,1,1.00,CYCLE,S
IND,208,6592,59453,18/01/2019,06:33:25,15,0,23.2,1.0,10.1,10.0,2,1,1.00,CYCLE,S
IND,208,6592,59453,18/01/2019,06:33:29,15,0,21.1,1.1,4.6,4.4,2,1,1.00,CYCLE,S
IND,208,6592,59453,18/01/2019,06:33:33,15,0,16.2,1.0,4.3,4.1,2,1,1.00,CYCLE,S
IND,208,6592,59453,18/01/2019,06:33:33,15,0,16.2,1.0,0.0,0.0,2,1,1.00,CYCLE,S
IND,208,6592,59453,18/01/2019,06:33:43,15,0,34.2,1.0,9.7,9.3,2,1,1.00,CYCLE,S
IND,208,6592,59453,18/01/2019,06:33:45,15,0,33.8,1.1,1.9,1.8,2,1,1.00,CYCLE,S
IND,208,6592,59453,18/01/2019,06:33:49,15,0,29.8,1.0,4.3,4.2,2,1,1.00,CYCLE,S
IND,208,6592,59453,18/01/2019,06:33:55,15,0,27.3,1.1,5.4,5.3,2,1,1.00,CYCLE,S
IND,208,6592,59453,18/01/2019,06:33:57,15,0,29.7,1.0,2.0,1.8,2,1,1.00,CYCLE,S
IND,208,6592,59453,18/01/2019,06:34:35,15,0,26.2,1.1,38.2,38.1,2,1,1.00,CYCLE,S
IND,208,6592,59453,18/01/2019,06:34:49,15,0,31.0,1.1,14.7,14.6,2,1,1.00,CYCLE,S
IND,208,6592,59453,18/01/2019,06:34:50,15,0,32.0,1.1,0.7,0.6,2,1,1.00,CYCLE,S
IND,208,6592,59453,18/01/2019,06:34:56,15,0,24.8,1.0,5.8,5.7,2,1,1.00,CYCLE,S
IND,208,6592,59453,18/01/2019,06:35:02,15,0,22.1,1.1,5.6,5.4,2,1,1.00,CYCLE,S
IND,208,6592,59453,18/01/2019,06:35:04,15,0,22.8,1.0,2.6,2.4,2,1,1.00,CYCLE,S
IND,208,6592,59453,18/01/2019,06:35:43,15,0,27.2,1.1,38.7,38.6,2,1,1.00,CYCLE,S
IND,208,6592,59452,18/01/2019,06:35:44,15,1,28.0,1.0,216.9,216.8,2,1,1.00,CYCLE,N
IND,208,6592,59452,18/01/2019,06:35:58,15,1,24.3,1.0,14.8,14.7,2,1,1.00,CYCLE,N
IND,208,6592,59453,18/01/2019,06:36:22,15,0,24.7,1.0,38.6,38.5,2,1,1.00,CYCLE,S
IND,208,6592,59453,18/01/2019,06:36:48,15,0,27.8,1.0,26.3,26.2,2,1,1.00,CYCLE,S
IND,208,6592,59453,18/01/2019,06:36:52,15,0,21.2,1.1,3.7,3.6,2,1,1.00,CYCLE,S
IND,208,6592,59453,18/01/2019,06:36:52,15,0,24.8,1.0,0.3,0.1,2,1,1.00,CYCLE,S
IND,208,6592,59453,18/01/2019,06:36:52,15,0,24.9,1.0,0.3,0.2,2,1,1.00,CYCLE,S
IND,208,6592,59453,18/01/2019,06:36:53,15,0,23.0,1.1,1.3,1.2,2,1,1.00,CYCLE,S
IND,208,6592,59453,18/01/2019,06:36:56,15,0,23.1,1.0,2.5,2.6,2,1,0.80,CYCLE,S
IND,208,6592,59453,18/01/2019,06:36:58,15,0,22.7,1.0,2.0,1.5,2,1,1.00,CYCLE,S
IND,208,6592,59453,18/01/2019,06:36:59,15,0,22.5,1.0,0.7,0.6,2,1,1.00,CYCLE,S
IND,208,6592,59453,18/01/2019,06:37:00,15,0,23.0,1.0,1.5,1.3,2,1,1.00,CYCLE,S
IND,208,6592,59453,18/01/2019,06:37:44,15,0,31.7,1.0,43.4,43.3,2,1,1.00,CYCLE,S
IND,208,6592,59453,18/01/2019,06:37:54,15,0,20.2,1.1,10.6,10.5,2,1,1.00,CYCLE,S
IND,208,6592,59453,18/01/2019,06:37:56,15,0,22.6,1.0,1.8,1.6,2,1,1.00,CYCLE,S
IND,208,6592,59452,18/01/2019,06:38:15,15,1,20.3,1.2,21.4,21.4,2,1,1.00,CYCLE,N
IND,208,6592,59452,18/01/2019,06:38:16,15,1,20.5,1.0,0.6,0.4,2,1,1.00,CYCLE,N
IND,208,6592,59452,18/01/2019,06:38:17,15,1,19.1,1.0,1.1,0.9,2,1,1.00,CYCLE,N
IND,208,6592,59453,18/01/2019,06:38:17,15,0,22.8,1.0,21.1,20.9,2,1,1.00,CYCLE,S
IND,208,6592,59453,18/01/2019,06:38:18,15,0,27.6,1.0,0.7,0.5,2,1,1.00,CYCLE,S
IND,208,6592,59453,18/01/2019,06:38:50,15,0,34.5,1.0,32.6,32.5,2,1,1.00,CYCLE,S
IND,208,6592,59453,18/01/2019,06:38:51,15,0,25.7,1.1,0.3,0.2,2,1,1.00,CYCLE,S
IND,208,6592,59453,18/01/2019,06:38:54,15,0,21.9,1.0,3.0,2.8,2,1,1.00,CYCLE,S
IND,208,6592,59453,18/01/2019,06:38:54,15,0,22.3,1.0,0.4,0.2,2,1,1.00,CYCLE,S
IND,208,6592,59453,18/01/2019,06:38:56,15,0,23.7,1.0,2.1,1.9,2,1,1.00,CYCLE,S
IND,208,6592,59453,18/01/2019,06:38:58,15,0,25.2,1.0,1.8,1.6,2,1,1.00,CYCLE,S
IND,208,6592,59453,18/01/2019,06:39:01,15,0,21.8,1.1,2.8,2.7,2,1,1.00,CYCLE,S
IND,208,6592,59453,18/01/2019,06:39:02,15,0,22.7,1.1,1.1,0.9,2,1,1.00,CYCLE,S
IND,208,6592,59453,18/01/2019,06:39:20,15,0,31.7,1.2,18.0,17.8,2,1,1.00,CYCLE,S
IND,208,6592,59453,18/01/2019,06:39:21,15,0,32.9,1.0,1.3,1.2,2,1,1.00,CYCLE,S
IND,208,6592,59453,18/01/2019,06:39:22,15,0,32.6,1.0,1.1,1.0,2,1,1.00,CYCLE,S
IND,208,6592,59453,18/01/2019,06:39:25,15,0,30.9,1.1,2.5,2.4,2,1,1.00,CYCLE,S
IND,208,6592,59453,18/01/2019,06:39:26,15,0,26.1,1.0,1.6,1.5,2,1,1.00,CYCLE,S
IND,208,6592,59453,18/01/2019,06:39:27,15,0,26.5,1.0,1.2,1.0,2,1,1.00,CYCLE,S
IND,208,6592,59453,18/01/2019,06:39:34,15,0,28.1,1.0,6.5,6.4,2,1,1.00,CYCLE,S
IND,208,6592,59453,18/01/2019,06:40:58,15,0,33.6,1.0,84.1,84.0,2,1,1.00,CYCLE,S
IND,208,6592,59453,18/01/2019,06:40:59,15,0,33.3,1.0,1.4,1.3,2,1,1.00,CYCLE,S
IND,208,6592,59453,18/01/2019,06:41:01,15,0,31.5,1.0,1.2,1.1,2,1,1.00,CYCLE,S
IND,208,6592,59453,18/01/2019,06:41:03,15,0,31.8,1.0,2.3,2.2,2,1,1.00,CYCLE,S
IND,208,6592,59453,18/01/2019,06:41:03,15,0,32.7,1.1,0.5,0.4,2,1,1.00,CYCLE,S
IND,208,6592,59453,18/01/2019,06:41:04,15,0,28.0,1.0,1.0,0.9,2,1,1.00,CYCLE,S
IND,208,6592,59453,18/01/2019,06:41:07,15,0,32.4,1.0,2.3,2.1,2,1,1.00,CYCLE,S
IND,208,6592,59453,18/01/2019,06:41:08,15,0,29.3,1.0,0.9,0.8,2,1,1.00,CYCLE,S
IND,208,6592,59453,18/01/2019,06:41:36,15,0,32.1,1.1,28.5,28.4,2,1,1.00,CYCLE,S
IND,208,6592,59453,18/01/2019,06:41:40,15,0,28.2,1.1,3.7,3.5,2,1,1.00,CYCLE,S
IND,208,6592,59453,18/01/2019,06:41:40,15,0,35.4,1.0,0.4,0.3,2,1,1.00,CYCLE,S
IND,208,6592,59453,18/01/2019,06:41:41,15,0,29.0,1.1,0.7,0.6,2,1,1.00,CYCLE,S
IND,208,6592,59453,18/01/2019,06:41:43,15,0,30.7,1.0,2.1,1.9,2,1,1.00,CYCLE,S
IND,208,6592,59452,18/01/2019,06:41:47,15,1,30.1,1.0,210.9,210.6,2,1,1.00,CYCLE,N
IND,208,6592,59453,18/01/2019,06:42:19,15,0,25.8,1.0,35.8,35.6,2,1,1.00,CYCLE,S
IND,208,6592,59453,18/01/2019,06:42:44,15,0,32.6,1.0,25.3,25.1,2,1,1.00,CYCLE,S
IND,208,6592,59453,18/01/2019,06:42:48,15,0,29.1,1.1,3.9,3.8,2,1,1.00,CYCLE,S
IND,208,6592,59453,18/01/2019,06:42:50,15,0,28.3,1.0,1.6,1.4,2,1,1.00,CYCLE,S
IND,208,6592,59453,18/01/2019,06:42:54,15,0,30.3,1.0,4.1,3.9,2,1,1.00,CYCLE,S
IND,208,6592,59453,18/01/2019,06:42:56,15,0,29.6,1.0,2.7,2.6,2,1,1.00,CYCLE,S
IND,208,6592,59453,18/01/2019,06:42:57,15,0,28.0,1.1,0.8,0.7,2,1,1.00,CYCLE,S
IND,208,6592,59453,18/01/2019,06:43:02,15,0,29.9,1.1,4.7,4.5,2,1,1.00,CYCLE,S
IND,208,6592,59453,18/01/2019,06:43:06,15,0,29.1,1.0,4.7,4.6,2,1,1.00,CYCLE,S
IND,208,6592,59453,18/01/2019,06:43:11,15,0,20.6,1.0,4.1,4.0,2,1,1.00,CYCLE,S
IND,208,6592,59453,18/01/2019,06:43:38,15,0,36.3,1.0,27.7,27.5,2,1,1.00,CYCLE,S
IND,208,6592,59453,18/01/2019,06:43:41,15,0,33.3,1.0,3.0,2.9,2,1,1.00,CYCLE,S
IND,208,6592,59452,18/01/2019,06:43:51,15,1,25.6,1.1,123.2,123.1,2,1,1.00,CYCLE,N
IND,208,6592,59453,18/01/2019,06:43:52,15,0,33.3,1.0,11.1,11.0,2,1,1.00,CYCLE,S
IND,208,6592,59453,18/01/2019,06:43:54,15,0,29.2,1.0,1.1,1.0,2,1,1.00,CYCLE,S
IND,208,6592,59453,18/01/2019,06:44:04,15,0,32.3,1.0,10.2,10.1,2,1,1.00,CYCLE,S
IND,208,6592,59452,18/01/2019,06:44:09,15,1,23.4,1.0,18.7,18.5,2,1,1.00,CYCLE,N
IND,208,6592,59453,18/01/2019,06:44:15,15,0,2.5,1.0,11.2,11.1,2,1,0.22,CYCLE,S
IND,208,6592,59453,18/01/2019,06:44:15,15,0,2.5,1.0,0.0,0.0,2,1,0.22,CYCLE,S
IND,208,6592,59453,18/01/2019,06:45:02,15,0,29.8,1.0,47.1,45.3,2,1,1.00,CYCLE,S
IND,208,6592,59453,18/01/2019,06:45:07,15,0,28.4,1.0,5.1,4.9,2,1,1.00,CYCLE,S
IND,208,6592,59453,18/01/2019,06:45:10,15,0,29.0,1.0,2.6,2.5,2,1,1.00,CYCLE,S
IND,208,6592,59453,18/01/2019,06:45:11,15,0,22.1,1.0,1.1,1.0,2,1,1.00,CYCLE,S
IND,208,6592,59453,18/01/2019,06:45:14,15,0,22.1,1.1,3.6,3.5,2,1,1.00,CYCLE,S
IND,208,6592,59453,18/01/2019,06:45:37,15,0,32.3,1.0,22.6,22.4,2,1,1.00,CYCLE,S
IND,208,6592,59453,18/01/2019,06:45:39,15,0,30.8,1.0,2.5,2.4,2,1,1.00,CYCLE,S
IND,208,6592,59453,18/01/2019,06:45:41,15,0,26.9,1.0,1.2,1.1,2,1,1.00,CYCLE,S
IND,208,6592,59453,18/01/2019,06:45:43,15,0,25.3,1.1,1.9,1.8,2,1,1.00,CYCLE,S
IND,208,6592,59453,18/01/2019,06:45:43,15,0,26.4,1.1,0.5,0.3,2,1,1.00,CYCLE,S
IND,208,6592,59453,18/01/2019,06:45:45,15,0,27.8,1.1,2.0,1.8,2,1,1.00,CYCLE,S
IND,208,6592,59452,18/01/2019,06:46:13,15,1,25.3,1.0,124.0,123.9,2,1,1.00,CYCLE,N
IND,208,6592,59453,18/01/2019,06:46:45,15,0,29.4,1.1,59.7,59.5,2,1,1.00,CYCLE,S
IND,208,6592,59453,18/01/2019,06:46:46,15,0,28.9,1.1,1.1,1.0,2,1,1.00,CYCLE,S
IND,208,6592,59453,18/01/2019,06:46:47,15,0,30.3,1.0,1.3,1.2,2,1,1.00,CYCLE,S
IND,208,6592,59453,18/01/2019,06:46:48,15,0,32.4,1.0,0.5,0.4,2,1,1.00,CYCLE,S
IND,208,6592,59453,18/01/2019,06:46:48,15,0,28.2,1.0,0.5,0.4,2,1,1.00,CYCLE,S
IND,208,6592,59453,18/01/2019,06:46:54,15,0,27.8,1.0,6.1,6.0,2,1,1.00,CYCLE,S
IND,208,6592,59453,18/01/2019,06:46:57,15,0,22.7,1.0,3.1,3.0,2,1,1.00,CYCLE,S
IND,208,6592,59453,18/01/2019,06:47:14,15,0,36.0,1.0,17.1,17.0,2,1,1.00,CYCLE,S
IND,208,6592,59453,18/01/2019,06:47:15,15,0,36.8,1.0,0.3,0.2,2,1,1.00,CYCLE,S
IND,208,6592,59453,18/01/2019,06:47:23,15,0,32.8,1.1,7.9,7.8,2,1,1.00,CYCLE,S
IND,208,6592,59453,18/01/2019,06:47:29,15,0,29.8,1.0,6.7,6.6,2,1,1.00,CYCLE,S
IND,208,6592,59453,18/01/2019,06:47:30,15,0,25.7,1.0,0.7,0.5,2,1,1.00,CYCLE,S
IND,208,6592,59453,18/01/2019,06:47:34,15,0,29.5,1.0,3.7,3.5,2,1,1.00,CYCLE,S
IND,208,6592,59453,18/01/2019,06:47:42,15,0,28.4,1.2,8.1,7.9,2,1,1.00,CYCLE,S
IND,208,6592,59453,18/01/2019,06:47:45,15,0,28.8,1.1,3.0,2.9,2,1,1.00,CYCLE,S
IND,208,6592,59453,18/01/2019,06:47:54,15,0,30.7,1.0,9.3,9.1,2,1,1.00,CYCLE,S
IND,208,6592,59453,18/01/2019,06:48:04,15,0,25.0,1.0,10.2,10.1,2,1,1.00,CYCLE,S
IND,208,6592,59453,18/01/2019,06:48:30,15,0,30.4,1.1,26.1,26.0,2,1,1.00,CYCLE,S
IND,208,6592,59453,18/01/2019,06:48:31,15,0,26.6,1.0,0.8,0.7,2,1,1.00,CYCLE,S
IND,208,6592,59453,18/01/2019,06:48:51,15,0,23.8,1.1,19.7,19.6,2,1,1.00,CYCLE,S
IND,208,6592,59453,18/01/2019,06:48:52,15,0,25.8,1.1,1.1,1.0,2,1,1.00,CYCLE,S
IND,208,6592,59453,18/01/2019,06:48:53,15,0,26.1,1.1,0.5,0.4,2,1,1.00,CYCLE,S
IND,208,6592,59453,18/01/2019,06:48:54,15,0,26.0,1.0,1.7,1.5,2,1,1.00,CYCLE,S
IND,208,6592,59453,18/01/2019,06:48:59,15,0,21.9,1.1,4.5,4.4,2,1,1.00,CYCLE,S
IND,208,6592,59453,18/01/2019,06:48:59,15,0,25.5,1.0,0.4,0.2,2,1,1.00,CYCLE,S
IND,208,6592,59453,18/01/2019,06:49:00,15,0,21.8,1.1,0.6,0.5,2,1,1.00,CYCLE,S
IND,208,6592,59453,18/01/2019,06:49:03,15,0,21.4,1.1,2.8,2.6,2,1,1.00,CYCLE,S
IND,208,6592,59453,18/01/2019,06:49:04,15,0,21.3,1.1,1.5,1.4,2,1,1.00,CYCLE,S
IND,208,6592,59453,18/01/2019,06:49:05,15,0,20.9,1.0,1.1,0.9,2,1,1.00,CYCLE,S
IND,208,6592,59453,18/01/2019,06:49:18,15,0,27.0,1.1,12.9,12.7,2,1,1.00,CYCLE,S
IND,208,6592,59453,18/01/2019,06:49:22,15,0,26.6,1.0,4.0,3.9,2,1,1.00,CYCLE,S
IND,208,6592,59453,18/01/2019,06:49:25,15,0,25.2,1.1,2.6,2.4,2,1,1.00,CYCLE,S
IND,208,6592,59453,18/01/2019,06:49:29,15,0,29.4,1.0,4.4,4.2,2,1,1.00,CYCLE,S
IND,208,6592,59453,18/01/2019,06:49:30,15,0,28.3,1.1,0.9,0.7,2,1,1.00,CYCLE,S
IND,208,6592,59453,18/01/2019,06:49:43,15,0,30.5,1.1,13.0,12.8,2,1,1.00,CYCLE,S
IND,208,6592,59453,18/01/2019,06:50:17,15,0,29.9,1.1,34.0,33.8,2,1,1.00,CYCLE,S
IND,208,6592,59453,18/01/2019,06:50:18,15,0,35.1,1.0,0.8,0.7,2,1,1.00,CYCLE,S
IND,208,6592,59452,18/01/2019,06:50:19,15,1,19.3,1.0,156.8,156.7,2,1,1.00,CYCLE,N
IND,208,6592,59453,18/01/2019,06:50:42,15,0,30.6,1.1,24.7,24.6,2,1,1.00,CYCLE,S
IND,208,6592,59453,18/01/2019,06:50:45,15,0,39.1,1.0,2.8,2.7,2,1,1.00,CYCLE,S
IND,208,6592,59453,18/01/2019,06:50:47,15,0,27.2,1.1,2.0,1.9,2,1,1.00,CYCLE,S
IND,208,6592,59453,18/01/2019,06:50:49,15,0,28.3,1.0,1.6,1.4,2,1,1.00,CYCLE,S
IND,208,6592,59453,18/01/2019,06:50:50,15,0,27.6,1.1,1.0,0.9,2,1,1.00,CYCLE,S
IND,208,6592,59453,18/01/2019,06:50:56,15,0,25.0,1.1,6.4,6.2,2,1,1.00,CYCLE,S
IND,208,6592,59453,18/01/2019,06:51:17,15,0,30.9,1.1,20.7,20.5,2,1,1.00,CYCLE,S
IND,208,6592,59453,18/01/2019,06:51:23,15,0,24.9,1.0,6.5,6.3,2,1,1.00,CYCLE,S
IND,208,6592,59453,18/01/2019,06:51:25,15,0,25.7,1.1,1.1,1.0,2,1,1.00,CYCLE,S
IND,208,6592,59453,18/01/2019,06:51:26,15,0,25.9,1.0,1.3,1.2,2,1,1.00,CYCLE,S
IND,208,6592,59453,18/01/2019,06:51:47,15,0,36.6,1.1,20.7,20.6,2,1,1.00,CYCLE,S
IND,208,6592,59453,18/01/2019,06:51:51,15,0,30.0,1.0,4.6,4.5,2,1,1.00,CYCLE,S
IND,208,6592,59453,18/01/2019,06:52:07,15,0,29.7,1.1,15.6,15.5,2,1,1.00,CYCLE,S
IND,208,6592,59453,18/01/2019,06:52:22,15,0,22.3,1.0,15.4,15.3,2,1,1.00,CYCLE,S
IND,208,6592,59453,18/01/2019,06:53:05,15,0,33.3,1.0,42.9,42.8,2,1,1.00,CYCLE,S
IND,208,6592,59453,18/01/2019,06:53:05,15,0,26.8,1.1,0.2,0.1,2,1,1.00,CYCLE,S
IND,208,6592,59453,18/01/2019,06:53:07,15,0,27.4,1.0,2.0,1.9,2,1,1.00,CYCLE,S
IND,208,6592,59453,18/01/2019,06:53:09,15,0,25.0,1.0,1.7,1.6,2,1,1.00,CYCLE,S
IND,208,6592,59453,18/01/2019,06:53:11,15,0,29.8,1.0,2.0,1.9,2,1,1.00,CYCLE,S
IND,208,6592,59453,18/01/2019,06:53:12,15,0,25.0,1.1,0.9,0.8,2,1,1.00,CYCLE,S
IND,208,6592,59453,18/01/2019,06:53:13,15,0,25.6,1.1,1.1,0.9,2,1,1.00,CYCLE,S
IND,208,6592,59453,18/01/2019,06:53:15,15,0,25.0,1.0,2.0,1.8,2,1,1.00,CYCLE,S
IND,208,6592,59453,18/01/2019,06:53:17,15,0,24.5,1.1,2.2,2.0,2,1,1.00,CYCLE,S
IND,208,6592,59453,18/01/2019,06:53:23,15,0,15.6,1.1,6.2,6.0,2,1,1.00,CYCLE,S
IND,208,6592,59453,18/01/2019,06:53:36,15,0,33.6,1.0,12.9,12.6,2,1,1.00,CYCLE,S
IND,208,6592,59453,18/01/2019,06:53:39,15,0,37.4,1.0,2.4,2.3,2,1,0.50,CYCLE,S
IND,208,6592,59452,18/01/2019,06:53:39,15,1,37.4,1.0,0.0,0.0,2,1,0.50,CYCLE,N
IND,208,6592,59453,18/01/2019,06:53:40,15,0,30.0,1.0,1.7,1.5,2,1,1.00,CYCLE,S
IND,208,6592,59453,18/01/2019,06:53:41,15,0,30.4,1.1,0.5,0.4,2,1,1.00,CYCLE,S
IND,208,6592,59453,18/01/2019,06:53:43,15,0,25.3,1.1,1.8,1.7,2,1,1.00,CYCLE,S
IND,208,6592,59453,18/01/2019,06:53:45,15,0,24.3,1.1,2.6,2.4,2,1,1.00,CYCLE,S
IND,208,6592,59452,18/01/2019,06:53:59,15,1,26.0,1.0,219.9,219.7,2,1,1.00,CYCLE,N
IND,208,6592,59452,18/01/2019,06:54:00,15,1,26.5,1.0,0.7,0.6,2,1,1.00,CYCLE,N
IND,208,6592,59453,18/01/2019,06:54:05,15,0,28.0,1.0,19.8,19.6,2,1,1.00,CYCLE,S
IND,208,6592,59453,18/01/2019,06:54:15,15,0,26.3,1.0,9.7,9.6,2,1,1.00,CYCLE,S
IND,208,6592,59453,18/01/2019,06:55:02,15,0,33.4,1.0,47.2,47.0,2,1,1.00,CYCLE,S
IND,208,6592,59453,18/01/2019,06:55:03,15,0,26.3,1.0,0.5,0.4,2,1,1.00,CYCLE,S
IND,208,6592,59453,18/01/2019,06:55:04,15,0,27.2,1.0,1.9,1.8,2,1,1.00,CYCLE,S
IND,208,6592,59453,18/01/2019,06:55:05,15,0,26.0,1.0,0.4,0.3,2,1,1.00,CYCLE,S
IND,208,6592,59453,18/01/2019,06:55:06,15,0,29.2,1.0,1.3,1.2,2,1,1.00,CYCLE,S
IND,208,6592,59453,18/01/2019,06:55:07,15,0,25.7,1.0,0.4,0.3,2,1,1.00,CYCLE,S
IND,208,6592,59453,18/01/2019,06:55:07,15,0,28.1,1.0,0.5,0.3,2,1,1.00,CYCLE,S
IND,208,6592,59453,18/01/2019,06:55:09,15,0,28.2,1.1,2.2,2.0,2,1,1.00,CYCLE,S
IND,208,6592,59453,18/01/2019,06:55:11,15,0,27.0,1.0,1.3,1.2,2,1,1.00,CYCLE,S
IND,208,6592,59453,18/01/2019,06:55:12,15,0,26.4,1.0,1.2,1.1,2,1,1.00,CYCLE,S
IND,208,6592,59453,18/01/2019,06:55:13,15,0,26.2,1.0,1.0,0.9,2,1,1.00,CYCLE,S
IND,208,6592,59453,18/01/2019,06:55:14,15,0,24.8,1.0,1.2,1.1,2,1,1.00,CYCLE,S
IND,208,6592,59453,18/01/2019,06:55:41,15,0,27.5,1.0,26.6,26.5,2,1,1.00,CYCLE,S
IND,208,6592,59453,18/01/2019,06:55:44,15,0,30.1,1.0,3.1,2.9,2,1,0.67,CYCLE,S
IND,208,6592,59453,18/01/2019,06:55:44,15,0,30.1,1.0,0.0,0.0,2,1,0.67,CYCLE,S
IND,208,6592,59453,18/01/2019,06:55:44,15,0,30.1,1.0,0.0,0.0,2,1,0.67,CYCLE,S
IND,208,6592,59453,18/01/2019,06:55:46,15,0,28.8,1.1,2.0,1.5,2,1,1.00,CYCLE,S
IND,208,6592,59453,18/01/2019,06:55:46,15,0,26.4,1.1,0.3,0.1,2,1,1.00,CYCLE,S
IND,208,6592,59453,18/01/2019,06:56:07,15,0,28.0,1.0,21.5,21.4,2,1,1.00,CYCLE,S
IND,208,6592,59452,18/01/2019,06:56:22,15,1,21.8,1.1,142.6,142.4,2,1,1.00,CYCLE,N
IND,208,6592,59453,18/01/2019,06:56:47,15,0,27.3,1.1,39.4,39.3,2,1,1.00,CYCLE,S
IND,208,6592,59453,18/01/2019,06:56:50,15,0,23.8,1.0,3.2,3.1,2,1,1.00,CYCLE,S
IND,208,6592,59453,18/01/2019,06:57:15,15,0,22.9,1.1,24.5,24.3,2,1,1.00,CYCLE,S
IND,208,6592,59453,18/01/2019,06:57:24,15,0,31.7,1.1,9.3,9.1,2,1,1.00,CYCLE,S
IND,208,6592,59453,18/01/2019,06:57:30,15,0,22.8,1.0,6.6,6.4,2,1,1.00,CYCLE,S
IND,208,6592,59452,18/01/2019,06:57:41,15,1,32.2,1.0,78.2,77.9,2,1,1.00,CYCLE,N
IND,208,6592,59453,18/01/2019,06:57:45,15,0,29.9,1.0,14.9,14.7,2,1,1.00,CYCLE,S
IND,208,6592,59452,18/01/2019,06:57:59,15,1,26.0,1.0,18.6,18.5,2,1,1.00,CYCLE,N
IND,208,6592,59453,18/01/2019,06:58:11,15,0,30.2,1.0,25.2,25.0,2,1,1.00,CYCLE,S
IND,208,6592,59452,18/01/2019,06:58:13,15,1,20.0,1.1,13.8,13.7,2,1,1.00,CYCLE,N
IND,208,6592,59453,18/01/2019,06:58:14,15,0,27.5,1.0,3.4,3.3,2,1,1.00,CYCLE,S
IND,208,6592,59452,18/01/2019,06:58:17,15,1,20.7,1.1,3.8,3.6,2,1,1.00,CYCLE,N
IND,208,6592,59453,18/01/2019,06:58:35,15,0,30.1,1.0,21.4,21.3,2,1,1.00,CYCLE,S
IND,208,6592,59453,18/01/2019,06:58:54,15,0,33.5,1.0,19.0,18.9,2,1,1.00,CYCLE,S
IND,208,6592,59453,18/01/2019,06:58:59,15,0,33.1,1.0,4.3,4.2,2,1,1.00,CYCLE,S
IND,208,6592,59453,18/01/2019,06:59:01,15,0,24.7,1.0,2.5,2.4,2,1,1.00,CYCLE,S
IND,208,6592,59453,18/01/2019,06:59:02,15,0,26.1,1.0,0.8,0.7,2,1,1.00,CYCLE,S
IND,208,6592,59453,18/01/2019,06:59:05,15,0,27.2,1.0,3.4,3.2,2,1,1.00,CYCLE,S
IND,208,6592,59453,18/01/2019,06:59:06,15,0,37.2,1.0,0.3,0.1,2,1,1.00,CYCLE,S
IND,208,6592,59453,18/01/2019,06:59:06,15,0,29.0,1.1,0.4,0.3,2,1,1.00,CYCLE,S
IND,208,6592,59453,18/01/2019,06:59:07,15,0,30.0,1.0,1.3,1.2,2,1,1.00,CYCLE,S
IND,208,6592,59453,18/01/2019,06:59:08,15,0,24.5,1.0,1.0,0.9,2,1,1.00,CYCLE,S
IND,208,6592,59453,18/01/2019,06:59:11,15,0,31.0,1.1,2.8,2.6,2,1,1.00,CYCLE,S
IND,208,6592,59453,18/01/2019,06:59:14,15,0,24.8,1.0,3.2,3.1,2,1,1.00,CYCLE,S
IND,208,6592,59453,18/01/2019,06:59:16,15,0,31.5,1.1,1.5,1.3,2,1,1.00,CYCLE,S
IND,208,6592,59453,18/01/2019,06:59:16,15,0,24.0,1.0,0.2,0.1,2,1,1.00,CYCLE,S
IND,208,6592,59453,18/01/2019,06:59:18,15,0,23.3,1.0,1.6,1.5,2,1,1.00,CYCLE,S
IND,208,6592,59453,18/01/2019,06:59:19,15,0,24.4,1.1,1.0,0.9,2,1,1.00,CYCLE,S
IND,208,6592,59453,18/01/2019,06:59:20,15,0,23.5,1.1,1.6,1.4,2,1,1.00,CYCLE,S
IND,208,6592,59453,18/01/2019,06:59:36,15,0,31.8,1.0,16.0,15.9,2,1,1.00,CYCLE,S
IND,208,6592,59453,18/01/2019,06:59:38,15,0,31.5,1.0,1.7,1.9,2,1,0.80,CYCLE,S
IND,208,6592,59453,18/01/2019,06:59:41,15,0,23.5,1.0,2.7,2.3,2,1,1.00,CYCLE,S
IND,208,6592,59453,18/01/2019,06:59:41,15,0,23.9,1.0,0.7,0.5,2,1,1.00,CYCLE,S
IND,208,6592,59452,18/01/2019,06:59:42,15,1,29.1,1.0,31.0,30.4,2,1,1.00,CYCLE,N
IND,208,6592,59453,18/01/2019,06:59:50,15,0,33.4,1.1,8.6,8.5,2,1,1.00,CYCLE,S
IND,208,6592,59453,18/01/2019,06:59:59,15,0,25.1,1.0,8.5,8.4,2,1,1.00,CYCLE,S
IND,208,6592,59453,18/01/2019,07:00:05,15,0,29.9,1.1,6.7,6.5,2,1,1.00,CYCLE,S
IND,208,6592,59453,18/01/2019,07:00:18,15,0,30.0,1.0,13.2,13.1,2,1,1.00,CYCLE,S
IND,208,6592,59453,18/01/2019,07:00:19,15,0,28.1,1.0,0.9,0.7,2,1,1.00,CYCLE,S
IND,208,6592,59453,18/01/2019,07:00:51,15,0,31.3,1.0,31.5,31.4,2,1,1.00,CYCLE,S
IND,208,6592,59453,18/01/2019,07:00:52,15,0,28.6,1.0,0.8,0.7,2,1,1.00,CYCLE,S
IND,208,6592,59453,18/01/2019,07:00:58,15,0,22.0,1.1,6.4,6.3,2,1,1.00,CYCLE,S
IND,208,6592,59453,18/01/2019,07:01:02,15,0,21.2,1.0,3.7,3.5,2,1,1.00,CYCLE,S
IND,208,6592,59453,18/01/2019,07:01:02,15,0,21.2,1.0,0.0,0.0,2,1,1.00,CYCLE,S
IND,208,6592,59453,18/01/2019,07:01:08,15,0,19.0,1.1,6.5,6.3,2,1,1.00,CYCLE,S
IND,208,6592,59453,18/01/2019,07:01:17,15,0,31.2,1.0,8.6,8.3,2,1,1.00,CYCLE,S
IND,208,6592,59453,18/01/2019,07:01:37,15,0,18.3,1.1,19.8,19.7,2,1,1.00,CYCLE,S
IND,208,6592,59453,18/01/2019,07:01:47,15,0,26.4,1.1,10.4,10.2,2,1,1.00,CYCLE,S
IND,208,6592,59453,18/01/2019,07:01:52,15,0,25.9,1.0,4.8,4.6,2,1,1.00,CYCLE,S
IND,208,6592,59452,18/01/2019,07:01:54,15,1,24.4,1.1,131.8,131.6,2,1,1.00,CYCLE,N
IND,208,6592,59453,18/01/2019,07:02:10,15,0,27.0,1.1,18.7,18.5,2,1,1.00,CYCLE,S
IND,208,6592,59453,18/01/2019,07:02:13,15,0,33.5,1.1,2.8,2.6,2,1,1.00,CYCLE,S
IND,208,6592,59453,18/01/2019,07:02:39,15,0,31.3,1.0,26.3,26.2,2,1,1.00,CYCLE,S
IND,208,6592,59453,18/01/2019,07:02:43,15,0,29.7,1.0,3.1,3.0,2,1,1.00,CYCLE,S
IND,208,6592,59453,18/01/2019,07:02:49,15,0,26.0,1.0,6.4,6.2,2,1,1.00,CYCLE,S
IND,208,6592,59453,18/01/2019,07:02:54,15,0,21.3,1.1,5.1,5.0,2,1,1.00,CYCLE,S
IND,208,6592,59453,18/01/2019,07:02:55,15,0,28.2,1.0,0.7,0.5,2,1,1.00,CYCLE,S
IND,208,6592,59453,18/01/2019,07:02:56,15,0,24.2,1.0,1.5,1.4,2,1,1.00,CYCLE,S
IND,208,6592,59453,18/01/2019,07:02:57,15,0,23.4,1.1,1.2,1.1,2,1,1.00,CYCLE,S
IND,208,6592,59453,18/01/2019,07:02:59,15,0,27.1,1.0,1.4,1.3,2,1,1.00,CYCLE,S
IND,208,6592,59453,18/01/2019,07:03:01,15,0,22.9,1.0,1.8,1.7,2,1,1.00,CYCLE,S
IND,208,6592,59453,18/01/2019,07:03:01,15,0,30.2,1.1,0.3,0.1,2,1,1.00,CYCLE,S
IND,208,6592,59453,18/01/2019,07:03:02,15,0,22.5,1.1,0.8,0.6,2,1,1.00,CYCLE,S
IND,208,6592,59453,18/01/2019,07:03:03,15,0,21.1,0.9,1.5,1.3,2,1,1.00,CYCLE,S
IND,208,6592,59453,18/01/2019,07:03:04,15,0,24.0,1.0,1.1,0.9,2,1,1.00,CYCLE,S
IND,208,6592,59453,18/01/2019,07:03:05,15,0,24.8,1.0,0.8,0.7,2,1,1.00,CYCLE,S
IND,208,6592,59453,18/01/2019,07:03:05,15,0,31.6,1.0,0.4,0.2,2,1,0.50,CYCLE,S
IND,208,6592,59452,18/01/2019,07:03:05,15,1,31.6,1.0,0.0,0.0,2,1,0.50,CYCLE,N
IND,208,6592,59453,18/01/2019,07:03:07,15,0,21.6,1.0,1.1,0.8,2,1,1.00,CYCLE,S
IND,208,6592,59453,18/01/2019,07:03:08,15,0,28.8,1.1,0.9,0.8,2,1,1.00,CYCLE,S
IND,208,6592,59453,18/01/2019,07:03:09,15,0,21.2,1.1,1.1,1.0,2,1,1.00,CYCLE,S
IND,208,6592,59453,18/01/2019,07:03:09,15,0,25.7,1.0,0.9,0.7,2,1,1.00,CYCLE,S
IND,208,6592,59453,18/01/2019,07:03:10,15,0,25.3,1.0,0.6,0.5,2,1,1.00,CYCLE,S
IND,208,6592,59453,18/01/2019,07:03:12,15,0,23.9,1.0,1.6,1.4,2,1,1.00,CYCLE,S
IND,208,6592,59453,18/01/2019,07:03:12,15,0,21.7,1.0,0.5,0.3,2,1,1.00,CYCLE,S
IND,208,6592,59453,18/01/2019,07:03:14,15,0,23.1,1.1,1.7,1.6,2,1,1.00,CYCLE,S
IND,208,6592,59453,18/01/2019,07:03:37,15,0,32.3,1.0,23.5,23.3,2,1,1.00,CYCLE,S
IND,208,6592,59452,18/01/2019,07:03:46,15,1,28.0,1.0,112.2,112.1,2,1,1.00,CYCLE,N
IND,208,6592,59453,18/01/2019,07:03:56,15,0,30.2,1.0,18.4,18.2,2,1,1.00,CYCLE,S
IND,208,6592,59453,18/01/2019,07:03:58,15,0,32.2,1.0,2.8,2.7,2,1,1.00,CYCLE,S
IND,208,6592,59453,18/01/2019,07:04:00,15,0,28.0,1.0,1.4,1.3,2,1,1.00,CYCLE,S
IND,208,6592,59453,18/01/2019,07:04:02,15,0,27.9,1.0,2.6,2.4,2,1,1.00,CYCLE,S
IND,208,6592,59453,18/01/2019,07:04:06,15,0,28.1,1.0,3.2,3.1,2,1,1.00,CYCLE,S
IND,208,6592,59453,18/01/2019,07:04:07,15,0,34.2,1.0,0.9,0.8,2,1,1.00,CYCLE,S
IND,208,6592,59453,18/01/2019,07:04:07,15,0,29.1,1.0,0.7,0.6,2,1,1.00,CYCLE,S
IND,208,6592,59453,18/01/2019,07:04:08,15,0,28.6,1.1,0.8,0.6,2,1,1.00,CYCLE,S
IND,208,6592,59453,18/01/2019,07:04:13,15,0,26.0,1.1,5.1,5.0,2,1,1.00,CYCLE,S
IND,208,6592,59453,18/01/2019,07:04:16,15,0,28.7,1.0,2.8,2.6,2,1,1.00,CYCLE,S
IND,208,6592,59453,18/01/2019,07:04:44,15,0,28.0,1.0,28.5,28.3,2,1,1.00,CYCLE,S
IND,208,6592,59453,18/01/2019,07:04:44,15,0,28.0,1.0,0.0,0.0,2,1,1.00,CYCLE,S
IND,208,6592,59453,18/01/2019,07:04:44,15,0,28.0,1.0,0.0,0.0,2,1,1.00,CYCLE,S
IND,208,6592,59453,18/01/2019,07:04:47,15,0,28.9,1.0,2.3,1.7,2,1,1.00,CYCLE,S
IND,208,6592,59453,18/01/2019,07:04:48,15,0,32.0,1.1,1.3,1.2,2,1,1.00,CYCLE,S
IND,208,6592,59453,18/01/2019,07:04:51,15,0,32.9,1.1,3.3,3.2,2,1,1.00,CYCLE,S
IND,208,6592,59453,18/01/2019,07:04:52,15,0,25.4,1.0,0.8,0.6,2,1,1.00,CYCLE,S
IND,208,6592,59453,18/01/2019,07:04:54,15,0,25.0,1.0,1.4,1.2,2,1,0.50,CYCLE,S
IND,208,6592,59452,18/01/2019,07:04:54,15,1,25.0,1.0,0.0,0.0,2,1,0.50,CYCLE,N
IND,208,6592,59453,18/01/2019,07:04:57,15,0,22.8,1.1,4.0,3.7,2,1,1.00,CYCLE,S
IND,208,6592,59453,18/01/2019,07:05:04,15,0,18.6,1.0,6.7,6.5,2,1,1.00,CYCLE,S
IND,208,6592,59453,18/01/2019,07:05:21,15,0,27.7,1.0,16.8,16.6,2,1,1.00,CYCLE,S
IND,208,6592,59453,18/01/2019,07:05:25,15,0,23.5,1.1,4.3,4.2,2,1,1.00,CYCLE,S
IND,208,6592,59453,18/01/2019,07:05:27,15,0,27.9,1.0,1.3,1.2,2,1,1.00,CYCLE,S
IND,208,6592,59453,18/01/2019,07:05:28,15,0,27.7,1.1,1.6,1.4,2,1,1.00,CYCLE,S
IND,208,6592,59453,18/01/2019,07:05:29,15,0,23.4,1.0,0.5,0.4,2,1,1.00,CYCLE,S
IND,208,6592,59453,18/01/2019,07:05:32,15,0,23.7,1.0,2.9,2.8,2,1,1.00,CYCLE,S
IND,208,6592,59453,18/01/2019,07:05:32,15,0,24.0,1.1,0.6,0.4,2,1,1.00,CYCLE,S
IND,208,6592,59453,18/01/2019,07:05:33,15,0,25.0,1.0,0.9,0.8,2,1,1.00,CYCLE,S
IND,208,6592,59452,18/01/2019,07:05:56,15,1,26.0,1.1,129.8,129.7,2,1,1.00,CYCLE,N
IND,208,6592,59453,18/01/2019,07:06:33,15,0,33.1,1.0,60.3,60.1,2,1,1.00,CYCLE,S
IND,208,6592,59453,18/01/2019,07:06:54,15,0,34.8,1.0,21.1,21.0,2,1,1.00,CYCLE,S
IND,208,6592,59453,18/01/2019,07:07:00,15,0,28.4,1.0,5.5,5.4,2,1,1.00,CYCLE,S
IND,208,6592,59453,18/01/2019,07:07:00,15,0,27.2,1.1,0.3,0.2,2,1,1.00,CYCLE,S
IND,208,6592,59453,18/01/2019,07:07:02,15,0,26.9,1.0,1.4,1.3,2,1,1.00,CYCLE,S
IND,208,6592,59453,18/01/2019,07:07:03,15,0,31.3,1.0,1.0,0.9,2,1,1.00,CYCLE,S
IND,208,6592,59453,18/01/2019,07:07:04,15,0,26.9,1.0,1.0,0.9,2,1,1.00,CYCLE,S
IND,208,6592,59453,18/01/2019,07:07:05,15,0,23.7,1.1,1.0,0.9,2,1,1.00,CYCLE,S
IND,208,6592,59453,18/01/2019,07:07:05,15,0,29.2,1.1,0.6,0.4,2,1,1.00,CYCLE,S
IND,208,6592,59453,18/01/2019,07:07:06,15,0,24.4,1.1,1.0,0.8,2,1,1.00,CYCLE,S
IND,208,6592,59453,18/01/2019,07:07:07,15,0,25.5,1.0,0.8,0.6,2,1,1.00,CYCLE,S
IND,208,6592,59453,18/01/2019,07:07:07,15,0,27.6,1.0,0.3,0.1,2,1,1.00,CYCLE,S
IND,208,6592,59453,18/01/2019,07:07:09,15,0,27.6,1.0,1.3,1.2,2,1,1.00,CYCLE,S
IND,208,6592,59453,18/01/2019,07:07:10,15,0,28.3,1.0,1.0,0.8,2,1,1.00,CYCLE,S
IND,208,6592,59453,18/01/2019,07:07:11,15,0,27.7,1.0,1.3,1.2,2,1,1.00,CYCLE,S
IND,208,6592,59453,18/01/2019,07:07:15,15,0,22.1,1.1,4.4,4.3,2,1,1.00,CYCLE,S
IND,208,6592,59453,18/01/2019,07:07:20,15,0,17.7,1.0,4.3,4.1,2,1,1.00,CYCLE,S
IND,208,6592,59453,18/01/2019,07:07:32,15,0,31.3,1.0,11.9,11.7,2,1,1.00,CYCLE,S
IND,208,6592,59453,18/01/2019,07:07:37,15,0,29.3,1.1,5.1,5.0,2,1,1.00,CYCLE,S
IND,208,6592,59453,18/01/2019,07:07:38,15,0,25.7,1.0,1.5,1.4,2,1,1.00,CYCLE,S
IND,208,6592,59453,18/01/2019,07:07:40,15,0,28.1,1.0,1.7,1.6,2,1,1.00,CYCLE,S
IND,208,6592,59453,18/01/2019,07:07:46,15,0,32.6,1.0,5.7,5.6,2,1,1.00,CYCLE,S
IND,208,6592,59453,18/01/2019,07:07:47,15,0,33.4,1.0,1.1,1.0,2,1,1.00,CYCLE,S
IND,208,6592,59453,18/01/2019,07:07:48,15,0,32.7,1.0,0.9,0.7,2,1,1.00,CYCLE,S
IND,208,6592,59453,18/01/2019,07:07:49,15,0,24.7,1.1,1.2,1.0,2,1,1.00,CYCLE,S
IND,208,6592,59453,18/01/2019,07:07:50,15,0,25.4,1.0,0.9,0.7,2,1,1.00,CYCLE,S
IND,208,6592,59453,18/01/2019,07:07:51,15,0,31.6,1.1,1.1,1.0,2,1,1.00,CYCLE,S
IND,208,6592,59453,18/01/2019,07:07:51,15,0,23.6,1.1,0.4,0.3,2,1,1.00,CYCLE,S
IND,208,6592,59453,18/01/2019,07:07:54,15,0,25.8,1.1,3.0,2.8,2,1,1.00,CYCLE,S
IND,208,6592,59453,18/01/2019,07:08:02,15,0,26.1,1.0,7.5,7.3,2,1,1.00,CYCLE,S
IND,208,6592,59453,18/01/2019,07:08:09,15,0,25.4,1.1,7.4,7.3,2,1,1.00,CYCLE,S
IND,208,6592,59453,18/01/2019,07:08:19,15,0,21.3,1.1,9.5,9.4,2,1,1.00,CYCLE,S
IND,208,6592,59453,18/01/2019,07:08:42,15,0,30.3,1.0,23.8,23.7,2,1,1.00,CYCLE,S
IND,208,6592,59453,18/01/2019,07:08:43,15,0,32.5,1.0,0.5,0.4,2,1,1.00,CYCLE,S
IND,208,6592,59453,18/01/2019,07:08:44,15,0,33.4,1.0,0.9,0.8,2,1,1.00,CYCLE,S
IND,208,6592,59453,18/01/2019,07:08:47,15,0,28.9,1.0,2.8,2.6,2,1,1.00,CYCLE,S
IND,208,6592,59453,18/01/2019,07:08:48,15,0,31.0,1.0,1.4,1.2,2,1,1.00,CYCLE,S
IND,208,6592,59453,18/01/2019,07:08:52,15,0,30.2,1.0,3.9,3.7,2,1,1.00,CYCLE,S
IND,208,6592,59453,18/01/2019,07:08:52,15,0,26.6,1.0,0.6,0.5,2,1,1.00,CYCLE,S
IND,208,6592,59453,18/01/2019,07:08:55,15,0,24.5,1.1,2.4,2.3,2,1,1.00,CYCLE,S
IND,208,6592,59453,18/01/2019,07:08:59,15,0,23.8,1.1,4.2,4.0,2,1,1.00,CYCLE,S
IND,208,6592,59453,18/01/2019,07:09:00,15,0,22.4,1.1,0.4,0.3,2,1,1.00,CYCLE,S
IND,208,6592,59453,18/01/2019,07:09:15,15,0,33.7,1.1,15.6,15.4,2,1,1.00,CYCLE,S
IND,208,6592,59453,18/01/2019,07:09:17,15,0,28.4,1.1,1.6,1.5,2,1,1.00,CYCLE,S
IND,208,6592,59453,18/01/2019,07:09:19,15,0,28.2,1.0,2.0,1.9,2,1,1.00,CYCLE,S
IND,208,6592,59453,18/01/2019,07:09:52,15,0,26.2,1.0,33.2,33.1,2,1,1.00,CYCLE,S
IND,208,6592,59453,18/01/2019,07:09:58,15,0,23.3,1.1,6.4,6.3,2,1,1.00,CYCLE,S
IND,208,6592,59453,18/01/2019,07:10:00,15,0,28.2,1.0,1.6,1.4,2,1,1.00,CYCLE,S
IND,208,6592,59453,18/01/2019,07:10:03,15,0,25.0,1.0,3.4,3.2,2,1,1.00,CYCLE,S
IND,208,6592,59453,18/01/2019,07:10:16,15,0,24.4,1.0,13.0,12.9,2,1,1.00,CYCLE,S
IND,208,6592,59453,18/01/2019,07:10:47,15,0,22.8,1.0,30.5,30.4,2,1,1.00,CYCLE,S
IND,208,6592,59453,18/01/2019,07:10:51,15,0,30.7,1.0,4.4,4.2,2,1,1.00,CYCLE,S
IND,208,6592,59453,18/01/2019,07:10:52,15,0,30.5,1.0,1.2,1.0,2,1,1.00,CYCLE,S
IND,208,6592,59453,18/01/2019,07:10:54,15,0,26.0,1.0,1.5,1.4,2,1,1.00,CYCLE,S
IND,208,6592,59453,18/01/2019,07:10:55,15,0,20.3,1.1,0.9,0.7,2,1,1.00,CYCLE,S
IND,208,6592,59453,18/01/2019,07:10:56,15,0,20.2,1.0,1.4,1.2,2,1,1.00,CYCLE,S
IND,208,6592,59453,18/01/2019,07:11:44,15,0,23.5,1.0,47.5,47.3,2,1,1.00,CYCLE,S
IND,208,6592,59453,18/01/2019,07:11:47,15,0,23.3,1.1,2.9,2.7,2,1,1.00,CYCLE,S
IND,208,6592,59453,18/01/2019,07:12:05,15,0,28.4,1.1,18.3,18.1,2,1,1.00,CYCLE,S
IND,208,6592,59453,18/01/2019,07:12:07,15,0,32.9,1.0,2.4,2.2,2,1,1.00,CYCLE,S
IND,208,6592,59453,18/01/2019,07:12:45,15,0,27.6,1.0,37.5,37.4,2,1,1.00,CYCLE,S
IND,208,6592,59453,18/01/2019,07:12:45,15,0,33.0,1.0,0.3,0.2,2,1,1.00,CYCLE,S
IND,208,6592,59453,18/01/2019,07:12:46,15,0,26.5,1.1,1.3,1.2,2,1,1.00,CYCLE,S
IND,208,6592,59453,18/01/2019,07:12:47,15,0,28.6,1.0,0.5,0.3,2,1,1.00,CYCLE,S
IND,208,6592,59453,18/01/2019,07:12:49,15,0,27.0,1.0,2.4,2.2,2,1,1.00,CYCLE,S
IND,208,6592,59453,18/01/2019,07:12:56,15,0,24.9,1.0,6.7,6.5,2,1,1.00,CYCLE,S
IND,208,6592,59453,18/01/2019,07:12:59,15,0,21.6,1.0,3.1,2.9,2,1,1.00,CYCLE,S
IND,208,6592,59453,18/01/2019,07:13:25,15,0,29.1,1.0,25.9,25.7,2,1,1.00,CYCLE,S
IND,208,6592,59453,18/01/2019,07:13:28,15,0,30.4,1.0,3.2,3.1,2,1,1.00,CYCLE,S
IND,208,6592,59453,18/01/2019,07:13:30,15,0,28.7,1.1,2.0,1.9,2,1,1.00,CYCLE,S
IND,208,6592,59453,18/01/2019,07:13:30,15,0,28.3,1.0,0.5,0.4,2,1,1.00,CYCLE,S
IND,208,6592,59453,18/01/2019,07:13:33,15,0,23.8,1.1,3.0,2.9,2,1,1.00,CYCLE,S
IND,208,6592,59453,18/01/2019,07:13:41,15,0,36.0,1.0,7.7,7.6,2,1,1.00,CYCLE,S
IND,208,6592,59453,18/01/2019,07:13:51,15,0,33.3,1.0,9.6,9.5,2,1,1.00,CYCLE,S
IND,208,6592,59453,18/01/2019,07:13:55,15,0,30.6,1.0,4.6,4.5,2,1,1.00,CYCLE,S
IND,208,6592,59453,18/01/2019,07:13:58,15,0,23.1,1.0,2.2,2.1,2,1,1.00,CYCLE,S
IND,208,6592,59452,18/01/2019,07:14:25,15,1,18.0,1.1,60.0,59.2,2,1,1.00,CYCLE,N
IND,208,6592,59453,18/01/2019,07:14:41,15,0,33.6,1.1,43.0,42.9,2,1,1.00,CYCLE,S
IND,208,6592,59453,18/01/2019,07:14:45,15,0,28.7,1.1,4.6,4.5,2,1,1.00,CYCLE,S
IND,208,6592,59453,18/01/2019,07:14:45,15,0,32.3,1.1,0.3,0.1,2,1,1.00,CYCLE,S
IND,208,6592,59453,18/01/2019,07:14:49,15,0,25.8,1.0,3.9,3.8,2,1,1.00,CYCLE,S
IND,208,6592,59453,18/01/2019,07:14:58,15,0,21.1,1.0,8.9,8.7,2,1,1.00,CYCLE,S
IND,208,6592,59453,18/01/2019,07:15:20,15,0,25.7,1.1,21.8,21.7,2,1,1.00,CYCLE,S
IND,208,6592,59453,18/01/2019,07:15:23,15,0,27.2,1.0,2.6,2.5,2,1,1.00,CYCLE,S
IND,208,6592,59453,18/01/2019,07:15:33,15,0,20.5,1.1,10.1,9.9,2,1,1.00,CYCLE,S
IND,208,6592,59453,18/01/2019,07:15:36,15,0,18.9,1.0,3.1,3.0,2,1,1.00,CYCLE,S
IND,208,6592,59453,18/01/2019,07:16:12,15,0,29.0,1.0,36.3,36.1,2,1,1.00,CYCLE,S
IND,208,6592,59453,18/01/2019,07:16:13,15,0,26.7,1.0,0.8,0.7,2,1,1.00,CYCLE,S
IND,208,6592,59453,18/01/2019,07:16:14,15,0,26.3,1.0,0.6,0.4,2,1,1.00,CYCLE,S
IND,208,6592,59453,18/01/2019,07:16:14,15,0,25.6,1.0,0.3,0.2,2,1,1.00,CYCLE,S
IND,208,6592,59452,18/01/2019,07:16:15,15,1,19.4,1.0,109.5,109.3,2,1,1.00,CYCLE,N
IND,208,6592,59453,18/01/2019,07:16:20,15,0,30.3,0.9,5.8,5.7,2,1,1.00,CYCLE,S
IND,208,6592,59453,18/01/2019,07:16:24,15,0,23.3,1.1,4.5,4.4,2,1,1.00,CYCLE,S
IND,208,6592,59453,18/01/2019,07:16:40,15,0,34.8,1.0,16.1,15.9,2,1,1.00,CYCLE,S
IND,208,6592,59453,18/01/2019,07:16:41,15,0,35.2,1.1,0.4,0.3,2,1,1.00,CYCLE,S
IND,208,6592,59453,18/01/2019,07:16:44,15,0,29.1,1.0,3.6,3.5,2,1,1.00,CYCLE,S
IND,208,6592,59453,18/01/2019,07:16:48,15,0,35.7,1.0,3.3,3.1,2,1,1.00,CYCLE,S
IND,208,6592,59453,18/01/2019,07:16:48,15,0,26.4,1.1,0.5,0.4,2,1,1.00,CYCLE,S
IND,208,6592,59453,18/01/2019,07:16:49,15,0,24.4,1.1,1.1,1.0,2,1,1.00,CYCLE,S
IND,208,6592,59453,18/01/2019,07:16:55,15,0,31.1,1.0,5.4,5.3,2,1,1.00,CYCLE,S
IND,208,6592,59453,18/01/2019,07:16:56,15,0,20.7,1.1,1.5,1.4,2,1,1.00,CYCLE,S
IND,208,6592,59453,18/01/2019,07:17:00,15,0,21.6,1.0,3.5,3.3,2,1,1.00,CYCLE,S
IND,208,6592,59453,18/01/2019,07:17:00,15,0,21.8,1.1,0.9,0.7,2,1,1.00,CYCLE,S
IND,208,6592,59453,18/01/2019,07:17:03,15,0,19.0,1.0,2.5,2.3,2,1,1.00,CYCLE,S
IND,208,6592,59453,18/01/2019,07:17:29,15,0,36.4,1.0,26.1,25.9,2,1,1.00,CYCLE,S
IND,208,6592,59453,18/01/2019,07:17:30,15,0,24.8,1.0,1.0,0.9,2,1,1.00,CYCLE,S
IND,208,6592,59453,18/01/2019,07:17:33,15,0,26.6,1.1,3.3,3.2,2,1,1.00,CYCLE,S
IND,208,6592,59453,18/01/2019,07:17:36,15,0,27.7,1.0,2.1,2.0,2,1,1.00,CYCLE,S
IND,208,6592,59453,18/01/2019,07:17:37,15,0,20.9,1.1,1.6,1.4,2,1,1.00,CYCLE,S
IND,208,6592,59453,18/01/2019,07:17:37,15,0,20.5,1.1,0.4,0.2,2,1,1.00,CYCLE,S
IND,208,6592,59452,18/01/2019,07:18:00,15,1,31.8,1.1,104.9,104.7,2,1,1.00,CYCLE,N
IND,208,6592,59452,18/01/2019,07:18:03,15,1,31.4,1.0,2.8,2.7,2,1,1.00,CYCLE,N
IND,208,6592,59453,18/01/2019,07:19:05,15,0,26.2,1.0,87.1,86.9,2,1,1.00,CYCLE,S
IND,208,6592,59453,18/01/2019,07:19:07,15,0,25.2,1.1,2.1,1.9,2,1,1.00,CYCLE,S
IND,208,6592,59453,18/01/2019,07:19:07,15,0,31.2,1.0,0.5,0.4,2,1,0.50,CYCLE,S
IND,208,6592,59452,18/01/2019,07:19:07,15,1,31.2,1.0,0.0,0.0,2,1,0.50,CYCLE,N
IND,208,6592,59453,18/01/2019,07:19:10,15,0,24.7,1.1,3.0,2.7,2,1,1.00,CYCLE,S
IND,208,6592,59453,18/01/2019,07:19:11,15,0,24.1,1.0,0.7,0.5,2,1,1.00,CYCLE,S
IND,208,6592,59453,18/01/2019,07:19:14,15,0,23.6,1.0,3.1,2.9,2,1,1.00,CYCLE,S
IND,208,6592,59453,18/01/2019,07:19:15,15,0,21.3,1.1,1.5,1.4,2,1,1.00,CYCLE,S
IND,208,6592,59453,18/01/2019,07:19:22,15,0,27.0,1.0,6.4,6.2,2,1,1.00,CYCLE,S
IND,208,6592,59453,18/01/2019,07:19:34,15,0,34.7,1.0,12.2,12.1,2,1,1.00,CYCLE,S
IND,208,6592,59453,18/01/2019,07:19:35,15,0,35.8,1.0,1.1,1.0,2,1,1.00,CYCLE,S
IND,208,6592,59453,18/01/2019,07:19:36,15,0,38.2,1.1,0.8,0.7,2,1,1.00,CYCLE,S
IND,208,6592,59453,18/01/2019,07:19:39,15,0,26.5,1.0,3.0,2.9,2,1,1.00,CYCLE,S
IND,208,6592,59453,18/01/2019,07:19:41,15,0,27.9,1.0,1.7,1.6,2,1,1.00,CYCLE,S
IND,208,6592,59453,18/01/2019,07:19:43,15,0,27.2,1.0,2.1,2.0,2,1,1.00,CYCLE,S
IND,208,6592,59453,18/01/2019,07:19:44,15,0,30.1,1.1,1.0,0.9,2,1,1.00,CYCLE,S
IND,208,6592,59453,18/01/2019,07:19:45,15,0,35.7,1.1,1.0,0.8,2,1,1.00,CYCLE,S
IND,208,6592,59453,18/01/2019,07:19:46,15,0,33.0,1.1,0.8,0.7,2,1,1.00,CYCLE,S
IND,208,6592,59453,18/01/2019,07:19:46,15,0,25.2,1.1,0.6,0.5,2,1,1.00,CYCLE,S
IND,208,6592,59453,18/01/2019,07:19:47,15,0,25.3,1.0,0.7,0.6,2,1,1.00,CYCLE,S
IND,208,6592,59453,18/01/2019,07:19:47,15,0,26.6,1.0,0.5,0.3,2,1,1.00,CYCLE,S
IND,208,6592,59453,18/01/2019,07:19:51,15,0,22.3,1.1,3.3,3.2,2,1,1.00,CYCLE,S
IND,208,6592,59453,18/01/2019,07:19:51,15,0,22.9,1.1,0.4,0.2,2,1,1.00,CYCLE,S
IND,208,6592,59452,18/01/2019,07:19:52,15,1,26.3,1.0,108.9,108.8,2,1,1.00,CYCLE,N
IND,208,6592,59453,18/01/2019,07:19:53,15,0,21.2,1.0,1.6,1.4,2,1,1.00,CYCLE,S
IND,208,6592,59452,18/01/2019,07:19:58,15,1,28.8,1.0,5.9,5.7,2,1,1.00,CYCLE,N
IND,208,6592,59453,18/01/2019,07:19:58,15,0,34.6,1.0,5.5,5.3,2,1,1.00,CYCLE,S
IND,208,6592,59453,18/01/2019,07:20:00,15,0,21.4,1.1,1.8,1.7,2,1,1.00,CYCLE,S
IND,208,6592,59453,18/01/2019,07:20:43,15,0,25.3,1.1,43.2,43.0,2,1,1.00,CYCLE,S
IND,208,6592,59453,18/01/2019,07:20:46,15,0,28.0,1.0,2.6,2.4,2,1,1.00,CYCLE,S
IND,208,6592,59453,18/01/2019,07:20:46,15,0,28.0,1.0,0.0,0.0,2,1,1.00,CYCLE,S
IND,208,6592,59453,18/01/2019,07:20:48,15,0,27.2,1.0,2.6,2.4,2,1,1.00,CYCLE,S
IND,208,6592,59453,18/01/2019,07:20:49,15,0,27.6,1.0,0.6,0.5,2,1,1.00,CYCLE,S
IND,208,6592,59453,18/01/2019,07:20:50,15,0,26.0,1.0,1.0,0.8,2,1,1.00,CYCLE,S
IND,208,6592,59453,18/01/2019,07:20:51,15,0,25.1,1.0,1.4,1.2,2,1,1.00,CYCLE,S
IND,208,6592,59453,18/01/2019,07:20:53,15,0,25.5,1.1,1.4,1.2,2,1,1.00,CYCLE,S
IND,208,6592,59453,18/01/2019,07:20:53,15,0,25.8,1.0,0.6,0.5,2,1,1.00,CYCLE,S
IND,208,6592,59453,18/01/2019,07:20:56,15,0,25.9,1.0,2.2,2.1,2,1,1.00,CYCLE,S
IND,208,6592,59453,18/01/2019,07:21:02,15,0,19.7,1.1,6.9,6.7,2,1,1.00,CYCLE,S
IND,208,6592,59453,18/01/2019,07:21:29,15,0,27.0,1.1,26.6,26.4,2,1,1.00,CYCLE,S
IND,208,6592,59453,18/01/2019,07:21:32,15,0,31.8,1.1,2.5,2.4,2,1,1.00,CYCLE,S
IND,208,6592,59453,18/01/2019,07:21:32,15,0,27.8,1.0,0.9,0.8,2,1,1.00,CYCLE,S
IND,208,6592,59453,18/01/2019,07:21:34,15,0,27.2,1.1,1.7,1.6,2,1,1.00,CYCLE,S
IND,208,6592,59453,18/01/2019,07:21:49,15,0,30.4,1.0,15.1,14.9,2,1,1.00,CYCLE,S
IND,208,6592,59452,18/01/2019,07:22:03,15,1,23.9,1.0,125.0,124.9,2,1,1.00,CYCLE,N
IND,208,6592,59453,18/01/2019,07:22:09,15,0,26.2,1.0,19.4,19.3,2,1,1.00,CYCLE,S
IND,208,6592,59453,18/01/2019,07:22:15,15,0,26.7,1.1,6.3,6.1,2,1,1.00,CYCLE,S
IND,208,6592,59453,18/01/2019,07:22:21,15,0,23.7,1.0,5.6,5.5,2,1,1.00,CYCLE,S
IND,208,6592,59452,18/01/2019,07:22:22,15,1,21.6,1.0,19.1,18.9,2,1,1.00,CYCLE,N
IND,208,6592,59453,18/01/2019,07:22:32,15,0,16.9,1.0,11.5,11.4,2,1,1.00,CYCLE,S
IND,208,6592,59453,18/01/2019,07:22:40,15,0,32.4,1.1,7.7,7.5,2,1,1.00,CYCLE,S
IND,208,6592,59453,18/01/2019,07:22:47,15,0,30.6,1.1,7.1,6.9,2,1,1.00,CYCLE,S
IND,208,6592,59453,18/01/2019,07:22:47,15,0,26.1,1.0,0.5,0.4,2,1,1.00,CYCLE,S
IND,208,6592,59453,18/01/2019,07:22:51,15,0,26.9,1.1,3.8,3.7,2,1,1.00,CYCLE,S
IND,208,6592,59453,18/01/2019,07:22:52,15,0,22.1,1.1,1.2,1.1,2,1,1.00,CYCLE,S
IND,208,6592,59453,18/01/2019,07:22:54,15,0,24.7,1.0,1.8,1.6,2,1,1.00,CYCLE,S
IND,208,6592,59453,18/01/2019,07:22:55,15,0,24.3,1.0,0.9,0.7,2,1,1.00,CYCLE,S
IND,208,6592,59453,18/01/2019,07:22:56,15,0,22.3,1.1,0.8,0.7,2,1,1.00,CYCLE,S
IND,208,6592,59453,18/01/2019,07:22:57,15,0,24.6,1.0,0.9,0.7,2,1,1.00,CYCLE,S
IND,208,6592,59453,18/01/2019,07:22:57,15,0,22.3,1.1,0.3,0.2,2,1,1.00,CYCLE,S
IND,208,6592,59453,18/01/2019,07:22:58,15,0,24.7,1.1,1.3,1.1,2,1,1.00,CYCLE,S
IND,208,6592,59453,18/01/2019,07:23:06,15,0,19.2,1.0,7.3,7.1,2,1,0.86,CYCLE,S
IND,208,6592,59453,18/01/2019,07:23:09,15,0,18.2,1.1,3.4,2.9,2,1,1.00,CYCLE,S
IND,208,6592,59453,18/01/2019,07:23:30,15,0,25.8,1.0,20.7,20.5,2,1,1.00,CYCLE,S
IND,208,6592,59453,18/01/2019,07:23:36,15,0,22.6,1.1,6.3,6.2,2,1,1.00,CYCLE,S
IND,208,6592,59453,18/01/2019,07:23:58,15,0,31.0,1.0,22.3,22.1,2,1,1.00,CYCLE,S
IND,208,6592,59453,18/01/2019,07:24:10,15,0,32.3,1.1,11.7,11.6,2,1,1.00,CYCLE,S
IND,208,6592,59453,18/01/2019,07:24:14,15,0,26.3,1.1,4.0,3.9,2,1,1.00,CYCLE,S
IND,208,6592,59453,18/01/2019,07:24:15,15,0,27.1,1.1,0.7,0.6,2,1,1.00,CYCLE,S
IND,208,6592,59452,18/01/2019,07:24:16,15,1,20.2,1.0,114.0,113.8,2,1,1.00,CYCLE,N
IND,208,6592,59453,18/01/2019,07:24:16,15,0,23.7,1.0,1.7,1.5,2,1,1.00,CYCLE,S
IND,208,6592,59453,18/01/2019,07:24:16,15,0,23.7,1.0,0.0,0.0,2,1,1.00,CYCLE,S
IND,208,6592,59453,18/01/2019,07:24:25,15,0,22.6,1.0,9.0,8.7,2,1,1.00,CYCLE,S
IND,208,6592,59453,18/01/2019,07:24:29,15,0,27.0,1.1,3.3,3.2,2,1,1.00,CYCLE,S
IND,208,6592,59453,18/01/2019,07:24:43,15,0,29.3,1.0,14.0,13.8,2,1,1.00,CYCLE,S
IND,208,6592,59453,18/01/2019,07:24:44,15,0,30.3,1.1,1.0,0.9,2,1,1.00,CYCLE,S
IND,208,6592,59453,18/01/2019,07:24:44,15,0,31.8,1.0,0.5,0.3,2,1,1.00,CYCLE,S
IND,208,6592,59453,18/01/2019,07:24:49,15,0,24.4,1.1,4.8,4.7,2,1,1.00,CYCLE,S
IND,208,6592,59453,18/01/2019,07:24:50,15,0,25.4,1.0,1.4,1.3,2,1,1.00,CYCLE,S
IND,208,6592,59453,18/01/2019,07:24:55,15,0,26.8,1.1,4.4,4.3,2,1,1.00,CYCLE,S
IND,208,6592,59453,18/01/2019,07:24:55,15,0,22.2,1.1,0.4,0.3,2,1,1.00,CYCLE,S
IND,208,6592,59453,18/01/2019,07:24:58,15,0,32.5,1.1,2.4,2.2,2,1,1.00,CYCLE,S
IND,208,6592,59453,18/01/2019,07:24:58,15,0,27.4,1.1,0.4,0.2,2,1,1.00,CYCLE,S
IND,208,6592,59453,18/01/2019,07:25:00,15,0,18.3,1.0,2.3,2.1,2,1,1.00,CYCLE,S
IND,208,6592,59453,18/01/2019,07:25:02,15,0,20.9,1.1,2.0,1.8,2,1,1.00,CYCLE,S
IND,208,6592,59453,18/01/2019,07:25:19,15,0,10.8,1.0,16.8,16.6,2,1,1.00,CYCLE,S
IND,208,6592,59453,18/01/2019,07:25:30,15,0,20.9,1.0,10.6,10.2,2,1,0.50,CYCLE,S
IND,208,6592,59452,18/01/2019,07:25:30,15,1,20.9,1.0,0.0,0.0,2,1,0.50,CYCLE,N
IND,208,6592,59452,18/01/2019,07:25:46,15,1,30.2,1.0,90.1,89.9,2,1,1.00,CYCLE,N
IND,208,6592,59453,18/01/2019,07:25:53,15,0,31.5,1.0,23.1,22.9,2,1,1.00,CYCLE,S
IND,208,6592,59453,18/01/2019,07:26:01,15,0,24.9,1.0,8.8,8.6,2,1,1.00,CYCLE,S
IND,208,6592,59453,18/01/2019,07:26:02,15,0,25.2,1.1,0.7,0.6,2,1,1.00,CYCLE,S
IND,208,6592,59452,18/01/2019,07:26:11,15,1,22.4,1.1,24.9,24.7,2,1,1.00,CYCLE,N
IND,208,6592,59453,18/01/2019,07:26:15,15,0,29.1,1.1,12.9,12.7,2,1,1.00,CYCLE,S
IND,208,6592,59453,18/01/2019,07:26:17,15,0,31.7,1.0,1.7,1.6,2,1,1.00,CYCLE,S
IND,208,6592,59453,18/01/2019,07:26:27,15,0,28.1,1.1,9.8,9.7,2,1,1.00,CYCLE,S
IND,208,6592,59453,18/01/2019,07:26:40,15,0,29.3,1.0,13.3,13.1,2,1,1.00,CYCLE,S
IND,208,6592,59453,18/01/2019,07:26:49,15,0,30.6,1.1,8.8,8.7,2,1,1.00,CYCLE,S
IND,208,6592,59453,18/01/2019,07:26:49,15,0,26.7,1.1,0.9,0.7,2,1,1.00,CYCLE,S
IND,208,6592,59453,18/01/2019,07:26:52,15,0,22.3,1.0,2.3,2.2,2,1,1.00,CYCLE,S
IND,208,6592,59453,18/01/2019,07:26:52,15,0,23.6,1.0,0.6,0.4,2,1,1.00,CYCLE,S
IND,208,6592,59453,18/01/2019,07:26:54,15,0,24.4,1.1,1.4,1.2,2,1,1.00,CYCLE,S
IND,208,6592,59453,18/01/2019,07:26:55,15,0,23.6,1.1,0.9,0.7,2,1,1.00,CYCLE,S
IND,208,6592,59453,18/01/2019,07:26:56,15,0,22.6,1.0,1.0,0.9,2,1,1.00,CYCLE,S
IND,208,6592,59453,18/01/2019,07:26:57,15,0,24.8,1.0,1.4,1.2,2,1,1.00,CYCLE,S
IND,208,6592,59453,18/01/2019,07:26:57,15,0,24.8,1.0,0.4,0.2,2,1,1.00,CYCLE,S
IND,208,6592,59453,18/01/2019,07:26:59,15,0,22.1,1.0,1.3,1.1,2,1,1.00,CYCLE,S
IND,208,6592,59453,18/01/2019,07:27:00,15,0,28.9,1.1,1.3,1.1,2,1,1.00,CYCLE,S
IND,208,6592,59453,18/01/2019,07:27:00,15,0,25.4,1.1,0.4,0.3,2,1,1.00,CYCLE,S
IND,208,6592,59453,18/01/2019,07:27:01,15,0,22.8,1.0,0.9,0.7,2,1,1.00,CYCLE,S
IND,208,6592,59453,18/01/2019,07:27:04,15,0,20.9,1.0,2.5,2.4,2,1,1.00,CYCLE,S
IND,208,6592,59453,18/01/2019,07:27:26,15,0,24.9,1.1,21.8,21.6,2,1,1.00,CYCLE,S
IND,208,6592,59453,18/01/2019,07:27:31,15,0,29.7,1.0,5.1,5.0,2,1,1.00,CYCLE,S
IND,208,6592,59453,18/01/2019,07:27:31,15,0,32.7,1.0,0.7,0.6,2,1,1.00,CYCLE,S
IND,208,6592,59452,18/01/2019,07:28:00,15,1,22.5,1.0,109.4,109.2,2,1,1.00,CYCLE,N
IND,208,6592,59453,18/01/2019,07:28:02,15,0,25.0,1.0,30.9,30.7,2,1,1.00,CYCLE,S
IND,208,6592,59452,18/01/2019,07:28:08,15,1,21.4,1.1,8.3,8.2,2,1,1.00,CYCLE,N
IND,208,6592,59453,18/01/2019,07:28:28,15,0,20.6,1.1,26.0,25.9,2,1,1.00,CYCLE,S
IND,208,6592,59452,18/01/2019,07:28:39,15,1,16.1,1.0,30.5,30.3,2,1,1.00,CYCLE,N
IND,208,6592,59453,18/01/2019,07:28:51,15,0,24.6,1.0,23.0,22.8,2,1,1.00,CYCLE,S
IND,208,6592,59453,18/01/2019,07:28:52,15,0,25.4,1.1,0.7,0.6,2,1,1.00,CYCLE,S
IND,208,6592,59453,18/01/2019,07:28:53,15,0,23.1,1.0,1.3,1.2,2,1,0.86,CYCLE,S
IND,208,6592,59453,18/01/2019,07:28:54,15,0,22.6,1.0,0.6,0.5,2,1,1.00,CYCLE,S
IND,208,6592,59453,18/01/2019,07:28:55,15,0,22.7,1.0,0.8,0.6,2,1,1.00,CYCLE,S
IND,208,6592,59453,18/01/2019,07:28:57,15,0,22.9,1.1,2.6,2.4,2,1,1.00,CYCLE,S
IND,208,6592,59453,18/01/2019,07:29:13,15,0,16.2,1.1,15.4,15.2,2,1,1.00,CYCLE,S
IND,208,6592,59453,18/01/2019,07:29:26,15,0,30.6,1.0,13.0,12.8,2,1,1.00,CYCLE,S
IND,208,6592,59453,18/01/2019,07:29:28,15,0,23.8,1.1,2.2,2.1,2,1,1.00,CYCLE,S
IND,208,6592,59453,18/01/2019,07:29:29,15,0,25.1,1.1,1.0,0.8,2,1,1.00,CYCLE,S
IND,208,6592,59453,18/01/2019,07:29:32,15,0,28.7,1.0,3.5,3.4,2,1,1.00,CYCLE,S
IND,208,6592,59453,18/01/2019,07:29:35,15,0,21.3,1.1,2.5,2.4,2,1,1.00,CYCLE,S
IND,208,6592,59453,18/01/2019,07:29:35,15,0,21.8,1.0,0.6,0.4,2,1,0.50,CYCLE,S
IND,208,6592,59452,18/01/2019,07:29:35,15,1,21.8,1.0,0.0,0.0,2,1,0.50,CYCLE,N
IND,208,6592,59453,18/01/2019,07:29:37,15,0,21.6,1.0,1.6,1.5,2,1,1.00,CYCLE,S
IND,208,6592,59453,18/01/2019,07:29:38,15,0,28.0,1.0,1.3,1.1,2,1,1.00,CYCLE,S
IND,208,6592,59453,18/01/2019,07:29:52,15,0,31.3,1.0,13.8,13.7,2,1,1.00,CYCLE,S
IND,208,6592,59453,18/01/2019,07:29:54,15,0,27.0,1.0,1.5,1.4,2,1,1.00,CYCLE,S
IND,208,6592,59453,18/01/2019,07:29:54,15,0,37.4,1.0,0.4,0.3,2,1,1.00,CYCLE,S
IND,208,6592,59453,18/01/2019,07:29:55,15,0,31.2,1.1,0.5,0.4,2,1,1.00,CYCLE,S
IND,208,6592,59453,18/01/2019,07:29:58,15,0,33.0,1.0,3.5,3.4,2,1,1.00,CYCLE,S
IND,208,6592,59453,18/01/2019,07:30:00,15,0,30.5,1.0,1.5,1.4,2,1,1.00,CYCLE,S
IND,208,6592,59453,18/01/2019,07:30:00,15,0,23.8,1.0,0.2,0.1,2,1,1.00,CYCLE,S
IND,208,6592,59453,18/01/2019,07:30:00,15,0,29.3,1.1,0.4,0.2,2,1,1.00,CYCLE,S
IND,208,6592,59453,18/01/2019,07:30:07,15,0,25.0,1.1,6.5,6.4,2,1,1.00,CYCLE,S
IND,208,6592,59453,18/01/2019,07:30:48,15,0,26.8,1.0,40.8,40.6,2,1,1.00,CYCLE,S
IND,208,6592,59453,18/01/2019,07:30:49,15,0,29.9,1.0,1.9,1.8,2,1,1.00,CYCLE,S
IND,208,6592,59453,18/01/2019,07:30:50,15,0,26.2,1.0,0.6,0.5,2,1,1.00,CYCLE,S
IND,208,6592,59453,18/01/2019,07:30:52,15,0,25.3,1.1,1.7,1.6,2,1,1.00,CYCLE,S
IND,208,6592,59453,18/01/2019,07:30:52,15,0,27.2,1.1,0.4,0.2,2,1,1.00,CYCLE,S
IND,208,6592,59453,18/01/2019,07:30:53,15,0,25.8,0.8,0.6,0.5,2,1,1.00,CYCLE,S
IND,208,6592,59453,18/01/2019,07:30:56,15,0,23.6,1.0,3.2,3.1,2,1,1.00,CYCLE,S
IND,208,6592,59453,18/01/2019,07:30:58,15,0,22.3,1.1,1.9,1.8,2,1,1.00,CYCLE,S
IND,208,6592,59453,18/01/2019,07:31:31,15,0,30.0,1.1,33.2,33.0,2,1,1.00,CYCLE,S
IND,208,6592,59453,18/01/2019,07:31:32,15,0,29.5,1.0,0.4,0.3,2,1,1.00,CYCLE,S
IND,208,6592,59453,18/01/2019,07:31:33,15,0,25.3,1.1,1.7,1.6,2,1,1.00,CYCLE,S
IND,208,6592,59453,18/01/2019,07:31:40,15,0,25.4,1.0,7.2,7.0,2,1,1.00,CYCLE,S
IND,208,6592,59453,18/01/2019,07:31:44,15,0,20.7,1.1,3.9,3.8,2,1,1.00,CYCLE,S
IND,208,6592,59453,18/01/2019,07:31:46,15,0,28.4,1.0,1.6,1.4,2,1,1.00,CYCLE,S
IND,208,6592,59453,18/01/2019,07:31:55,15,0,24.8,1.1,8.7,8.6,2,1,1.00,CYCLE,S
IND,208,6592,59453,18/01/2019,07:32:16,15,0,24.6,1.0,21.0,20.8,2,1,1.00,CYCLE,S
IND,208,6592,59453,18/01/2019,07:32:16,15,0,24.6,1.0,0.0,0.0,2,1,1.00,CYCLE,S
IND,208,6592,59453,18/01/2019,07:32:41,15,0,33.2,1.0,25.4,25.2,2,1,1.00,CYCLE,S
IND,208,6592,59453,18/01/2019,07:32:43,15,0,32.7,1.0,2.1,2.0,2,1,1.00,CYCLE,S
IND,208,6592,59453,18/01/2019,07:32:44,15,0,32.8,1.0,1.3,1.2,2,1,1.00,CYCLE,S
IND,208,6592,59453,18/01/2019,07:32:50,15,0,28.3,1.1,5.3,5.2,2,1,1.00,CYCLE,S
IND,208,6592,59453,18/01/2019,07:32:51,15,0,29.7,1.0,1.3,1.2,2,1,1.00,CYCLE,S
IND,208,6592,59453,18/01/2019,07:32:52,15,0,25.5,1.0,1.0,0.9,2,1,1.00,CYCLE,S
IND,208,6592,59453,18/01/2019,07:32:53,15,0,25.8,1.0,1.4,1.2,2,1,1.00,CYCLE,S
IND,208,6592,59453,18/01/2019,07:32:54,15,0,27.3,1.1,0.9,0.8,2,1,1.00,CYCLE,S
IND,208,6592,59453,18/01/2019,07:32:55,15,0,26.2,1.0,1.0,0.8,2,1,1.00,CYCLE,S
IND,208,6592,59453,18/01/2019,07:32:59,15,0,24.9,1.0,3.6,3.5,2,1,1.00,CYCLE,S
IND,208,6592,59453,18/01/2019,07:33:03,15,0,18.6,1.1,3.9,3.7,2,1,1.00,CYCLE,S
IND,208,6592,59453,18/01/2019,07:33:27,15,0,26.6,1.0,23.9,23.7,2,1,1.00,CYCLE,S
IND,208,6592,59453,18/01/2019,07:33:28,15,0,22.9,1.0,1.6,1.5,2,1,1.00,CYCLE,S
IND,208,6592,59453,18/01/2019,07:33:30,15,0,22.5,1.1,2.1,2.0,2,1,1.00,CYCLE,S
IND,208,6592,59452,18/01/2019,07:33:35,15,1,31.3,1.0,296.1,295.9,2,1,1.00,CYCLE,N
IND,208,6592,59452,18/01/2019,07:33:45,15,1,29.4,1.0,10.2,10.0,2,1,1.00,CYCLE,N
IND,208,6592,59452,18/01/2019,07:33:52,15,1,23.7,1.1,6.8,6.6,2,1,1.00,CYCLE,N
IND,208,6592,59453,18/01/2019,07:33:58,15,0,23.8,1.1,27.1,26.9,2,1,1.00,CYCLE,S
IND,208,6592,59453,18/01/2019,07:34:12,15,0,22.5,1.0,14.3,14.2,2,1,0.83,CYCLE,S
IND,208,6592,59453,18/01/2019,07:34:12,15,0,22.5,1.0,0.0,0.0,2,1,0.83,CYCLE,S
IND,208,6592,59453,18/01/2019,07:34:13,15,0,23.0,1.0,1.4,1.0,2,1,1.00,CYCLE,S
IND,208,6592,59453,18/01/2019,07:34:15,15,0,23.4,1.1,1.6,1.4,2,1,1.00,CYCLE,S
IND,208,6592,59452,18/01/2019,07:34:27,15,1,15.4,1.0,34.7,34.6,2,1,1.00,CYCLE,N
IND,208,6592,59452,18/01/2019,07:34:29,15,1,17.8,1.0,1.8,1.6,2,1,1.00,CYCLE,N
IND,208,6592,59453,18/01/2019,07:34:33,15,0,26.6,1.0,18.5,18.3,2,1,1.00,CYCLE,S
IND,208,6592,59453,18/01/2019,07:34:51,15,0,25.6,1.1,17.9,17.8,2,1,1.00,CYCLE,S
IND,208,6592,59453,18/01/2019,07:34:54,15,0,22.8,1.0,2.7,2.6,2,1,1.00,CYCLE,S
IND,208,6592,59453,18/01/2019,07:34:58,15,0,24.6,1.1,4.2,4.0,2,1,1.00,CYCLE,S
IND,208,6592,59453,18/01/2019,07:35:02,15,0,28.5,1.0,4.3,4.1,2,1,1.00,CYCLE,S
IND,208,6592,59453,18/01/2019,07:35:05,15,0,30.9,1.0,2.6,2.5,2,1,1.00,CYCLE,S
IND,208,6592,59453,18/01/2019,07:35:06,15,0,25.4,1.0,1.1,1.0,2,1,1.00,CYCLE,S
IND,208,6592,59453,18/01/2019,07:35:07,15,0,24.0,1.0,1.1,1.0,2,1,1.00,CYCLE,S
IND,208,6592,59453,18/01/2019,07:35:08,15,0,25.4,1.1,1.1,1.0,2,1,1.00,CYCLE,S
IND,208,6592,59453,18/01/2019,07:35:09,15,0,22.1,1.0,1.0,0.9,2,1,1.00,CYCLE,S
IND,208,6592,59453,18/01/2019,07:35:11,15,0,25.5,1.1,1.2,1.1,2,1,1.00,CYCLE,S
IND,208,6592,59453,18/01/2019,07:35:11,15,0,22.9,1.1,0.6,0.5,2,1,1.00,CYCLE,S
IND,208,6592,59453,18/01/2019,07:35:20,15,0,17.8,1.0,8.8,8.6,2,1,1.00,CYCLE,S
IND,208,6592,59453,18/01/2019,07:35:29,15,0,46.4,1.1,8.9,8.7,2,1,1.00,CYCLE,S
IND,208,6592,59453,18/01/2019,07:35:34,15,0,31.4,1.1,4.8,4.7,2,1,1.00,CYCLE,S
IND,208,6592,59453,18/01/2019,07:35:38,15,0,33.1,1.0,4.2,4.1,2,1,1.00,CYCLE,S
IND,208,6592,59453,18/01/2019,07:35:39,15,0,29.0,1.1,0.6,0.5,2,1,1.00,CYCLE,S
IND,208,6592,59453,18/01/2019,07:35:48,15,0,32.8,1.0,9.8,9.7,2,1,1.00,CYCLE,S
IND,208,6592,59453,18/01/2019,07:35:51,15,0,30.1,1.1,2.9,2.8,2,1,1.00,CYCLE,S
IND,208,6592,59453,18/01/2019,07:35:52,15,0,24.4,1.1,1.0,0.9,2,1,1.00,CYCLE,S
IND,208,6592,59453,18/01/2019,07:35:53,15,0,32.5,1.0,0.8,0.7,2,1,1.00,CYCLE,S
IND,208,6592,59452,18/01/2019,07:35:54,15,1,22.4,1.1,85.1,84.8,2,1,1.00,CYCLE,N
IND,208,6592,59453,18/01/2019,07:35:55,15,0,22.2,1.0,1.9,1.8,2,1,1.00,CYCLE,S
IND,208,6592,59453,18/01/2019,07:36:28,15,0,24.4,1.0,33.0,32.8,2,1,1.00,CYCLE,S
IND,208,6592,59453,18/01/2019,07:36:32,15,0,24.2,1.1,4.4,4.2,2,1,1.00,CYCLE,S
IND,208,6592,59453,18/01/2019,07:36:34,15,0,24.9,1.0,1.7,1.6,2,1,1.00,CYCLE,S
IND,208,6592,59453,18/01/2019,07:36:49,15,0,30.8,1.0,14.6,14.5,2,1,1.00,CYCLE,S
IND,208,6592,59453,18/01/2019,07:36:51,15,0,27.5,1.0,2.4,2.3,2,1,1.00,CYCLE,S
IND,208,6592,59453,18/01/2019,07:36:52,15,0,32.1,1.0,0.3,0.2,2,1,1.00,CYCLE,S
IND,208,6592,59453,18/01/2019,07:36:52,15,0,22.8,1.1,0.5,0.4,2,1,1.00,CYCLE,S
IND,208,6592,59453,18/01/2019,07:36:52,15,0,25.6,1.1,0.4,0.3,2,1,1.00,CYCLE,S
IND,208,6592,59453,18/01/2019,07:37:02,15,0,22.8,1.1,9.2,9.1,2,1,1.00,CYCLE,S
IND,208,6592,59453,18/01/2019,07:37:30,15,0,25.2,1.0,28.6,28.4,2,1,1.00,CYCLE,S
IND,208,6592,59453,18/01/2019,07:38:03,15,0,26.7,1.0,33.0,32.8,2,1,1.00,CYCLE,S
IND,208,6592,59453,18/01/2019,07:38:09,15,0,23.0,1.1,6.1,5.9,2,1,1.00,CYCLE,S
IND,208,6592,59453,18/01/2019,07:38:24,15,0,27.9,1.1,15.1,14.9,2,1,1.00,CYCLE,S
IND,208,6592,59453,18/01/2019,07:38:34,15,0,26.4,0.9,9.2,9.0,2,1,1.00,CYCLE,S
IND,208,6592,59453,18/01/2019,07:39:01,15,0,26.9,1.0,27.5,27.4,2,1,1.00,CYCLE,S
IND,208,6592,59453,18/01/2019,07:39:05,15,0,27.3,1.0,4.1,3.9,2,1,1.00,CYCLE,S
IND,208,6592,59453,18/01/2019,07:39:09,15,0,21.2,1.0,3.5,3.4,2,1,1.00,CYCLE,S
IND,208,6592,59453,18/01/2019,07:39:10,15,0,23.3,1.1,1.7,1.5,2,1,1.00,CYCLE,S
IND,208,6592,59453,18/01/2019,07:39:11,15,0,23.0,1.0,0.5,0.3,2,1,1.00,CYCLE,S
IND,208,6592,59453,18/01/2019,07:39:11,15,0,20.7,1.0,0.2,0.1,2,1,1.00,CYCLE,S
IND,208,6592,59453,18/01/2019,07:39:12,15,0,25.8,1.1,0.7,0.5,2,1,1.00,CYCLE,S
IND,208,6592,59453,18/01/2019,07:39:13,15,0,23.5,1.1,1.5,1.4,2,1,1.00,CYCLE,S
IND,208,6592,59453,18/01/2019,07:39:16,15,0,20.6,1.1,3.1,3.0,2,1,1.00,CYCLE,S
IND,208,6592,59453,18/01/2019,07:39:19,15,0,23.0,1.0,2.3,2.1,2,1,0.86,CYCLE,S
IND,208,6592,59453,18/01/2019,07:39:33,15,0,37.0,1.0,14.3,13.9,2,1,1.00,CYCLE,S
IND,208,6592,59453,18/01/2019,07:39:34,15,0,28.7,1.0,0.7,0.6,2,1,1.00,CYCLE,S
IND,208,6592,59453,18/01/2019,07:39:35,15,0,29.1,1.0,1.4,1.3,2,1,1.00,CYCLE,S
IND,208,6592,59453,18/01/2019,07:39:37,15,0,31.5,1.1,2.4,2.3,2,1,1.00,CYCLE,S
IND,208,6592,59453,18/01/2019,07:39:41,15,0,23.1,1.0,3.5,3.4,2,1,1.00,CYCLE,S
IND,208,6592,59452,18/01/2019,07:39:42,15,1,23.9,1.1,227.9,227.7,2,1,1.00,CYCLE,N
IND,208,6592,59453,18/01/2019,07:39:57,15,0,33.3,1.0,16.3,16.1,2,1,1.00,CYCLE,S
IND,208,6592,59453,18/01/2019,07:40:04,15,0,24.4,1.1,7.1,7.0,2,1,1.00,CYCLE,S
IND,208,6592,59453,18/01/2019,07:40:09,15,0,24.4,1.1,4.8,4.7,2,1,1.00,CYCLE,S
IND,208,6592,59453,18/01/2019,07:40:17,15,0,28.2,1.0,7.4,7.3,2,1,1.00,CYCLE,S
IND,208,6592,59453,18/01/2019,07:40:17,15,0,28.2,1.0,0.0,0.0,2,1,1.00,CYCLE,S
IND,208,6592,59452,18/01/2019,07:40:33,15,1,20.5,1.0,50.8,50.7,2,1,1.00,CYCLE,N
IND,208,6592,59453,18/01/2019,07:40:45,15,0,24.2,1.0,28.3,28.1,2,1,1.00,CYCLE,S
IND,208,6592,59453,18/01/2019,07:40:45,15,0,26.3,1.0,0.4,0.2,2,1,1.00,CYCLE,S
IND,208,6592,59453,18/01/2019,07:40:48,15,0,23.9,1.0,2.4,2.3,2,1,1.00,CYCLE,S
IND,208,6592,59453,18/01/2019,07:40:49,15,0,22.3,1.0,1.3,1.2,2,1,1.00,CYCLE,S
IND,208,6592,59453,18/01/2019,07:40:50,15,0,24.2,1.0,1.3,1.1,2,1,1.00,CYCLE,S
IND,208,6592,59453,18/01/2019,07:40:52,15,0,29.3,1.0,1.4,1.3,2,1,1.00,CYCLE,S
IND,208,6592,59453,18/01/2019,07:40:53,15,0,25.8,1.0,1.2,1.1,2,1,1.00,CYCLE,S
IND,208,6592,59453,18/01/2019,07:40:58,15,0,21.3,1.1,5.4,5.2,2,1,1.00,CYCLE,S
IND,208,6592,59453,18/01/2019,07:41:01,15,0,22.4,1.1,2.3,2.1,2,1,1.00,CYCLE,S
IND,208,6592,59453,18/01/2019,07:41:16,15,0,27.2,1.1,15.2,15.0,2,1,1.00,CYCLE,S
IND,208,6592,59453,18/01/2019,07:41:18,15,0,29.2,1.0,2.0,1.8,2,1,1.00,CYCLE,S
IND,208,6592,59453,18/01/2019,07:41:20,15,0,25.7,1.1,2.1,2.0,2,1,1.00,CYCLE,S
IND,208,6592,59453,18/01/2019,07:41:31,15,0,29.3,1.1,11.2,11.1,2,1,1.00,CYCLE,S
IND,208,6592,59453,18/01/2019,07:41:55,15,0,28.8,1.0,24.1,24.0,2,1,1.00,CYCLE,S
IND,208,6592,59453,18/01/2019,07:42:12,15,0,27.9,1.0,16.9,16.7,2,1,1.00,CYCLE,S
IND,208,6592,59453,18/01/2019,07:42:15,15,0,29.4,1.0,2.9,2.8,2,1,1.00,CYCLE,S
IND,208,6592,59453,18/01/2019,07:42:18,15,0,19.9,1.1,2.7,2.6,2,1,1.00,CYCLE,S
IND,208,6592,59453,18/01/2019,07:42:19,15,0,21.3,1.1,1.0,0.8,2,1,1.00,CYCLE,S
IND,208,6592,59453,18/01/2019,07:42:24,15,0,19.5,1.1,5.0,4.8,2,1,1.00,CYCLE,S
IND,208,6592,59453,18/01/2019,07:42:25,15,0,30.4,1.0,1.3,1.1,2,1,0.29,CYCLE,S
IND,208,6592,59453,18/01/2019,07:42:27,15,0,26.8,1.0,1.8,1.6,2,1,1.00,CYCLE,S
IND,208,6592,59453,18/01/2019,07:42:35,15,0,26.8,0.8,8.3,8.1,2,1,1.00,CYCLE,S
IND,208,6592,59453,18/01/2019,07:42:39,15,0,34.3,1.0,3.5,3.4,2,1,1.00,CYCLE,S
IND,208,6592,59453,18/01/2019,07:42:39,15,0,24.7,1.1,0.6,0.5,2,1,1.00,CYCLE,S
IND,208,6592,59453,18/01/2019,07:42:45,15,0,21.8,1.0,5.8,5.7,2,1,1.00,CYCLE,S
IND,208,6592,59453,18/01/2019,07:42:46,15,0,26.9,1.1,0.6,0.4,2,1,1.00,CYCLE,S
IND,208,6592,59453,18/01/2019,07:42:46,15,0,22.1,1.1,0.3,0.1,2,1,1.00,CYCLE,S
IND,208,6592,59453,18/01/2019,07:42:48,15,0,24.1,1.1,1.7,1.6,2,1,1.00,CYCLE,S
IND,208,6592,59452,18/01/2019,07:43:29,15,1,27.3,1.0,176.0,175.8,2,1,1.00,CYCLE,N
IND,208,6592,59452,18/01/2019,07:43:29,15,1,28.5,1.0,0.7,0.6,2,1,1.00,CYCLE,N
IND,208,6592,59452,18/01/2019,07:43:38,15,1,25.4,1.1,8.2,8.1,2,1,1.00,CYCLE,N
IND,208,6592,59453,18/01/2019,07:43:49,15,0,25.0,1.1,61.0,60.9,2,1,1.00,CYCLE,S
IND,208,6592,59453,18/01/2019,07:43:58,15,0,25.6,1.0,9.2,9.0,2,1,1.00,CYCLE,S
IND,208,6592,59453,18/01/2019,07:44:00,15,0,24.8,1.0,2.5,2.4,2,1,1.00,CYCLE,S
IND,208,6592,59453,18/01/2019,07:44:08,15,0,24.2,1.1,7.4,7.3,2,1,1.00,CYCLE,S
IND,208,6592,59453,18/01/2019,07:44:23,15,0,27.8,1.0,15.6,15.5,2,1,1.00,CYCLE,S
IND,208,6592,59453,18/01/2019,07:44:25,15,0,27.9,1.0,1.3,1.2,2,1,1.00,CYCLE,S
IND,208,6592,59453,18/01/2019,07:44:28,15,0,25.2,1.0,3.4,3.3,2,1,1.00,CYCLE,S
IND,208,6592,59453,18/01/2019,07:44:33,15,0,23.3,1.0,4.7,4.5,2,1,1.00,CYCLE,S
IND,208,6592,59453,18/01/2019,07:44:56,15,0,35.5,1.0,23.0,22.9,2,1,1.00,CYCLE,S
IND,208,6592,59453,18/01/2019,07:44:57,15,0,33.5,1.0,0.6,0.5,2,1,1.00,CYCLE,S
IND,208,6592,59453,18/01/2019,07:45:05,15,0,23.2,1.1,8.9,8.8,2,1,1.00,CYCLE,S
IND,208,6592,59453,18/01/2019,07:45:30,15,0,34.3,1.0,24.4,24.2,2,1,1.00,CYCLE,S
IND,208,6592,59452,18/01/2019,07:45:51,15,1,23.2,1.0,133.4,133.3,2,1,1.00,CYCLE,N
IND,208,6592,59452,18/01/2019,07:45:57,15,1,22.9,1.1,6.2,6.0,2,1,1.00,CYCLE,N
IND,208,6592,59453,18/01/2019,07:46:18,15,0,27.1,1.0,47.9,47.8,2,1,1.00,CYCLE,S
IND,208,6592,59453,18/01/2019,07:46:18,15,0,27.1,1.0,0.0,0.0,2,1,1.00,CYCLE,S
IND,208,6592,59453,18/01/2019,07:46:19,15,0,26.9,1.1,1.0,0.8,2,1,1.00,CYCLE,S
IND,208,6592,59453,18/01/2019,07:46:22,15,0,27.6,1.0,3.6,3.5,2,1,1.00,CYCLE,S
IND,208,6592,59453,18/01/2019,07:46:26,15,0,24.7,1.0,4.0,3.9,2,1,1.00,CYCLE,S
IND,208,6592,59453,18/01/2019,07:46:28,15,0,25.1,1.1,1.5,1.4,2,1,1.00,CYCLE,S
IND,208,6592,59453,18/01/2019,07:46:30,15,0,20.9,1.1,2.4,2.3,2,1,1.00,CYCLE,S
IND,208,6592,59453,18/01/2019,07:46:53,15,0,30.2,1.0,22.7,22.5,2,1,1.00,CYCLE,S
IND,208,6592,59453,18/01/2019,07:47:01,15,0,20.9,1.1,8.5,8.3,2,1,1.00,CYCLE,S
IND,208,6592,59453,18/01/2019,07:47:08,15,0,24.9,1.0,6.5,6.3,2,1,1.00,CYCLE,S
IND,208,6592,59453,18/01/2019,07:47:09,15,0,23.8,1.0,0.7,0.6,2,1,1.00,CYCLE,S
IND,208,6592,59453,18/01/2019,07:47:17,15,0,27.7,1.1,8.4,8.3,2,1,1.00,CYCLE,S
IND,208,6592,59453,18/01/2019,07:47:20,15,0,25.8,1.1,3.5,3.4,2,1,1.00,CYCLE,S
IND,208,6592,59453,18/01/2019,07:47:22,15,0,26.7,0.8,1.9,1.7,2,1,1.00,CYCLE,S
IND,208,6592,59453,18/01/2019,07:48:17,15,0,27.5,1.0,54.3,54.2,2,1,1.00,CYCLE,S
IND,208,6592,59453,18/01/2019,07:48:19,15,0,27.2,1.1,1.6,1.4,2,1,1.00,CYCLE,S
IND,208,6592,59453,18/01/2019,07:48:22,15,0,24.0,1.1,3.3,3.1,2,1,1.00,CYCLE,S
IND,208,6592,59453,18/01/2019,07:48:27,15,0,24.0,1.0,5.1,4.9,2,1,1.00,CYCLE,S
IND,208,6592,59453,18/01/2019,07:48:28,15,0,24.2,1.0,0.7,0.6,2,1,1.00,CYCLE,S
IND,208,6592,59453,18/01/2019,07:48:31,15,0,17.2,1.1,3.6,3.4,2,1,1.00,CYCLE,S
IND,208,6592,59453,18/01/2019,07:48:33,15,0,23.4,1.1,1.4,1.1,2,1,1.00,CYCLE,S
IND,208,6592,59453,18/01/2019,07:48:34,15,0,22.5,1.0,1.0,0.9,2,1,1.00,CYCLE,S
IND,208,6592,59453,18/01/2019,07:49:02,15,0,27.5,1.0,28.1,28.0,2,1,1.00,CYCLE,S
IND,208,6592,59453,18/01/2019,07:49:07,15,0,24.5,1.0,5.2,5.0,2,1,1.00,CYCLE,S
IND,208,6592,59452,18/01/2019,07:49:14,15,1,30.1,1.0,197.0,196.8,2,1,1.00,CYCLE,N
IND,208,6592,59452,18/01/2019,07:49:24,15,1,27.2,1.0,9.9,9.8,2,1,1.00,CYCLE,N
IND,208,6592,59453,18/01/2019,07:49:39,15,0,23.1,1.0,31.6,31.5,2,1,1.00,CYCLE,S
IND,208,6592,59452,18/01/2019,07:49:41,15,1,24.9,1.1,17.3,17.1,2,1,1.00,CYCLE,N
IND,208,6592,59452,18/01/2019,07:49:57,15,1,24.5,1.0,16.1,15.9,2,1,1.00,CYCLE,N
IND,208,6592,59453,18/01/2019,07:50:30,15,0,41.2,1.0,51.5,51.4,2,1,1.00,CYCLE,S
IND,208,6592,59453,18/01/2019,07:50:39,15,0,28.6,1.0,8.9,8.8,2,1,1.00,CYCLE,S
IND,208,6592,59453,18/01/2019,07:50:40,15,0,26.3,1.0,1.4,1.3,2,1,1.00,CYCLE,S
IND,208,6592,59453,18/01/2019,07:50:42,15,0,27.9,1.0,1.8,1.6,2,1,1.00,CYCLE,S
IND,208,6592,59453,18/01/2019,07:50:47,15,0,24.8,1.0,4.9,4.8,2,1,1.00,CYCLE,S
IND,208,6592,59453,18/01/2019,07:50:52,15,0,19.7,1.1,4.6,4.5,2,1,1.00,CYCLE,S
IND,208,6592,59453,18/01/2019,07:50:53,15,0,19.4,1.0,0.8,0.6,2,1,0.57,CYCLE,S
IND,208,6592,59453,18/01/2019,07:50:53,15,0,19.4,1.0,0.0,0.0,2,1,0.57,CYCLE,S
IND,208,6592,59453,18/01/2019,07:50:54,15,0,20.3,1.1,1.5,1.1,2,1,1.00,CYCLE,S
IND,208,6592,59453,18/01/2019,07:50:56,15,0,20.8,1.1,2.2,2.0,2,1,1.00,CYCLE,S
IND,208,6592,59453,18/01/2019,07:50:57,15,0,19.7,1.1,0.4,0.2,2,1,1.00,CYCLE,S
IND,208,6592,59453,18/01/2019,07:51:03,15,0,36.4,1.0,6.4,6.2,2,1,1.00,CYCLE,S
IND,208,6592,59453,18/01/2019,07:51:05,15,0,30.6,1.0,2.0,1.9,2,1,1.00,CYCLE,S
IND,208,6592,59453,18/01/2019,07:51:07,15,0,30.4,1.1,1.5,0.8,2,1,1.00,CYCLE,S
IND,208,6592,59453,18/01/2019,07:51:10,15,0,28.8,1.0,3.1,2.9,2,1,1.00,CYCLE,S
IND,208,6592,59453,18/01/2019,07:51:31,15,0,26.3,1.1,21.4,21.3,2,1,1.00,CYCLE,S
IND,208,6592,59453,18/01/2019,07:51:33,15,0,25.5,1.1,1.1,1.0,2,1,1.00,CYCLE,S
IND,208,6592,59452,18/01/2019,07:51:41,15,1,25.7,1.0,103.7,103.6,2,1,1.00,CYCLE,N
IND,208,6592,59452,18/01/2019,07:52:01,15,1,19.1,1.0,19.4,19.3,2,1,1.00,CYCLE,N
IND,208,6592,59453,18/01/2019,07:52:05,15,0,32.4,1.0,32.4,32.3,2,1,1.00,CYCLE,S
IND,208,6592,59453,18/01/2019,07:52:12,15,0,30.3,1.1,7.1,7.0,2,1,1.00,CYCLE,S
IND,208,6592,59453,18/01/2019,07:52:15,15,0,27.6,1.0,3.2,3.1,2,1,1.00,CYCLE,S
IND,208,6592,59453,18/01/2019,07:52:17,15,0,30.9,1.0,2.1,1.9,2,1,1.00,CYCLE,S
IND,208,6592,59453,18/01/2019,07:52:18,15,0,26.7,1.1,1.1,1.0,2,1,1.00,CYCLE,S
IND,208,6592,59453,18/01/2019,07:52:20,15,0,26.1,1.0,1.4,1.2,2,1,1.00,CYCLE,S
IND,208,6592,59453,18/01/2019,07:52:23,15,0,24.6,1.0,3.0,2.9,2,1,1.00,CYCLE,S
IND,208,6592,59453,18/01/2019,07:52:24,15,0,24.9,1.1,0.9,0.8,2,1,1.00,CYCLE,S
IND,208,6592,59453,18/01/2019,07:52:25,15,0,24.5,1.0,1.7,1.5,2,1,1.00,CYCLE,S
IND,208,6592,59453,18/01/2019,07:52:27,15,0,24.5,1.0,1.1,0.9,2,1,1.00,CYCLE,S
IND,208,6592,59453,18/01/2019,07:52:28,15,0,25.3,1.0,1.0,0.9,2,1,1.00,CYCLE,S
IND,208,6592,59453,18/01/2019,07:52:34,15,0,21.5,1.0,6.6,6.5,2,1,1.00,CYCLE,S
IND,208,6592,59453,18/01/2019,07:52:48,15,0,35.1,1.1,14.0,13.9,2,1,1.00,CYCLE,S
IND,208,6592,59453,18/01/2019,07:53:03,15,0,22.3,1.0,14.8,14.7,2,1,1.00,CYCLE,S
IND,208,6592,59453,18/01/2019,07:53:24,15,0,28.3,1.0,21.2,21.1,2,1,1.00,CYCLE,S
IND,208,6592,59453,18/01/2019,07:53:29,15,0,34.7,1.1,5.1,4.9,2,1,1.00,CYCLE,S
IND,208,6592,59453,18/01/2019,07:53:30,15,0,36.0,1.0,0.8,0.7,2,1,1.00,CYCLE,S
IND,208,6592,59453,18/01/2019,07:53:34,15,0,25.5,1.0,4.3,4.2,2,1,1.00,CYCLE,S
IND,208,6592,59452,18/01/2019,07:53:45,15,1,26.6,1.0,104.1,103.9,2,1,1.00,CYCLE,N
IND,208,6592,59453,18/01/2019,07:53:48,15,0,24.0,1.1,13.1,13.0,2,1,1.00,CYCLE,S
IND,208,6592,59453,18/01/2019,07:54:18,15,0,27.5,1.0,30.0,29.9,2,1,1.00,CYCLE,S
IND,208,6592,59453,18/01/2019,07:54:19,15,0,26.6,1.0,1.8,1.6,2,1,1.00,CYCLE,S
IND,208,6592,59453,18/01/2019,07:54:20,15,0,26.8,1.1,0.4,0.2,2,1,1.00,CYCLE,S
IND,208,6592,59453,18/01/2019,07:54:21,15,0,27.5,1.1,0.8,0.7,2,1,1.00,CYCLE,S
IND,208,6592,59453,18/01/2019,07:54:22,15,0,26.6,1.0,1.8,1.7,2,1,1.00,CYCLE,S
IND,208,6592,59453,18/01/2019,07:54:26,15,0,26.2,1.0,3.8,3.7,2,1,1.00,CYCLE,S
IND,208,6592,59453,18/01/2019,07:54:28,15,0,22.9,1.1,1.6,1.5,2,1,1.00,CYCLE,S
IND,208,6592,59453,18/01/2019,07:54:32,15,0,16.5,1.0,4.4,4.3,2,1,1.00,CYCLE,S
IND,208,6592,59453,18/01/2019,07:54:33,15,0,18.9,1.0,0.5,0.3,2,1,1.00,CYCLE,S
IND,208,6592,59453,18/01/2019,07:54:36,15,0,18.2,1.0,3.2,3.0,2,1,1.00,CYCLE,S
IND,208,6592,59453,18/01/2019,07:54:44,15,0,15.8,1.0,7.9,7.7,2,1,1.00,CYCLE,S
IND,208,6592,59453,18/01/2019,07:55:10,15,0,28.3,1.0,26.1,25.8,2,1,1.00,CYCLE,S
IND,208,6592,59452,18/01/2019,07:55:51,15,1,24.5,1.1,126.7,126.6,2,1,1.00,CYCLE,N
IND,208,6592,59453,18/01/2019,07:56:34,15,0,30.9,1.0,83.6,83.5,2,1,1.00,CYCLE,S
IND,208,6592,59453,18/01/2019,07:56:38,15,0,26.3,1.1,4.9,4.8,2,1,1.00,CYCLE,S
IND,208,6592,59453,18/01/2019,07:56:42,15,0,26.6,1.1,3.0,2.9,2,1,1.00,CYCLE,S
IND,208,6592,59453,18/01/2019,07:56:44,15,0,21.4,1.1,2.7,2.6,2,1,1.00,CYCLE,S
IND,208,6592,59453,18/01/2019,07:56:47,15,0,19.5,1.0,2.3,2.1,2,1,1.00,CYCLE,S
IND,208,6592,59453,18/01/2019,07:57:05,15,0,28.1,1.0,18.4,18.2,2,1,1.00,CYCLE,S
IND,208,6592,59453,18/01/2019,07:57:15,15,0,24.4,1.0,9.9,9.7,2,1,1.00,CYCLE,S
IND,208,6592,59453,18/01/2019,07:57:24,15,0,25.0,1.1,9.6,9.4,2,1,1.00,CYCLE,S
IND,208,6592,59453,18/01/2019,07:57:25,15,0,26.8,1.1,1.2,1.0,2,1,1.00,CYCLE,S
IND,208,6592,59452,18/01/2019,07:57:34,15,1,29.0,1.1,102.1,101.9,2,1,1.00,CYCLE,N
IND,208,6592,59453,18/01/2019,07:58:21,15,0,24.8,1.0,55.8,55.7,2,1,1.00,CYCLE,S
IND,208,6592,59453,18/01/2019,07:58:22,15,0,24.0,1.0,0.5,0.4,2,1,1.00,CYCLE,S
IND,208,6592,59453,18/01/2019,07:58:22,15,0,21.8,1.0,0.3,0.3,2,1,0.86,CYCLE,S
IND,208,6592,59453,18/01/2019,07:58:25,15,0,25.3,1.0,2.8,1.8,2,1,1.00,CYCLE,S
IND,208,6592,59453,18/01/2019,07:58:26,15,0,22.5,1.1,0.7,0.6,2,1,1.00,CYCLE,S
IND,208,6592,59453,18/01/2019,07:58:33,15,0,19.1,1.0,7.5,7.3,2,1,1.00,CYCLE,S
IND,208,6592,59453,18/01/2019,07:58:34,15,0,23.5,1.1,0.5,0.3,2,1,1.00,CYCLE,S
IND,208,6592,59453,18/01/2019,07:58:43,15,0,16.3,1.1,8.8,8.7,2,1,1.00,CYCLE,S
IND,208,6592,59453,18/01/2019,07:58:51,15,0,28.7,1.1,8.3,8.1,2,1,1.00,CYCLE,S
IND,208,6592,59453,18/01/2019,07:59:17,15,0,36.4,1.0,25.9,25.8,2,1,1.00,CYCLE,S
IND,208,6592,59453,18/01/2019,07:59:17,15,0,36.5,1.0,0.4,0.3,2,1,1.00,CYCLE,S
IND,208,6592,59453,18/01/2019,07:59:40,15,0,27.0,1.0,23.1,23.0,2,1,1.00,CYCLE,S
IND,208,6592,59453,18/01/2019,08:00:09,15,0,24.5,1.1,29.1,28.9,2,1,1.00,CYCLE,S
IND,208,6592,59453,18/01/2019,08:00:11,15,0,24.8,1.0,2.0,1.8,2,1,1.00,CYCLE,S
IND,208,6592,59453,18/01/2019,08:00:30,15,0,31.3,1.0,18.7,18.6,2,1,1.00,CYCLE,S
IND,208,6592,59453,18/01/2019,08:00:30,15,0,26.1,1.0,0.4,0.3,2,1,1.00,CYCLE,S
IND,208,6592,59453,18/01/2019,08:00:33,15,0,30.0,1.0,3.0,2.8,2,1,1.00,CYCLE,S
IND,208,6592,59453,18/01/2019,08:00:35,15,0,25.6,1.1,2.1,2.0,2,1,1.00,CYCLE,S
IND,208,6592,59453,18/01/2019,08:00:37,15,0,27.6,1.1,2.0,1.9,2,1,1.00,CYCLE,S
IND,208,6592,59453,18/01/2019,08:00:38,15,0,25.2,1.1,0.8,0.7,2,1,1.00,CYCLE,S
IND,208,6592,59453,18/01/2019,08:00:40,15,0,24.5,1.1,2.0,1.8,2,1,1.00,CYCLE,S
IND,208,6592,59453,18/01/2019,08:00:41,15,0,25.1,1.0,0.9,0.7,2,1,1.00,CYCLE,S
IND,208,6592,59453,18/01/2019,08:00:42,15,0,24.8,1.1,0.6,0.5,2,1,1.00,CYCLE,S
IND,208,6592,59453,18/01/2019,08:00:43,15,0,27.3,1.1,1.0,0.8,2,1,1.00,CYCLE,S
IND,208,6592,59453,18/01/2019,08:00:59,15,0,29.1,1.0,16.2,16.1,2,1,1.00,CYCLE,S
IND,208,6592,59453,18/01/2019,08:01:04,15,0,31.1,0.9,5.4,5.3,2,1,1.00,CYCLE,S
IND,208,6592,59453,18/01/2019,08:01:06,15,0,26.9,1.0,1.6,1.5,2,1,1.00,CYCLE,S
IND,208,6592,59453,18/01/2019,08:02:18,15,0,30.9,1.0,71.9,71.7,2,1,1.00,CYCLE,S
IND,208,6592,59453,18/01/2019,08:02:21,15,0,29.5,1.1,3.5,3.4,2,1,1.00,CYCLE,S
IND,208,6592,59453,18/01/2019,08:02:27,15,0,19.1,1.0,6.0,5.9,2,1,1.00,CYCLE,S
IND,208,6592,59453,18/01/2019,08:03:07,15,0,30.8,1.0,39.7,39.5,2,1,1.00,CYCLE,S
IND,208,6592,59453,18/01/2019,08:03:08,15,0,25.5,1.0,1.4,1.3,2,1,1.00,CYCLE,S
IND,208,6592,59452,18/01/2019,08:03:42,15,1,18.4,1.2,368.7,368.5,2,1,1.00,CYCLE,N
IND,208,6592,59452,18/01/2019,08:03:43,15,1,31.5,1.0,1.2,0.9,2,1,1.00,CYCLE,N
IND,208,6592,59453,18/01/2019,08:03:54,15,0,24.1,1.1,45.1,45.0,2,1,1.00,CYCLE,S
IND,208,6592,59453,18/01/2019,08:03:59,15,0,30.6,1.0,5.3,5.1,2,1,1.00,CYCLE,S
IND,208,6592,59453,18/01/2019,08:04:29,15,0,29.0,1.1,30.6,30.5,2,1,1.00,CYCLE,S
IND,208,6592,59453,18/01/2019,08:04:35,15,0,24.8,1.0,5.5,5.4,2,1,1.00,CYCLE,S
IND,208,6592,59453,18/01/2019,08:04:35,15,0,22.5,1.1,0.5,0.4,2,1,1.00,CYCLE,S
IND,208,6592,59453,18/01/2019,08:04:42,15,0,20.9,1.1,6.7,6.6,2,1,1.00,CYCLE,S
IND,208,6592,59453,18/01/2019,08:05:12,15,0,29.5,1.0,30.2,30.0,2,1,1.00,CYCLE,S
IND,208,6592,59453,18/01/2019,08:05:13,15,0,30.7,1.0,0.6,0.4,2,1,1.00,CYCLE,S
IND,208,6592,59453,18/01/2019,08:05:20,15,0,25.9,1.1,7.0,6.8,2,1,1.00,CYCLE,S
IND,208,6592,59453,18/01/2019,08:05:25,15,0,25.7,1.1,5.5,5.4,2,1,1.00,CYCLE,S
IND,208,6592,59453,18/01/2019,08:05:31,15,0,25.1,1.1,5.3,5.2,2,1,1.00,CYCLE,S
IND,208,6592,59453,18/01/2019,08:06:11,15,0,27.4,1.1,39.9,39.7,2,1,1.00,CYCLE,S
IND,208,6592,59453,18/01/2019,08:06:17,15,0,23.9,1.1,6.8,6.6,2,1,1.00,CYCLE,S
IND,208,6592,59453,18/01/2019,08:06:18,15,0,20.1,1.1,0.6,0.4,2,1,1.00,CYCLE,S
IND,208,6592,59453,18/01/2019,08:06:38,15,0,29.1,1.1,19.8,19.6,2,1,1.00,CYCLE,S
IND,208,6592,59453,18/01/2019,08:06:40,15,0,29.2,1.0,1.7,1.6,2,1,1.00,CYCLE,S
IND,208,6592,59453,18/01/2019,08:06:48,15,0,29.6,1.0,8.8,8.6,2,1,1.00,CYCLE,S
IND,208,6592,59453,18/01/2019,08:07:03,15,0,26.8,1.0,14.6,14.5,2,1,1.00,CYCLE,S
IND,208,6592,59453,18/01/2019,08:07:06,15,0,27.7,1.0,2.8,2.7,2,1,1.00,CYCLE,S
IND,208,6592,59453,18/01/2019,08:07:30,15,0,28.5,1.1,23.9,23.8,2,1,1.00,CYCLE,S
IND,208,6592,59453,18/01/2019,08:08:04,15,0,22.7,1.1,34.0,33.9,2,1,1.00,CYCLE,S
IND,208,6592,59453,18/01/2019,08:08:16,15,0,22.7,1.1,12.7,12.6,2,1,1.00,CYCLE,S
IND,208,6592,59453,18/01/2019,08:08:34,15,0,32.6,1.0,17.6,17.4,2,1,1.00,CYCLE,S
IND,208,6592,59453,18/01/2019,08:08:34,15,0,30.0,1.0,0.5,0.4,2,1,1.00,CYCLE,S
IND,208,6592,59453,18/01/2019,08:08:36,15,0,32.3,1.0,1.1,1.0,2,1,1.00,CYCLE,S
IND,208,6592,59453,18/01/2019,08:08:37,15,0,28.5,1.0,1.0,0.9,2,1,1.00,CYCLE,S
IND,208,6592,59453,18/01/2019,08:08:39,15,0,29.0,1.0,2.1,2.0,2,1,1.00,CYCLE,S
IND,208,6592,59453,18/01/2019,08:08:41,15,0,27.7,1.0,2.4,2.2,2,1,1.00,CYCLE,S
IND,208,6592,59453,18/01/2019,08:08:42,15,0,24.3,1.0,0.8,0.7,2,1,1.00,CYCLE,S
IND,208,6592,59452,18/01/2019,08:08:44,15,1,18.7,1.0,300.5,300.4,2,1,0.80,CYCLE,N
IND,208,6592,59453,18/01/2019,08:08:48,15,0,24.4,1.0,5.8,5.7,2,1,1.00,CYCLE,S
IND,208,6592,59453,18/01/2019,08:09:07,15,0,34.9,1.0,19.8,19.7,2,1,1.00,CYCLE,S
IND,208,6592,59452,18/01/2019,08:09:08,15,1,24.2,1.0,24.0,23.8,2,1,0.57,CYCLE,N
IND,208,6592,59453,18/01/2019,08:09:09,15,0,25.8,1.1,1.5,1.4,2,1,1.00,CYCLE,S
IND,208,6592,59453,18/01/2019,08:09:09,15,0,28.1,1.0,0.4,0.3,2,1,1.00,CYCLE,S
IND,208,6592,59453,18/01/2019,08:10:06,15,0,29.7,1.1,56.7,56.5,2,1,1.00,CYCLE,S
IND,208,6592,59453,18/01/2019,08:10:16,15,0,21.9,1.1,10.3,10.2,2,1,1.00,CYCLE,S
IND,208,6592,59453,18/01/2019,08:10:44,15,0,28.3,1.0,27.7,27.5,2,1,1.00,CYCLE,S
IND,208,6592,59453,18/01/2019,08:10:45,15,0,28.3,1.0,0.6,0.4,2,1,1.00,CYCLE,S
IND,208,6592,59453,18/01/2019,08:10:49,15,0,25.1,1.0,4.6,4.5,2,1,1.00,CYCLE,S
IND,208,6592,59453,18/01/2019,08:10:53,15,0,22.7,1.0,3.6,3.4,2,1,1.00,CYCLE,S
IND,208,6592,59453,18/01/2019,08:12:06,15,0,27.0,1.1,73.4,73.3,2,1,1.00,CYCLE,S
IND,208,6592,59453,18/01/2019,08:12:09,15,0,25.1,1.1,2.7,2.5,2,1,1.00,CYCLE,S
IND,208,6592,59453,18/01/2019,08:12:11,15,0,23.6,1.1,2.3,2.1,2,1,1.00,CYCLE,S
IND,208,6592,59453,18/01/2019,08:12:12,15,0,24.2,1.0,0.8,0.6,2,1,1.00,CYCLE,S
IND,208,6592,59453,18/01/2019,08:12:13,15,0,23.5,1.0,0.6,0.5,2,1,1.00,CYCLE,S
IND,208,6592,59453,18/01/2019,08:12:19,15,0,21.8,1.1,6.7,6.6,2,1,1.00,CYCLE,S
IND,208,6592,59453,18/01/2019,08:12:47,15,0,21.7,1.1,27.2,27.0,2,1,1.00,CYCLE,S
IND,208,6592,59452,18/01/2019,08:13:01,15,1,23.1,1.1,232.8,232.6,2,1,1.00,CYCLE,N
IND,208,6592,59453,18/01/2019,08:13:26,15,0,26.1,1.0,39.0,38.8,2,1,1.00,CYCLE,S
IND,208,6592,59453,18/01/2019,08:14:05,15,0,28.2,1.0,39.8,39.6,2,1,1.00,CYCLE,S
IND,208,6592,59453,18/01/2019,08:14:13,15,0,26.7,0.9,7.7,7.5,2,1,1.00,CYCLE,S
IND,208,6592,59453,18/01/2019,08:14:13,15,0,23.4,1.1,0.4,0.3,2,1,1.00,CYCLE,S
IND,208,6592,59453,18/01/2019,08:14:17,15,0,21.0,1.0,3.2,3.1,2,1,1.00,CYCLE,S
IND,208,6592,59453,18/01/2019,08:14:43,15,0,31.0,1.0,26.1,25.9,2,1,1.00,CYCLE,S
IND,208,6592,59453,18/01/2019,08:14:48,15,0,26.9,1.0,5.0,4.9,2,1,1.00,CYCLE,S
IND,208,6592,59452,18/01/2019,08:15:00,15,1,26.0,1.0,119.8,119.7,2,1,1.00,CYCLE,N
IND,208,6592,59452,18/01/2019,08:15:07,15,1,19.9,1.1,6.7,6.6,2,1,1.00,CYCLE,N
IND,208,6592,59453,18/01/2019,08:16:07,15,0,28.4,1.1,79.7,79.6,2,1,1.00,CYCLE,S
IND,208,6592,59453,18/01/2019,08:16:10,15,0,28.9,1.0,2.7,2.5,2,1,1.00,CYCLE,S
IND,208,6592,59453,18/01/2019,08:16:19,15,0,20.6,1.0,8.8,8.6,2,1,1.00,CYCLE,S
IND,208,6592,59453,18/01/2019,08:16:51,15,0,25.8,1.1,31.8,31.6,2,1,1.00,CYCLE,S
IND,208,6592,59453,18/01/2019,08:17:08,15,0,29.9,1.0,17.2,17.0,2,1,1.00,CYCLE,S
IND,208,6592,59453,18/01/2019,08:17:17,15,0,30.6,1.0,8.8,8.7,2,1,1.00,CYCLE,S
IND,208,6592,59453,18/01/2019,08:17:36,15,0,22.6,1.0,19.3,19.2,2,1,1.00,CYCLE,S
IND,208,6592,59453,18/01/2019,08:17:45,15,0,25.5,1.0,9.2,9.0,2,1,1.00,CYCLE,S
IND,208,6592,59453,18/01/2019,08:17:56,15,0,27.1,1.0,10.7,10.5,2,1,1.00,CYCLE,S
IND,208,6592,59453,18/01/2019,08:18:01,15,0,25.2,1.0,4.9,4.7,2,1,1.00,CYCLE,S
IND,208,6592,59452,18/01/2019,08:19:12,15,1,20.2,1.1,244.3,244.1,2,1,1.00,CYCLE,N
IND,208,6592,59453,18/01/2019,08:20:27,15,0,25.3,1.0,146.8,146.7,2,1,1.00,CYCLE,S
IND,208,6592,59453,18/01/2019,08:20:38,15,0,21.1,1.0,10.6,10.5,2,1,1.00,CYCLE,S
IND,208,6592,59453,18/01/2019,08:20:44,15,0,17.1,1.1,5.8,5.6,2,1,1.00,CYCLE,S
IND,208,6592,59453,18/01/2019,08:20:57,15,0,26.4,1.0,13.5,13.3,2,1,1.00,CYCLE,S
IND,208,6592,59453,18/01/2019,08:21:11,15,0,26.1,1.1,13.5,13.4,2,1,1.00,CYCLE,S
IND,208,6592,59452,18/01/2019,08:21:32,15,1,26.3,1.0,140.6,140.4,2,1,1.00,CYCLE,N
IND,208,6592,59453,18/01/2019,08:22:18,15,0,22.8,1.0,66.8,66.6,2,1,1.00,CYCLE,S
IND,208,6592,59453,18/01/2019,08:23:37,15,0,26.1,1.1,79.5,79.4,2,1,1.00,CYCLE,S
IND,208,6592,59452,18/01/2019,08:23:39,15,1,27.1,1.0,126.7,126.5,2,1,1.00,CYCLE,N
IND,208,6592,59453,18/01/2019,08:24:28,15,0,23.1,1.0,51.0,50.8,2,1,1.00,CYCLE,S
IND,208,6592,59453,18/01/2019,08:25:34,15,0,23.6,1.1,65.5,65.3,2,1,1.00,CYCLE,S
IND,208,6592,59453,18/01/2019,08:25:38,15,0,16.5,1.2,4.5,4.3,2,1,1.00,CYCLE,S
IND,208,6592,59453,18/01/2019,08:25:40,15,0,18.1,1.1,2.3,2.1,2,1,1.00,CYCLE,S
IND,208,6592,59453,18/01/2019,08:25:42,15,0,16.0,0.9,1.7,1.5,2,1,1.00,CYCLE,S
IND,208,6592,59453,18/01/2019,08:25:43,15,0,15.9,1.1,0.8,0.6,2,1,1.00,CYCLE,S
IND,208,6592,59453,18/01/2019,08:26:18,15,0,25.6,1.1,34.9,34.6,2,1,1.00,CYCLE,S
IND,208,6592,59453,18/01/2019,08:27:20,15,0,23.1,1.0,62.7,62.5,2,1,1.00,CYCLE,S
IND,208,6592,59453,18/01/2019,08:27:20,15,0,23.1,1.0,0.0,0.0,2,1,1.00,CYCLE,S
IND,208,6592,59453,18/01/2019,08:27:20,15,0,23.1,1.0,0.0,0.0,2,1,1.00,CYCLE,S
IND,208,6592,59453,18/01/2019,08:28:09,15,0,23.0,1.0,48.9,48.3,2,1,1.00,CYCLE,S
IND,208,6592,59453,18/01/2019,08:28:10,15,0,23.9,1.1,1.1,0.9,2,1,1.00,CYCLE,S
IND,208,6592,59453,18/01/2019,08:29:33,15,0,27.1,1.1,82.2,82.0,2,1,1.00,CYCLE,S
IND,208,6592,59453,18/01/2019,08:30:18,15,0,27.3,1.0,45.0,44.9,2,1,1.00,CYCLE,S
IND,208,6592,59453,18/01/2019,08:30:23,15,0,27.7,1.0,5.6,5.4,2,1,1.00,CYCLE,S
IND,208,6592,59453,18/01/2019,08:30:27,15,0,18.5,1.0,4.1,4.0,2,1,1.00,CYCLE,S
IND,208,6592,59453,18/01/2019,08:30:29,15,0,19.2,1.0,2.2,2.0,2,1,1.00,CYCLE,S
IND,208,6592,59453,18/01/2019,08:30:29,15,0,19.2,1.0,0.0,0.0,2,1,1.00,CYCLE,S
IND,208,6592,59453,18/01/2019,08:31:10,15,0,35.6,1.0,40.4,40.1,2,1,1.00,CYCLE,S
IND,208,6592,59453,18/01/2019,08:31:28,15,0,26.0,1.0,18.4,18.3,2,1,1.00,CYCLE,S
IND,208,6592,59453,18/01/2019,08:32:11,15,0,22.9,1.1,43.2,43.1,2,1,1.00,CYCLE,S
IND,208,6592,59453,18/01/2019,08:32:15,15,0,21.0,1.1,4.1,3.9,2,1,1.00,CYCLE,S
IND,208,6592,59453,18/01/2019,08:33:36,15,0,21.4,1.1,80.4,80.2,2,1,1.00,CYCLE,S
IND,208,6592,59453,18/01/2019,08:33:57,15,0,28.1,1.0,21.6,21.4,2,1,1.00,CYCLE,S
IND,208,6592,59453,18/01/2019,08:36:36,15,0,23.6,1.1,158.0,157.9,2,1,1.00,CYCLE,S
IND,208,6592,59453,18/01/2019,08:37:11,15,0,23.6,1.1,35.9,35.7,2,1,1.00,CYCLE,S
IND,208,6592,59453,18/01/2019,08:37:55,15,0,22.9,1.1,43.4,43.2,2,1,1.00,CYCLE,S
IND,208,6592,59453,18/01/2019,08:38:49,15,0,19.4,1.1,54.6,54.4,2,1,1.00,CYCLE,S
IND,208,6592,59453,18/01/2019,08:38:50,15,0,19.2,1.1,0.8,0.6,2,1,1.00,CYCLE,S
IND,208,6592,59453,18/01/2019,08:38:59,15,0,24.6,1.0,8.9,8.7,2,1,1.00,CYCLE,S
IND,208,6592,59453,18/01/2019,08:41:20,15,0,21.8,1.1,141.4,141.2,2,1,1.00,CYCLE,S
IND,208,6592,59452,18/01/2019,08:42:15,15,1,27.4,1.0,471.7,471.5,2,1,1.00,CYCLE,N
IND,208,6592,59452,18/01/2019,08:42:17,15,1,24.9,1.1,2.1,2.0,2,1,1.00,CYCLE,N
IND,208,6592,59452,18/01/2019,08:42:23,15,1,21.1,1.1,5.2,5.1,2,1,1.00,CYCLE,N
IND,208,6592,59453,18/01/2019,08:42:37,15,0,25.2,1.1,76.4,76.2,2,1,1.00,CYCLE,S
IND,208,6592,59453,18/01/2019,08:43:23,15,0,23.5,1.0,45.7,45.5,2,1,1.00,CYCLE,S
IND,208,6592,59453,18/01/2019,08:43:54,15,0,33.1,1.0,32.0,31.8,2,1,1.00,CYCLE,S
IND,208,6592,59452,18/01/2019,08:44:08,15,1,26.8,1.0,105.5,105.3,2,1,1.00,CYCLE,N
IND,208,6592,59453,18/01/2019,08:44:35,15,0,28.8,1.0,40.1,40.0,2,1,1.00,CYCLE,S
IND,208,6592,59453,18/01/2019,08:44:37,15,0,26.8,1.1,2.7,2.6,2,1,1.00,CYCLE,S
IND,208,6592,59453,18/01/2019,08:44:44,15,0,24.7,1.0,7.1,6.9,2,1,1.00,CYCLE,S
IND,208,6592,59453,18/01/2019,08:45:17,15,0,22.9,1.0,33.1,32.9,2,1,1.00,CYCLE,S
IND,208,6592,59453,18/01/2019,08:45:27,15,0,17.8,1.0,9.5,9.3,2,1,1.00,CYCLE,S
IND,208,6592,59453,18/01/2019,08:45:53,15,0,20.4,1.0,26.4,26.2,2,1,1.00,CYCLE,S
IND,208,6592,59453,18/01/2019,08:47:04,15,0,30.0,1.0,71.0,70.8,2,1,1.00,CYCLE,S
IND,208,6592,59452,18/01/2019,08:50:12,15,1,22.4,1.1,363.8,363.6,2,1,1.00,CYCLE,N
IND,208,6592,59453,18/01/2019,08:50:36,15,0,21.7,1.1,211.5,211.4,2,1,1.00,CYCLE,S
IND,208,6592,59452,18/01/2019,08:50:44,15,1,23.8,1.0,32.4,32.2,2,1,1.00,CYCLE,N
IND,208,6592,59453,18/01/2019,08:51:17,15,0,27.1,1.0,40.7,40.5,2,1,1.00,CYCLE,S
IND,208,6592,59453,18/01/2019,08:51:20,15,0,27.0,1.0,3.0,2.9,2,1,1.00,CYCLE,S
IND,208,6592,59453,18/01/2019,08:51:31,15,0,20.9,1.1,11.7,11.6,2,1,1.00,CYCLE,S
IND,208,6592,59453,18/01/2019,08:52:42,15,0,24.8,1.1,70.6,70.4,2,1,1.00,CYCLE,S
IND,208,6592,59453,18/01/2019,08:52:48,15,0,27.6,1.1,5.7,5.6,2,1,1.00,CYCLE,S
IND,208,6592,59453,18/01/2019,08:53:26,15,0,22.0,1.1,38.7,38.5,2,1,1.00,CYCLE,S
IND,208,6592,59453,18/01/2019,08:54:56,15,0,23.4,1.0,89.4,89.2,2,1,1.00,CYCLE,S
IND,208,6592,59453,18/01/2019,08:57:12,15,0,20.5,1.2,136.5,136.4,2,1,1.00,CYCLE,S
IND,208,6592,59453,18/01/2019,08:57:16,15,0,19.7,1.1,4.2,4.0,2,1,1.00,CYCLE,S
IND,208,6592,59452,18/01/2019,08:57:44,15,1,29.0,1.0,419.7,419.5,2,1,1.00,CYCLE,N
IND,208,6592,59452,18/01/2019,08:57:47,15,1,23.7,1.0,2.9,2.8,2,1,1.00,CYCLE,N
IND,208,6592,59453,18/01/2019,08:58:37,15,0,12.5,1.0,81.2,81.0,2,1,1.00,CYCLE,S
IND,208,6592,59453,18/01/2019,08:58:37,15,0,12.5,1.0,0.0,0.0,2,1,1.00,CYCLE,S
IND,208,6592,59453,18/01/2019,09:00:13,15,0,31.8,1.0,95.9,95.5,2,1,1.00,CYCLE,S
IND,208,6592,59453,18/01/2019,09:01:01,15,0,20.2,1.1,47.2,47.1,2,1,1.00,CYCLE,S
IND,208,6592,59452,18/01/2019,09:03:38,15,1,24.1,1.1,351.4,351.2,2,1,1.00,CYCLE,N
IND,208,6592,59453,18/01/2019,09:04:08,15,0,23.5,1.1,187.3,187.1,2,1,1.00,CYCLE,S
IND,208,6592,59453,18/01/2019,09:04:43,15,0,23.5,1.0,35.1,34.9,2,1,1.00,CYCLE,S
IND,208,6592,59453,18/01/2019,09:04:44,15,0,24.1,1.1,1.3,1.2,2,1,1.00,CYCLE,S
IND,208,6592,59453,18/01/2019,09:06:05,15,0,29.1,1.0,80.6,80.4,2,1,1.00,CYCLE,S
IND,208,6592,59453,18/01/2019,09:06:44,15,0,22.0,1.1,38.7,38.6,2,1,1.00,CYCLE,S
IND,208,6592,59452,18/01/2019,09:11:16,15,1,29.0,1.1,457.4,457.2,2,1,1.00,CYCLE,N
IND,208,6592,59453,18/01/2019,09:14:40,15,0,23.6,1.0,476.9,476.7,2,1,1.00,CYCLE,S
IND,208,6592,59453,18/01/2019,09:14:47,15,0,22.5,1.1,6.2,6.0,2,1,1.00,CYCLE,S
IND,208,6592,59453,18/01/2019,09:14:49,15,0,19.2,1.0,2.4,2.2,2,1,1.00,CYCLE,S
IND,208,6592,59453,18/01/2019,09:14:51,15,0,19.1,1.1,2.3,2.1,2,1,1.00,CYCLE,S
IND,208,6592,59453,18/01/2019,09:16:57,15,0,23.3,1.1,125.2,125.0,2,1,1.00,CYCLE,S
IND,208,6592,59453,18/01/2019,09:16:59,15,0,20.7,1.1,2.6,2.4,2,1,1.00,CYCLE,S
IND,208,6592,59453,18/01/2019,09:17:03,15,0,22.5,1.1,4.1,3.9,2,1,1.00,CYCLE,S
IND,208,6592,59452,18/01/2019,09:19:27,15,1,18.4,1.1,491.4,491.3,2,1,1.00,CYCLE,N
IND,208,6592,59453,18/01/2019,09:20:46,15,0,17.9,1.1,222.8,222.6,2,1,1.00,CYCLE,S
IND,208,6592,59453,18/01/2019,09:21:54,15,0,24.3,1.0,68.1,67.9,2,1,1.00,CYCLE,S
IND,208,6592,59453,18/01/2019,09:22:14,15,0,21.2,1.0,20.2,20.0,2,1,1.00,CYCLE,S
IND,208,6592,59452,18/01/2019,09:23:22,15,1,21.2,1.0,235.0,234.8,2,1,1.00,CYCLE,N
IND,208,6592,59453,18/01/2019,09:23:59,15,0,21.8,1.1,86.5,86.2,2,1,1.00,CYCLE,S
IND,208,6592,59453,18/01/2019,09:24:25,15,0,18.4,1.1,26.0,25.9,2,1,1.00,CYCLE,S
IND,208,6592,59453,18/01/2019,09:26:22,15,0,25.5,1.0,117.4,117.2,2,1,1.00,CYCLE,S
IND,208,6592,59453,18/01/2019,09:26:35,15,0,18.7,1.1,12.6,12.5,2,1,1.00,CYCLE,S
IND,208,6592,59453,18/01/2019,09:32:11,15,0,17.7,1.0,335.7,335.5,2,1,1.00,CYCLE,S
IND,208,6592,59453,18/01/2019,09:33:11,15,0,22.0,1.0,60.7,60.5,2,1,1.00,CYCLE,S
IND,208,6592,59453,18/01/2019,09:34:40,15,0,22.7,1.0,89.0,88.9,2,1,1.00,CYCLE,S
IND,208,6592,59453,18/01/2019,09:35:04,15,0,21.2,1.1,23.3,23.1,2,1,1.00,CYCLE,S
IND,208,6592,59453,18/01/2019,09:38:40,15,0,22.1,1.0,216.1,215.9,2,1,1.00,CYCLE,S
IND,208,6592,59453,18/01/2019,09:39:10,15,0,15.2,1.1,30.9,30.7,2,1,1.00,CYCLE,S
IND,208,6592,59453,18/01/2019,09:41:37,15,0,20.6,1.1,146.7,146.5,2,1,1.00,CYCLE,S
IND,208,6592,59452,18/01/2019,09:41:53,15,1,20.5,1.0,1111.2,1111.0,2,1,1.00,CYCLE,N
IND,208,6592,59452,18/01/2019,09:43:06,15,1,29.1,1.0,73.0,72.8,2,1,1.00,CYCLE,N
IND,208,6592,59453,18/01/2019,09:45:00,15,0,23.7,1.0,203.2,203.0,2,1,1.00,CYCLE,S
IND,208,6592,59453,18/01/2019,09:45:30,15,0,24.4,1.0,29.2,29.1,2,1,1.00,CYCLE,S
IND,208,6592,59453,18/01/2019,09:46:26,15,0,17.2,1.0,56.5,56.4,2,1,1.00,CYCLE,S
IND,208,6592,59453,18/01/2019,09:49:02,15,0,26.5,1.1,156.3,156.1,2,1,1.00,CYCLE,S
IND,208,6592,59453,18/01/2019,09:49:16,15,0,17.5,1.0,13.7,13.6,2,1,1.00,CYCLE,S
IND,208,6592,59453,18/01/2019,09:49:19,15,0,19.6,1.1,2.8,2.6,2,1,1.00,CYCLE,S
IND,208,6592,59452,18/01/2019,09:49:39,15,1,18.1,1.1,392.4,392.3,2,1,1.00,CYCLE,N
IND,208,6592,59452,18/01/2019,09:49:39,15,1,19.1,1.1,0.8,0.5,2,1,1.00,CYCLE,N
IND,208,6592,59452,18/01/2019,09:50:45,15,1,11.0,1.1,65.7,65.6,2,1,1.00,CYCLE,N
IND,208,6592,59452,18/01/2019,09:51:06,15,1,25.1,1.0,20.9,20.4,2,1,1.00,CYCLE,N
IND,208,6592,59452,18/01/2019,09:51:07,15,1,25.2,1.0,1.5,1.3,2,1,1.00,CYCLE,N
IND,208,6592,59452,18/01/2019,09:51:10,15,1,21.4,1.1,3.1,3.0,2,1,1.00,CYCLE,N
IND,208,6592,59452,18/01/2019,09:51:16,15,1,17.5,1.1,5.1,4.9,2,1,1.00,CYCLE,N
IND,208,6592,59452,18/01/2019,09:51:21,15,1,15.4,1.1,5.1,4.9,2,1,1.00,CYCLE,N
IND,208,6592,59453,18/01/2019,09:56:40,15,0,25.3,1.0,434.7,434.5,2,1,1.00,CYCLE,S
IND,208,6592,59453,18/01/2019,09:57:38,15,0,16.5,1.0,58.2,58.1,2,1,1.00,CYCLE,S
IND,208,6592,59453,18/01/2019,10:07:23,15,0,17.6,1.1,584.7,584.4,2,1,1.00,CYCLE,S
IND,208,6592,59453,18/01/2019,10:09:52,15,0,17.7,1.1,149.9,149.7,2,1,1.00,CYCLE,S
IND,208,6592,59452,18/01/2019,10:14:14,15,1,32.7,1.0,1373.2,1372.9,2,1,1.00,CYCLE,N
IND,208,6592,59452,18/01/2019,10:14:22,15,1,21.5,1.1,8.3,8.3,2,1,1.00,CYCLE,N
IND,208,6592,59453,18/01/2019,10:16:23,15,0,22.5,1.1,391.0,390.7,2,1,1.00,CYCLE,S
IND,208,6592,59453,18/01/2019,10:17:22,15,0,22.5,1.0,58.2,58.0,2,1,1.00,CYCLE,S
IND,208,6592,59453,18/01/2019,10:17:28,15,0,22.7,1.1,5.9,5.8,2,1,1.00,CYCLE,S
IND,208,6592,59453,18/01/2019,10:18:12,15,0,26.1,1.1,44.7,44.5,2,1,1.00,CYCLE,S
IND,208,6592,59452,18/01/2019,10:18:17,15,1,25.6,1.1,234.8,234.6,2,1,1.00,CYCLE,N
IND,208,6592,59453,18/01/2019,10:18:19,15,0,23.9,1.0,6.6,6.4,2,1,1.00,CYCLE,S
IND,208,6592,59452,18/01/2019,10:19:07,15,1,18.4,1.0,50.3,50.2,2,1,1.00,CYCLE,N
IND,208,6592,59453,18/01/2019,10:22:43,15,0,16.3,1.0,263.7,263.6,2,1,1.00,CYCLE,S
IND,208,6592,59452,18/01/2019,10:22:57,15,1,33.2,1.0,229.2,229.0,2,1,1.00,CYCLE,N
IND,208,6592,59453,18/01/2019,10:23:12,15,0,17.3,1.0,29.6,29.4,2,1,1.00,CYCLE,S
IND,208,6592,59453,18/01/2019,10:25:11,15,0,16.1,1.1,119.3,119.1,2,1,1.00,CYCLE,S
IND,208,6592,59452,18/01/2019,10:27:18,15,1,22.7,1.0,261.1,261.0,2,1,1.00,CYCLE,N
IND,208,6592,59453,18/01/2019,10:29:58,15,0,29.4,1.0,287.0,286.8,2,1,1.00,CYCLE,S
IND,208,6592,59453,18/01/2019,10:30:02,15,0,24.0,1.1,3.2,3.1,2,1,1.00,CYCLE,S
IND,208,6592,59453,18/01/2019,10:33:16,15,0,18.6,1.1,194.5,194.4,2,1,1.00,CYCLE,S
IND,208,6592,59453,18/01/2019,10:34:26,15,0,21.6,1.0,69.9,69.6,2,1,1.00,CYCLE,S
IND,208,6592,59453,18/01/2019,10:35:53,15,0,23.8,1.0,86.9,86.7,2,1,1.00,CYCLE,S
IND,208,6592,59452,18/01/2019,10:38:07,15,1,22.8,1.1,649.6,649.4,2,1,1.00,CYCLE,N
IND,208,6592,59453,18/01/2019,10:38:59,15,0,23.1,1.1,185.9,185.8,2,1,1.00,CYCLE,S
IND,208,6592,59453,18/01/2019,10:46:08,15,0,22.0,1.1,429.1,428.9,2,1,1.00,CYCLE,S
IND,208,6592,59453,18/01/2019,10:46:09,15,0,22.8,1.1,1.2,1.0,2,1,1.00,CYCLE,S
IND,208,6592,59452,18/01/2019,10:48:03,15,1,26.2,1.1,596.0,595.8,2,1,1.00,CYCLE,N
IND,208,6592,59452,18/01/2019,10:48:07,15,1,21.6,1.1,3.9,3.8,2,1,1.00,CYCLE,N
IND,208,6592,59452,18/01/2019,10:48:08,15,1,22.2,1.0,0.5,0.4,2,1,1.00,CYCLE,N
IND,208,6592,59452,18/01/2019,10:52:27,15,1,24.8,1.0,258.9,258.7,2,1,1.00,CYCLE,N
IND,208,6592,59452,18/01/2019,10:52:27,15,1,24.8,1.0,0.0,0.0,2,1,1.00,CYCLE,N
IND,208,6592,59453,18/01/2019,10:55:19,15,0,21.6,1.0,549.3,549.1,2,1,1.00,CYCLE,S
IND,208,6592,59453,18/01/2019,10:56:06,15,0,26.8,1.0,47.7,47.6,2,1,1.00,CYCLE,S
IND,208,6592,59452,18/01/2019,10:56:38,15,1,20.9,1.1,251.1,250.9,2,1,1.00,CYCLE,N
IND,208,6592,59453,18/01/2019,10:59:08,15,0,22.7,1.1,181.8,181.7,2,1,1.00,CYCLE,S
IND,208,6592,59452,18/01/2019,10:59:17,15,1,22.0,1.1,159.1,158.9,2,1,1.00,CYCLE,N
IND,208,6592,59452,18/01/2019,11:03:42,15,1,15.5,1.1,265.3,265.2,2,1,1.00,CYCLE,N
IND,208,6592,59453,18/01/2019,11:03:47,15,0,25.2,1.1,278.9,278.7,2,1,1.00,CYCLE,S
IND,208,6592,59453,18/01/2019,11:06:31,15,0,14.7,1.1,164.5,164.3,2,1,1.00,CYCLE,S
IND,208,6592,59452,18/01/2019,11:09:22,15,1,26.0,1.1,340.0,339.7,2,1,1.00,CYCLE,N
IND,208,6592,59452,18/01/2019,11:12:03,15,1,22.5,1.0,160.6,160.5,2,1,1.00,CYCLE,N
IND,208,6592,59453,18/01/2019,11:13:59,15,0,17.5,1.1,447.6,447.3,2,1,1.00,CYCLE,S
IND,208,6592,59452,18/01/2019,11:17:51,15,1,18.3,1.1,348.4,348.2,2,1,1.00,CYCLE,N
IND,208,6592,59452,18/01/2019,11:19:15,15,1,25.7,1.0,84.0,83.8,2,1,1.00,CYCLE,N
IND,208,6592,59452,18/01/2019,11:19:16,15,1,26.6,1.0,1.3,1.2,2,1,1.00,CYCLE,N
IND,208,6592,59453,18/01/2019,11:21:21,15,0,17.3,1.1,35.0,34.8,2,1,1.00,CYCLE,S
IND,208,6592,59453,18/01/2019,11:22:17,15,0,12.0,1.2,55.8,55.6,2,1,1.00,CYCLE,S
IND,208,6592,59452,18/01/2019,11:26:15,15,1,22.4,1.1,418.5,418.3,2,1,1.00,CYCLE,N
IND,208,6592,59452,18/01/2019,11:26:55,15,1,21.0,1.1,39.9,39.7,2,1,1.00,CYCLE,N
IND,208,6592,59452,18/01/2019,11:27:09,15,1,2.0,0.1,14.7,15.3,2,1,1.00,CYCLE,N
IND,208,6592,59452,18/01/2019,11:29:31,15,1,12.5,1.0,141.6,140.8,2,1,1.00,CYCLE,N
IND,208,6592,59452,18/01/2019,11:29:41,15,1,15.9,1.1,10.0,9.7,2,1,1.00,CYCLE,N
IND,208,6592,59453,18/01/2019,11:31:49,15,0,25.7,1.1,571.8,571.5,2,1,1.00,CYCLE,S
IND,208,6592,59453,18/01/2019,11:32:05,15,0,18.2,1.0,16.1,15.9,2,1,0.86,CYCLE,S
IND,208,6592,59453,18/01/2019,11:32:16,15,0,13.2,1.0,11.8,11.6,2,1,1.00,CYCLE,S
IND,208,6592,59453,18/01/2019,11:33:01,15,0,22.5,1.1,44.8,44.5,2,1,1.00,CYCLE,S
IND,208,6592,59452,18/01/2019,11:33:18,15,1,19.1,1.1,0.8,0.6,2,1,1.00,CYCLE,N
IND,208,6592,59452,18/01/2019,11:35:05,15,1,26.7,1.0,107.0,106.8,2,1,1.00,CYCLE,N
IND,208,6592,59452,18/01/2019,11:35:06,15,1,27.9,1.1,1.2,1.1,2,1,1.00,CYCLE,N
IND,208,6592,59453,18/01/2019,11:37:12,15,0,30.2,1.0,251.1,250.9,2,1,1.00,CYCLE,S
IND,208,6592,59453,18/01/2019,11:37:13,15,0,25.5,1.0,0.2,0.1,2,1,1.00,CYCLE,S
IND,208,6592,59452,18/01/2019,11:38:48,15,1,18.5,1.0,221.9,221.7,2,1,1.00,CYCLE,N
IND,208,6592,59453,18/01/2019,11:41:06,15,0,25.4,1.0,233.3,233.2,2,1,1.00,CYCLE,S
IND,208,6592,59453,18/01/2019,11:41:13,15,0,19.4,1.0,7.0,6.8,2,1,1.00,CYCLE,S
IND,208,6592,59453,18/01/2019,11:41:13,15,0,19.4,1.0,0.0,0.0,2,1,1.00,CYCLE,S
IND,208,6592,59452,18/01/2019,11:41:28,15,1,27.4,1.0,160.4,160.2,2,1,1.00,CYCLE,N
IND,208,6592,59453,18/01/2019,11:43:04,15,0,19.4,1.0,111.4,111.2,2,1,1.00,CYCLE,S
IND,208,6592,59453,18/01/2019,11:43:10,15,0,21.8,1.1,5.7,5.5,2,1,1.00,CYCLE,S
IND,208,6592,59453,18/01/2019,11:43:15,15,0,18.3,1.0,5.0,4.8,2,1,1.00,CYCLE,S
IND,208,6592,59453,18/01/2019,11:44:22,15,0,21.4,1.0,67.4,67.2,2,1,1.00,CYCLE,S
IND,208,6592,59453,18/01/2019,11:46:45,15,0,21.3,1.0,142.4,142.3,2,1,1.00,CYCLE,S
IND,208,6592,59452,18/01/2019,11:50:32,15,1,26.8,1.1,543.6,543.5,2,1,1.00,CYCLE,N
IND,208,6592,59453,18/01/2019,11:53:55,15,0,24.8,1.0,430.0,429.8,2,1,0.75,CYCLE,S
IND,208,6592,59452,18/01/2019,11:54:22,15,1,27.1,1.0,230.4,230.3,2,1,1.00,CYCLE,N
IND,208,6592,59453,18/01/2019,11:57:35,15,0,29.1,1.0,220.5,220.3,2,1,1.00,CYCLE,S
IND,208,6592,59452,18/01/2019,12:00:04,15,1,20.6,1.0,341.8,341.7,2,1,1.00,CYCLE,N
IND,208,6592,59452,18/01/2019,12:00:18,15,1,23.4,1.0,13.6,13.4,2,1,1.00,CYCLE,N
IND,208,6592,59452,18/01/2019,12:02:55,15,1,14.4,1.0,157.7,157.6,2,1,1.00,CYCLE,N
IND,208,6592,59452,18/01/2019,12:02:57,15,1,14.2,1.0,1.4,1.1,2,1,1.00,CYCLE,N
IND,208,6592,59453,18/01/2019,12:04:28,15,0,17.0,1.1,412.4,412.2,2,1,1.00,CYCLE,S
IND,208,6592,59453,18/01/2019,12:05:46,15,0,10.9,1.1,78.1,77.9,2,1,1.00,CYCLE,S
IND,208,6592,59452,18/01/2019,12:06:02,15,1,21.2,1.0,185.4,185.1,2,1,1.00,CYCLE,N
IND,208,6592,59453,18/01/2019,12:08:16,15,0,22.8,1.0,150.0,149.6,2,1,1.00,CYCLE,S
IND,208,6592,59453,18/01/2019,12:08:22,15,0,18.2,1.0,6.2,6.1,2,1,1.00,CYCLE,S
IND,208,6592,59452,18/01/2019,12:09:40,15,1,38.7,1.0,218.1,217.9,2,1,1.00,CYCLE,N
IND,208,6592,59452,18/01/2019,12:09:40,15,1,28.9,1.1,0.2,0.1,2,1,1.00,CYCLE,N
IND,208,6592,59452,18/01/2019,12:09:41,15,1,27.1,1.0,1.0,0.8,2,1,1.00,CYCLE,N
IND,208,6592,59452,18/01/2019,12:11:37,15,1,24.2,1.1,115.3,115.2,2,1,1.00,CYCLE,N
IND,208,6592,59452,18/01/2019,12:11:52,15,1,21.8,1.1,15.6,15.4,2,1,1.00,CYCLE,N
IND,208,6592,59453,18/01/2019,12:13:35,15,0,21.9,1.1,313.3,313.1,2,1,1.00,CYCLE,S
IND,208,6592,59453,18/01/2019,12:13:38,15,0,22.4,1.0,2.6,2.4,2,1,1.00,CYCLE,S
IND,208,6592,59452,18/01/2019,12:18:24,15,1,21.9,1.0,391.8,391.6,2,1,1.00,CYCLE,N
IND,208,6592,59452,18/01/2019,12:21:21,15,1,28.5,1.0,177.0,176.8,2,1,1.00,CYCLE,N
IND,208,6592,59452,18/01/2019,12:22:02,15,1,18.4,1.0,40.7,40.6,2,1,1.00,CYCLE,N
IND,208,6592,59452,18/01/2019,12:22:07,15,1,15.9,1.0,5.2,5.0,2,1,1.00,CYCLE,N
IND,208,6592,59453,18/01/2019,12:22:17,15,0,24.9,1.1,518.8,518.6,2,1,1.00,CYCLE,S
IND,208,6592,59453,18/01/2019,12:23:27,15,0,23.4,1.1,70.7,70.5,2,1,1.00,CYCLE,S
IND,208,6592,59452,18/01/2019,12:27:58,15,1,23.4,1.1,351.5,351.2,2,1,1.00,CYCLE,N
IND,208,6592,59452,18/01/2019,12:31:19,15,1,28.1,1.0,200.6,200.5,2,1,1.00,CYCLE,N
IND,208,6592,59452,18/01/2019,12:31:20,15,1,26.2,1.0,1.2,1.1,2,1,1.00,CYCLE,N
IND,208,6592,59452,18/01/2019,12:34:03,15,1,20.9,1.1,162.2,162.1,2,1,1.00,CYCLE,N
IND,208,6592,59452,18/01/2019,12:35:46,15,1,23.3,1.0,103.9,103.7,2,1,1.00,CYCLE,N
IND,208,6592,59452,18/01/2019,12:36:20,15,1,16.7,1.0,33.7,33.6,2,1,1.00,CYCLE,N
IND,208,6592,59453,18/01/2019,12:37:06,15,0,24.6,1.0,819.2,819.0,2,1,1.00,CYCLE,S
IND,208,6592,59452,18/01/2019,12:38:06,15,1,16.8,1.0,106.3,106.1,2,1,1.00,CYCLE,N
IND,208,6592,59452,18/01/2019,12:38:08,15,1,16.0,1.0,1.3,1.0,2,1,1.00,CYCLE,N
IND,208,6592,59453,18/01/2019,12:38:34,15,0,30.3,1.1,87.4,87.2,2,1,1.00,CYCLE,S
IND,208,6592,59452,18/01/2019,12:46:18,15,1,22.7,1.0,489.9,489.6,2,1,1.00,CYCLE,N
IND,208,6592,59453,18/01/2019,12:46:19,15,0,19.5,1.0,465.6,465.5,2,1,1.00,CYCLE,S
IND,208,6592,59453,18/01/2019,12:47:48,15,0,22.8,1.1,88.8,88.6,2,1,1.00,CYCLE,S
IND,208,6592,59452,18/01/2019,12:50:02,15,1,18.1,1.0,224.4,224.3,2,1,1.00,CYCLE,N
IND,208,6592,59452,18/01/2019,12:50:36,15,1,20.2,1.1,33.7,33.5,2,1,1.00,CYCLE,N
IND,208,6592,59452,18/01/2019,12:50:36,15,1,19.3,1.1,0.6,0.4,2,1,1.00,CYCLE,N
IND,208,6592,59453,18/01/2019,12:50:45,15,0,15.7,1.0,176.9,176.7,2,1,1.00,CYCLE,S
IND,208,6592,59453,18/01/2019,12:50:45,15,0,15.7,1.0,0.0,0.0,2,1,1.00,CYCLE,S
IND,208,6592,59452,18/01/2019,12:51:56,15,1,23.9,1.0,80.1,79.9,2,1,1.00,CYCLE,N
IND,208,6592,59452,18/01/2019,12:52:01,15,1,20.5,1.1,4.9,4.7,2,1,1.00,CYCLE,N
IND,208,6592,59452,18/01/2019,12:57:58,15,1,20.3,1.0,356.8,356.6,2,1,1.00,CYCLE,N
IND,208,6592,59452,18/01/2019,13:01:44,15,1,29.5,1.0,225.8,225.6,2,1,1.00,CYCLE,N
IND,208,6592,59452,18/01/2019,13:05:17,15,1,27.8,1.0,212.9,212.8,2,1,1.00,CYCLE,N
IND,208,6592,59452,18/01/2019,13:07:14,15,1,26.5,1.0,117.3,117.2,2,1,1.00,CYCLE,N
IND,208,6592,59452,18/01/2019,13:07:21,15,1,36.1,1.0,6.9,6.7,2,1,1.00,CYCLE,N
IND,208,6592,59452,18/01/2019,13:10:40,15,1,27.9,1.1,199.1,199.0,2,1,1.00,CYCLE,N
IND,208,6592,59452,18/01/2019,13:10:41,15,1,18.9,0.9,1.3,1.2,2,1,1.00,CYCLE,N
IND,208,6592,59452,18/01/2019,13:10:43,15,1,25.5,1.0,2.0,1.8,2,1,1.00,CYCLE,N
IND,208,6592,59452,18/01/2019,13:10:44,15,1,15.5,1.0,1.2,1.1,2,1,1.00,CYCLE,N
IND,208,6592,59452,18/01/2019,13:10:45,15,1,22.5,1.1,0.4,0.1,2,1,1.00,CYCLE,N
IND,208,6592,59453,18/01/2019,13:12:25,15,0,23.0,1.1,695.3,695.0,2,1,1.00,CYCLE,S
IND,208,6592,59453,18/01/2019,13:12:31,15,0,25.3,1.0,6.4,6.2,2,1,1.00,CYCLE,S
IND,208,6592,59453,18/01/2019,13:15:57,15,0,21.4,1.0,206.4,206.3,2,1,1.00,CYCLE,S
IND,208,6592,59452,18/01/2019,13:16:49,15,1,27.0,1.1,364.5,364.3,2,1,1.00,CYCLE,N
IND,208,6592,59452,18/01/2019,13:16:50,15,1,20.7,1.1,1.0,0.9,2,1,1.00,CYCLE,N
IND,208,6592,59453,18/01/2019,13:17:42,15,0,16.1,1.0,104.3,104.1,2,1,1.00,CYCLE,S
IND,208,6592,59453,18/01/2019,13:17:42,15,0,16.1,1.0,0.0,0.0,2,1,1.00,CYCLE,S
IND,208,6592,59453,18/01/2019,13:17:44,15,0,19.1,0.9,2.3,2.0,2,1,1.00,CYCLE,S
IND,208,6592,59453,18/01/2019,13:20:39,15,0,25.1,1.0,175.3,175.2,2,1,1.00,CYCLE,S
IND,208,6592,59452,18/01/2019,13:22:15,15,1,31.4,1.0,324.4,324.2,2,1,1.00,CYCLE,N
IND,208,6592,59452,18/01/2019,13:22:16,15,1,30.2,1.1,0.7,0.6,2,1,1.00,CYCLE,N
IND,208,6592,59453,18/01/2019,13:22:33,15,0,24.5,1.0,113.8,113.7,2,1,1.00,CYCLE,S
IND,208,6592,59452,18/01/2019,13:23:13,15,1,24.0,1.1,57.4,57.2,2,1,1.00,CYCLE,N
IND,208,6592,59453,18/01/2019,13:23:46,15,0,30.0,1.0,73.2,73.0,2,1,1.00,CYCLE,S
IND,208,6592,59452,18/01/2019,13:25:12,15,1,15.9,1.1,119.6,119.4,2,1,1.00,CYCLE,N
IND,208,6592,59452,18/01/2019,13:26:12,15,1,25.6,1.1,59.4,59.1,2,1,1.00,CYCLE,N
IND,208,6592,59453,18/01/2019,13:27:15,15,0,25.1,0.8,169.2,169.0,2,1,1.00,CYCLE,S
IND,208,6592,59453,18/01/2019,13:28:16,15,0,21.4,1.1,60.8,60.7,2,1,1.00,CYCLE,S
IND,208,6592,59452,18/01/2019,13:28:20,15,1,30.6,1.1,127.9,127.7,2,1,1.00,CYCLE,N
IND,208,6592,59452,18/01/2019,13:30:30,15,1,31.6,1.0,130.0,129.9,2,1,1.00,CYCLE,N
IND,208,6592,59452,18/01/2019,13:30:46,15,1,23.0,1.1,16.4,16.3,2,1,1.00,CYCLE,N
IND,208,6592,59452,18/01/2019,13:36:06,15,1,29.0,1.0,319.5,319.3,2,1,1.00,CYCLE,N
IND,208,6592,59452,18/01/2019,13:36:50,15,1,22.9,1.1,44.5,44.4,2,1,1.00,CYCLE,N
IND,208,6592,59453,18/01/2019,13:38:43,15,0,17.0,1.0,627.2,627.0,2,1,1.00,CYCLE,S
IND,208,6592,59453,18/01/2019,13:39:08,15,0,19.6,1.0,24.6,24.4,2,1,1.00,CYCLE,S
IND,208,6592,59452,18/01/2019,13:42:03,15,1,34.0,1.1,312.9,312.7,2,1,1.00,CYCLE,N
IND,208,6592,59452,18/01/2019,13:42:08,15,1,32.3,1.1,5.3,5.2,2,1,1.00,CYCLE,N
IND,208,6592,59452,18/01/2019,13:42:11,15,1,35.6,1.1,2.7,2.6,2,1,1.00,CYCLE,N
IND,208,6592,59452,18/01/2019,13:44:12,15,1,32.1,1.1,121.4,121.3,2,1,1.00,CYCLE,N
IND,208,6592,59452,18/01/2019,13:44:14,15,1,33.6,1.0,1.6,1.4,2,1,1.00,CYCLE,N
IND,208,6592,59453,18/01/2019,13:45:02,15,0,15.9,1.1,354.5,354.3,2,1,1.00,CYCLE,S
IND,208,6592,59453,18/01/2019,13:45:08,15,0,20.3,1.1,5.7,5.4,2,1,1.00,CYCLE,S
IND,208,6592,59453,18/01/2019,13:45:33,15,0,20.5,1.0,25.2,25.0,2,1,1.00,CYCLE,S
IND,208,6592,59452,18/01/2019,13:48:07,15,1,26.1,1.1,233.0,232.9,2,1,1.00,CYCLE,N
IND,208,6592,59453,18/01/2019,13:48:38,15,0,17.2,1.0,184.5,184.3,2,1,1.00,CYCLE,S
IND,208,6592,59453,18/01/2019,13:48:38,15,0,17.2,1.0,0.0,0.0,2,1,1.00,CYCLE,S
IND,208,6592,59453,18/01/2019,13:48:39,15,0,18.1,1.1,1.0,0.7,2,1,1.00,CYCLE,S
IND,208,6592,59453,18/01/2019,13:48:40,15,0,18.1,1.1,1.5,1.3,2,1,1.00,CYCLE,S
IND,208,6592,59452,18/01/2019,13:49:54,15,1,19.1,1.0,107.3,107.1,2,1,1.00,CYCLE,N
IND,208,6592,59452,18/01/2019,13:50:48,15,1,23.4,1.0,54.2,54.0,2,1,1.00,CYCLE,N
IND,208,6592,59453,18/01/2019,13:51:19,15,0,9.3,1.1,159.0,158.8,2,1,1.00,CYCLE,S
IND,208,6592,59453,18/01/2019,13:51:21,15,0,8.6,1.1,1.6,1.2,2,1,1.00,CYCLE,S
IND,208,6592,59452,18/01/2019,13:54:53,15,1,30.2,1.0,244.9,244.8,2,1,1.00,CYCLE,N
IND,208,6592,59452,18/01/2019,13:54:55,15,1,27.2,1.1,2.1,2.0,2,1,1.00,CYCLE,N
IND,208,6592,59452,18/01/2019,13:54:58,15,1,23.5,1.1,2.9,2.7,2,1,1.00,CYCLE,N
IND,208,6592,59452,18/01/2019,13:55:06,15,1,18.5,1.0,7.5,7.3,2,1,1.00,CYCLE,N
IND,208,6592,59452,18/01/2019,13:55:35,15,1,14.7,0.9,28.9,28.7,2,1,1.00,CYCLE,N
IND,208,6592,59453,18/01/2019,13:56:14,15,0,18.7,1.0,293.5,293.0,2,1,1.00,CYCLE,S
IND,208,6592,59452,18/01/2019,13:57:46,15,1,30.9,1.1,130.9,130.6,2,1,1.00,CYCLE,N
IND,208,6592,59452,18/01/2019,13:57:49,15,1,26.3,1.1,3.6,3.5,2,1,1.00,CYCLE,N
IND,208,6592,59452,18/01/2019,14:00:10,15,1,32.2,1.1,141.1,141.0,2,1,1.00,CYCLE,N
IND,208,6592,59452,18/01/2019,14:00:17,15,1,30.9,1.0,6.5,6.3,2,1,1.00,CYCLE,N
IND,208,6592,59452,18/01/2019,14:00:19,15,1,27.4,1.0,2.4,2.2,2,1,1.00,CYCLE,N
IND,208,6592,59452,18/01/2019,14:00:20,15,1,27.6,1.1,1.3,1.1,2,1,1.00,CYCLE,N
IND,208,6592,59452,18/01/2019,14:01:57,15,1,31.8,1.0,96.7,96.5,2,1,1.00,CYCLE,N
IND,208,6592,59452,18/01/2019,14:01:59,15,1,29.6,1.1,1.5,1.4,2,1,1.00,CYCLE,N
IND,208,6592,59452,18/01/2019,14:02:04,15,1,23.8,1.0,6.0,5.8,2,1,1.00,CYCLE,N
IND,208,6592,59453,18/01/2019,14:03:53,15,0,18.7,1.1,459.2,459.0,2,1,1.00,CYCLE,S
IND,208,6592,59452,18/01/2019,14:05:57,15,1,33.4,1.0,232.2,232.0,2,1,1.00,CYCLE,N
IND,208,6592,59452,18/01/2019,14:06:01,15,1,23.4,1.1,1.0,0.9,2,1,1.00,CYCLE,N
IND,208,6592,59452,18/01/2019,14:06:08,15,1,15.6,1.0,7.1,6.9,2,1,1.00,CYCLE,N
IND,208,6592,59452,18/01/2019,14:07:00,15,1,13.7,1.1,51.6,51.4,2,1,1.00,CYCLE,N
IND,208,6592,59453,18/01/2019,14:09:19,15,0,28.9,1.0,325.2,325.0,2,1,1.00,CYCLE,S
IND,208,6592,59453,18/01/2019,14:10:13,15,0,18.1,1.0,54.8,54.7,2,1,1.00,CYCLE,S
IND,208,6592,59453,18/01/2019,14:10:13,15,0,18.1,1.0,0.0,0.0,2,1,1.00,CYCLE,S
IND,208,6592,59452,18/01/2019,14:10:26,15,1,24.9,1.0,206.5,206.2,2,1,1.00,CYCLE,N
IND,208,6592,59452,18/01/2019,14:10:29,15,1,19.2,1.1,2.5,2.3,2,1,1.00,CYCLE,N
IND,208,6592,59452,18/01/2019,14:12:10,15,1,23.9,1.0,101.4,101.2,2,1,1.00,CYCLE,N
IND,208,6592,59452,18/01/2019,14:12:11,15,1,24.7,1.1,1.1,1.0,2,1,1.00,CYCLE,N
IND,208,6592,59452,18/01/2019,14:12:15,15,1,23.9,1.1,3.6,3.5,2,1,1.00,CYCLE,N
IND,208,6592,59453,18/01/2019,14:12:57,15,0,22.8,1.0,163.7,163.2,2,1,1.00,CYCLE,S
IND,208,6592,59452,18/01/2019,14:12:59,15,1,27.6,1.1,43.9,43.7,2,1,1.00,CYCLE,N
IND,208,6592,59452,18/01/2019,14:13:44,15,1,29.1,1.0,44.9,44.8,2,1,1.00,CYCLE,N
IND,208,6592,59452,18/01/2019,14:13:47,15,1,27.7,1.0,3.6,3.5,2,1,1.00,CYCLE,N
IND,208,6592,59452,18/01/2019,14:15:26,15,1,17.1,1.0,99.1,99.0,2,1,1.00,CYCLE,N
IND,208,6592,59452,18/01/2019,14:15:26,15,1,17.1,1.0,0.0,0.0,2,1,1.00,CYCLE,N
IND,208,6592,59452,18/01/2019,14:17:39,15,1,29.2,1.0,133.2,132.9,2,1,1.00,CYCLE,N
IND,208,6592,59452,18/01/2019,14:17:42,15,1,26.2,1.1,2.8,2.7,2,1,1.00,CYCLE,N
IND,208,6592,59452,18/01/2019,14:17:47,15,1,32.5,1.0,4.6,4.4,2,1,1.00,CYCLE,N
IND,208,6592,59452,18/01/2019,14:18:00,15,1,27.2,1.1,13.0,12.9,2,1,1.00,CYCLE,N
IND,208,6592,59453,18/01/2019,14:18:01,15,0,23.5,1.1,303.8,303.6,2,1,1.00,CYCLE,S
IND,208,6592,59453,18/01/2019,14:18:05,15,0,19.8,1.2,4.3,4.1,2,1,1.00,CYCLE,S
IND,208,6592,59453,18/01/2019,14:20:48,15,0,19.2,1.0,162.3,162.1,2,1,1.00,CYCLE,S
IND,208,6592,59453,18/01/2019,14:20:59,15,0,20.0,1.0,11.3,11.1,2,1,1.00,CYCLE,S
IND,208,6592,59452,18/01/2019,14:21:31,15,1,32.4,1.1,211.2,211.1,2,1,1.00,CYCLE,N
IND,208,6592,59452,18/01/2019,14:21:35,15,1,25.4,1.1,4.0,3.8,2,1,1.00,CYCLE,N
IND,208,6592,59452,18/01/2019,14:22:12,15,1,19.9,1.0,37.1,36.9,2,1,1.00,CYCLE,N
IND,208,6592,59453,18/01/2019,14:23:13,15,0,24.2,1.0,134.5,134.4,2,1,1.00,CYCLE,S
IND,208,6592,59453,18/01/2019,14:23:21,15,0,20.2,1.1,7.3,7.2,2,1,1.00,CYCLE,S
IND,208,6592,59452,18/01/2019,14:23:43,15,1,30.6,1.0,90.9,90.7,2,1,1.00,CYCLE,N
IND,208,6592,59452,18/01/2019,14:24:17,15,1,23.8,1.0,33.8,33.7,2,1,1.00,CYCLE,N
IND,208,6592,59452,18/01/2019,14:24:21,15,1,19.4,1.1,4.6,4.5,2,1,1.00,CYCLE,N
IND,208,6592,59452,18/01/2019,14:25:30,15,1,25.2,1.1,0.4,0.1,2,1,1.00,CYCLE,N
IND,208,6592,59452,18/01/2019,14:25:32,15,1,16.4,1.1,2.1,2.0,2,1,1.00,CYCLE,N
IND,208,6592,59452,18/01/2019,14:25:33,15,1,14.9,0.9,1.7,1.5,2,1,1.00,CYCLE,N
IND,208,6592,59452,18/01/2019,14:25:34,15,1,14.8,1.1,0.6,0.4,2,1,1.00,CYCLE,N
IND,208,6592,59452,18/01/2019,14:25:54,15,1,24.4,1.1,19.7,19.4,2,1,1.00,CYCLE,N
IND,208,6592,59452,18/01/2019,14:27:34,15,1,28.7,1.0,99.8,99.6,2,1,1.00,CYCLE,N
IND,208,6592,59453,18/01/2019,14:27:35,15,0,25.6,1.1,254.0,253.8,2,1,1.00,CYCLE,S
IND,208,6592,59452,18/01/2019,14:27:58,15,1,31.3,1.0,24.9,24.7,2,1,1.00,CYCLE,N
IND,208,6592,59452,18/01/2019,14:28:00,15,1,30.7,1.0,1.2,1.1,2,1,1.00,CYCLE,N
IND,208,6592,59453,18/01/2019,14:29:58,15,0,23.6,1.0,143.7,143.6,2,1,1.00,CYCLE,S
IND,208,6592,59452,18/01/2019,14:30:22,15,1,18.7,1.0,142.1,142.0,2,1,1.00,CYCLE,N
IND,208,6592,59452,18/01/2019,14:31:26,15,1,30.6,1.0,64.5,64.2,2,1,1.00,CYCLE,N
IND,208,6592,59452,18/01/2019,14:31:38,15,1,28.9,1.1,11.5,11.4,2,1,1.00,CYCLE,N
IND,208,6592,59452,18/01/2019,14:31:50,15,1,25.2,1.1,12.6,12.5,2,1,1.00,CYCLE,N
IND,208,6592,59452,18/01/2019,14:33:27,15,1,32.8,1.0,96.4,96.2,2,1,1.00,CYCLE,N
IND,208,6592,59452,18/01/2019,14:33:28,15,1,29.5,1.1,1.8,1.7,2,1,1.00,CYCLE,N
IND,208,6592,59452,18/01/2019,14:33:30,15,1,29.2,1.0,1.4,1.2,2,1,1.00,CYCLE,N
IND,208,6592,59452,18/01/2019,14:33:31,15,1,17.6,1.0,1.3,1.3,2,1,1.00,CYCLE,N
IND,208,6592,59452,18/01/2019,14:33:31,15,1,17.6,1.0,0.0,0.0,2,1,1.00,CYCLE,N
IND,208,6592,59452,18/01/2019,14:33:33,15,1,17.7,1.0,1.5,1.2,2,1,1.00,CYCLE,N
IND,208,6592,59452,18/01/2019,14:33:33,15,1,29.8,1.0,0.5,0.3,2,1,1.00,CYCLE,N
IND,208,6592,59452,18/01/2019,14:33:35,15,1,19.1,1.1,1.4,1.3,2,1,1.00,CYCLE,N
IND,208,6592,59452,18/01/2019,14:33:50,15,1,26.0,1.1,15.0,14.8,2,1,1.00,CYCLE,N
IND,208,6592,59452,18/01/2019,14:33:51,15,1,25.5,1.2,1.4,1.2,2,1,1.00,CYCLE,N
IND,208,6592,59452,18/01/2019,14:35:35,15,1,28.3,1.0,104.1,103.9,2,1,1.00,CYCLE,N
IND,208,6592,59453,18/01/2019,14:37:44,15,0,20.0,1.1,465.7,465.5,2,1,1.00,CYCLE,S
IND,208,6592,59452,18/01/2019,14:37:55,15,1,26.2,1.1,139.5,139.4,2,1,1.00,CYCLE,N
IND,208,6592,59452,18/01/2019,14:39:18,15,1,39.7,1.0,83.1,83.0,2,1,1.00,CYCLE,N
IND,208,6592,59452,18/01/2019,14:39:25,15,1,33.2,1.0,7.6,7.5,2,1,1.00,CYCLE,N
IND,208,6592,59452,18/01/2019,14:40:05,15,1,24.1,1.1,39.7,39.6,2,1,1.00,CYCLE,N
IND,208,6592,59452,18/01/2019,14:40:07,15,1,23.3,1.1,2.3,2.2,2,1,1.00,CYCLE,N
IND,208,6592,59452,18/01/2019,14:41:30,15,1,26.7,1.0,82.6,82.4,2,1,1.00,CYCLE,N
IND,208,6592,59453,18/01/2019,14:42:35,15,0,19.7,1.1,291.2,291.1,2,1,1.00,CYCLE,S
IND,208,6592,59453,18/01/2019,14:43:04,15,0,17.8,1.0,28.3,28.2,2,1,1.00,CYCLE,S
IND,208,6592,59452,18/01/2019,14:43:11,15,1,36.3,1.0,101.6,101.4,2,1,1.00,CYCLE,N
IND,208,6592,59452,18/01/2019,14:43:17,15,1,30.7,1.1,5.9,5.8,2,1,1.00,CYCLE,N
IND,208,6592,59453,18/01/2019,14:43:28,15,0,25.6,1.0,24.0,23.8,2,1,1.00,CYCLE,S
IND,208,6592,59452,18/01/2019,14:43:36,15,1,24.7,1.0,18.8,18.7,2,1,1.00,CYCLE,N
IND,208,6592,59452,18/01/2019,14:43:46,15,1,25.1,1.0,9.8,9.7,2,1,1.00,CYCLE,N
IND,208,6592,59452,18/01/2019,14:44:09,15,1,20.9,1.1,23.0,22.8,2,1,1.00,CYCLE,N
IND,208,6592,59453,18/01/2019,14:45:43,15,0,23.5,1.0,135.8,135.7,2,1,1.00,CYCLE,S
IND,208,6592,59452,18/01/2019,14:45:51,15,1,30.4,1.1,102.3,102.1,2,1,1.00,CYCLE,N
IND,208,6592,59453,18/01/2019,14:47:02,15,0,12.8,0.0,78.9,78.7,2,1,1.00,CYCLE,S
IND,208,6592,59452,18/01/2019,14:47:22,15,1,16.3,1.0,90.3,90.2,2,1,1.00,CYCLE,N
IND,208,6592,59452,18/01/2019,14:47:53,15,1,28.8,1.0,31.8,31.6,2,1,1.00,CYCLE,N
IND,208,6592,59452,18/01/2019,14:49:21,15,1,33.0,1.0,87.6,87.4,2,1,1.00,CYCLE,N
IND,208,6592,59452,18/01/2019,14:49:23,15,1,34.7,1.0,2.2,2.1,2,1,1.00,CYCLE,N
IND,208,6592,59452,18/01/2019,14:49:26,15,1,30.8,1.1,2.6,2.5,2,1,1.00,CYCLE,N
IND,208,6592,59452,18/01/2019,14:49:27,15,1,31.7,1.0,0.8,0.7,2,1,1.00,CYCLE,N
IND,208,6592,59452,18/01/2019,14:49:27,15,1,32.2,1.0,0.6,0.5,2,1,1.00,CYCLE,N
IND,208,6592,59453,18/01/2019,14:49:39,15,0,23.1,1.0,156.4,156.4,2,1,1.00,CYCLE,S
IND,208,6592,59453,18/01/2019,14:49:40,15,0,25.9,1.0,1.8,1.6,2,1,1.00,CYCLE,S
IND,208,6592,59452,18/01/2019,14:49:43,15,1,32.9,1.1,15.5,15.4,2,1,1.00,CYCLE,N
IND,208,6592,59452,18/01/2019,14:49:48,15,1,24.9,1.1,5.0,4.9,2,1,1.00,CYCLE,N
IND,208,6592,59452,18/01/2019,14:49:48,15,1,30.8,1.1,0.4,0.2,2,1,1.00,CYCLE,N
IND,208,6592,59452,18/01/2019,14:51:20,15,1,30.6,1.1,92.3,92.2,2,1,1.00,CYCLE,N
IND,208,6592,59452,18/01/2019,14:51:42,15,1,24.9,1.0,22.1,22.0,2,1,1.00,CYCLE,N
IND,208,6592,59453,18/01/2019,14:51:43,15,0,18.9,1.1,122.4,122.3,2,1,1.00,CYCLE,S
IND,208,6592,59452,18/01/2019,14:51:57,15,1,25.1,1.1,14.1,14.0,2,1,1.00,CYCLE,N
IND,208,6592,59453,18/01/2019,14:52:19,15,0,19.6,1.0,35.6,35.4,2,1,1.00,CYCLE,S
IND,208,6592,59452,18/01/2019,14:53:25,15,1,27.7,1.1,5.1,4.9,2,1,1.00,CYCLE,N
IND,208,6592,59453,18/01/2019,14:53:28,15,0,15.2,1.1,69.7,69.5,2,1,1.00,CYCLE,S
IND,208,6592,59452,18/01/2019,14:53:45,15,1,24.5,1.1,20.0,19.8,2,1,1.00,CYCLE,N
IND,208,6592,59452,18/01/2019,14:53:52,15,1,26.7,1.1,6.9,6.8,2,1,1.00,CYCLE,N
IND,208,6592,59453,18/01/2019,14:54:38,15,0,23.2,1.0,69.5,69.2,2,1,1.00,CYCLE,S
IND,208,6592,59452,18/01/2019,14:55:19,15,1,21.4,0.9,87.0,86.9,2,1,1.00,CYCLE,N
IND,208,6592,59452,18/01/2019,14:55:23,15,1,12.7,1.0,4.0,3.9,2,1,1.00,CYCLE,N
IND,208,6592,59452,18/01/2019,14:55:24,15,1,13.4,0.9,1.3,1.1,2,1,1.00,CYCLE,N
IND,208,6592,59452,18/01/2019,14:55:27,15,1,34.3,1.0,2.6,2.3,2,1,1.00,CYCLE,N
IND,208,6592,59452,18/01/2019,14:55:50,15,1,24.5,1.0,23.0,22.9,2,1,1.00,CYCLE,N
IND,208,6592,59452,18/01/2019,14:57:13,15,1,25.4,1.1,83.1,82.9,2,1,1.00,CYCLE,N
IND,208,6592,59452,18/01/2019,14:57:18,15,1,32.8,1.0,5.0,4.8,2,1,1.00,CYCLE,N
IND,208,6592,59452,18/01/2019,14:57:41,15,1,25.1,1.0,22.8,22.7,2,1,1.00,CYCLE,N
IND,208,6592,59452,18/01/2019,14:57:53,15,1,23.3,1.0,12.4,12.3,2,1,1.00,CYCLE,N
IND,208,6592,59453,18/01/2019,14:58:31,15,0,21.3,1.1,233.5,233.4,2,1,1.00,CYCLE,S
IND,208,6592,59452,18/01/2019,14:59:11,15,1,33.8,1.0,77.4,77.2,2,1,1.00,CYCLE,N
IND,208,6592,59453,18/01/2019,14:59:18,15,0,24.8,1.1,47.0,46.8,2,1,1.00,CYCLE,S
IND,208,6592,59453,18/01/2019,14:59:21,15,0,29.2,1.0,2.7,2.5,2,1,1.00,CYCLE,S
IND,208,6592,59452,18/01/2019,14:59:25,15,1,26.7,1.1,14.5,14.4,2,1,1.00,CYCLE,N
IND,208,6592,59452,18/01/2019,14:59:31,15,1,28.3,1.0,5.9,5.7,2,1,1.00,CYCLE,N
IND,208,6592,59453,18/01/2019,14:59:33,15,0,16.2,1.0,12.4,12.2,2,1,1.00,CYCLE,S
IND,208,6592,59452,18/01/2019,15:00:08,15,1,20.4,1.1,37.2,37.1,2,1,1.00,CYCLE,N
IND,208,6592,59452,18/01/2019,15:01:16,15,1,36.3,1.0,67.9,67.7,2,1,1.00,CYCLE,N
IND,208,6592,59452,18/01/2019,15:01:20,15,1,34.3,1.1,3.8,3.7,2,1,1.00,CYCLE,N
IND,208,6592,59453,18/01/2019,15:01:22,15,0,26.2,1.0,108.3,108.1,2,1,1.00,CYCLE,S
IND,208,6592,59453,18/01/2019,15:01:22,15,0,26.2,1.0,0.5,0.3,2,1,1.00,CYCLE,S
IND,208,6592,59453,18/01/2019,15:01:28,15,0,24.9,1.1,5.8,5.7,2,1,1.00,CYCLE,S
IND,208,6592,59452,18/01/2019,15:01:33,15,1,24.2,1.1,12.5,12.4,2,1,1.00,CYCLE,N
IND,208,6592,59453,18/01/2019,15:01:35,15,0,17.9,0.7,7.0,6.9,2,1,1.00,CYCLE,S
IND,208,6592,59452,18/01/2019,15:01:43,15,1,22.5,1.1,9.9,9.8,2,1,1.00,CYCLE,N
IND,208,6592,59453,18/01/2019,15:01:44,15,0,17.5,1.1,8.7,8.6,2,1,1.00,CYCLE,S
IND,208,6592,59452,18/01/2019,15:01:47,15,1,23.8,1.0,4.4,4.2,2,1,1.00,CYCLE,N
IND,208,6592,59452,18/01/2019,15:02:11,15,1,19.4,1.0,24.5,24.3,2,1,1.00,CYCLE,N
IND,208,6592,59452,18/01/2019,15:03:14,15,1,28.5,1.1,62.7,62.5,2,1,1.00,CYCLE,N
IND,208,6592,59452,18/01/2019,15:03:21,15,1,24.7,1.0,6.7,6.6,2,1,1.00,CYCLE,N
IND,208,6592,59452,18/01/2019,15:03:30,15,1,30.2,1.0,9.0,8.8,2,1,1.00,CYCLE,N
IND,208,6592,59452,18/01/2019,15:03:43,15,1,21.9,1.0,12.8,12.7,2,1,1.00,CYCLE,N
IND,208,6592,59452,18/01/2019,15:03:52,15,1,19.8,1.1,9.0,8.8,2,1,1.00,CYCLE,N
IND,208,6592,59452,18/01/2019,15:05:31,15,1,27.8,1.0,99.5,99.3,2,1,1.00,CYCLE,N
IND,208,6592,59452,18/01/2019,15:05:38,15,1,29.3,1.0,6.7,6.6,2,1,1.00,CYCLE,N
IND,208,6592,59452,18/01/2019,15:05:40,15,1,24.9,1.0,2.3,2.2,2,1,1.00,CYCLE,N
IND,208,6592,59452,18/01/2019,15:05:45,15,1,23.8,1.1,5.2,5.0,2,1,1.00,CYCLE,N
IND,208,6592,59452,18/01/2019,15:07:31,15,1,28.8,1.0,105.5,105.4,2,1,1.00,CYCLE,N
IND,208,6592,59452,18/01/2019,15:07:32,15,1,26.9,1.0,1.1,1.0,2,1,1.00,CYCLE,N
IND,208,6592,59452,18/01/2019,15:07:46,15,1,24.5,1.2,13.6,13.5,2,1,1.00,CYCLE,N
IND,208,6592,59453,18/01/2019,15:09:15,15,0,30.1,1.0,451.1,450.8,2,1,0.86,CYCLE,S
IND,208,6592,59453,18/01/2019,15:09:15,15,0,30.5,1.0,0.5,0.4,2,1,1.00,CYCLE,S
IND,208,6592,59453,18/01/2019,15:09:19,15,0,27.8,1.1,3.7,3.6,2,1,1.00,CYCLE,S
IND,208,6592,59452,18/01/2019,15:09:22,15,1,28.8,1.0,96.7,96.5,2,1,1.00,CYCLE,N
IND,208,6592,59452,18/01/2019,15:10:55,15,1,23.4,1.0,92.4,92.2,2,1,1.00,CYCLE,N
IND,208,6592,59452,18/01/2019,15:11:00,15,1,21.1,1.0,5.7,5.5,2,1,1.00,CYCLE,N
IND,208,6592,59452,18/01/2019,15:11:14,15,1,34.8,1.0,13.8,13.6,2,1,1.00,CYCLE,N
IND,208,6592,59452,18/01/2019,15:11:19,15,1,33.0,1.0,4.8,4.7,2,1,1.00,CYCLE,N
IND,208,6592,59452,18/01/2019,15:11:28,15,1,31.3,1.0,9.4,9.2,2,1,1.00,CYCLE,N
IND,208,6592,59452,18/01/2019,15:11:30,15,1,30.0,1.1,1.4,1.3,2,1,1.00,CYCLE,N
IND,208,6592,59452,18/01/2019,15:11:32,15,1,27.8,1.0,2.6,2.4,2,1,1.00,CYCLE,N
IND,208,6592,59452,18/01/2019,15:11:41,15,1,30.7,1.0,9.2,9.1,2,1,1.00,CYCLE,N
IND,208,6592,59452,18/01/2019,15:11:46,15,1,28.5,1.0,4.8,4.7,2,1,1.00,CYCLE,N
IND,208,6592,59452,18/01/2019,15:11:48,15,1,25.7,1.1,2.1,2.0,2,1,1.00,CYCLE,N
IND,208,6592,59452,18/01/2019,15:13:17,15,1,32.0,1.0,88.5,88.4,2,1,1.00,CYCLE,N
IND,208,6592,59452,18/01/2019,15:13:18,15,1,34.6,1.0,1.3,1.2,2,1,1.00,CYCLE,N
IND,208,6592,59452,18/01/2019,15:13:22,15,1,29.5,1.1,3.9,3.8,2,1,1.00,CYCLE,N
IND,208,6592,59452,18/01/2019,15:13:26,15,1,32.5,1.1,3.8,3.7,2,1,1.00,CYCLE,N
IND,208,6592,59452,18/01/2019,15:13:27,15,1,30.8,1.0,1.1,1.0,2,1,1.00,CYCLE,N
IND,208,6592,59452,18/01/2019,15:13:32,15,1,35.8,1.0,4.5,4.4,2,1,1.00,CYCLE,N
IND,208,6592,59452,18/01/2019,15:13:35,15,1,26.2,1.0,3.9,3.8,2,1,1.00,CYCLE,N
IND,208,6592,59453,18/01/2019,15:13:54,15,0,25.7,1.0,274.8,274.7,2,1,1.00,CYCLE,S
IND,208,6592,59453,18/01/2019,15:14:01,15,0,29.8,1.0,6.9,6.8,2,1,1.00,CYCLE,S
IND,208,6592,59453,18/01/2019,15:15:16,15,0,39.1,1.1,75.7,75.6,2,1,1.00,CYCLE,S
IND,208,6592,59452,18/01/2019,15:15:26,15,1,28.8,1.1,110.3,110.1,2,1,1.00,CYCLE,N
IND,208,6592,59452,18/01/2019,15:15:31,15,1,29.8,1.0,5.2,5.1,2,1,1.00,CYCLE,N
IND,208,6592,59452,18/01/2019,15:15:32,15,1,30.5,1.0,1.2,1.1,2,1,1.00,CYCLE,N
IND,208,6592,59452,18/01/2019,15:15:38,15,1,24.4,1.1,5.6,5.5,2,1,1.00,CYCLE,N
IND,208,6592,59452,18/01/2019,15:15:45,15,1,27.5,1.0,7.3,7.1,2,1,1.00,CYCLE,N
IND,208,6592,59452,18/01/2019,15:15:50,15,1,22.5,1.1,5.3,5.0,2,1,1.00,CYCLE,N
IND,208,6592,59452,18/01/2019,15:15:51,15,1,22.9,1.1,0.6,0.4,2,1,1.00,CYCLE,N
IND,208,6592,59453,18/01/2019,15:16:58,15,0,25.2,1.0,101.7,101.6,2,1,1.00,CYCLE,S
IND,208,6592,59452,18/01/2019,15:17:05,15,1,25.2,1.0,74.0,73.8,2,1,1.00,CYCLE,N
IND,208,6592,59452,18/01/2019,15:17:12,15,1,16.2,1.1,7.5,7.4,2,1,1.00,CYCLE,N
IND,208,6592,59453,18/01/2019,15:17:19,15,0,23.7,1.0,21.0,20.8,2,1,1.00,CYCLE,S
IND,208,6592,59452,18/01/2019,15:17:32,15,1,27.9,1.0,19.7,19.4,2,1,1.00,CYCLE,N
IND,208,6592,59452,18/01/2019,15:17:48,15,1,23.4,1.1,15.4,15.3,2,1,1.00,CYCLE,N
IND,208,6592,59452,18/01/2019,15:17:48,15,1,24.7,1.0,0.5,0.3,2,1,1.00,CYCLE,N
IND,208,6592,59452,18/01/2019,15:17:53,15,1,23.3,1.1,5.2,5.0,2,1,1.00,CYCLE,N
IND,208,6592,59453,18/01/2019,15:18:03,15,0,30.7,1.0,43.5,43.4,2,1,1.00,CYCLE,S
IND,208,6592,59452,18/01/2019,15:19:16,15,1,37.0,1.0,82.8,82.6,2,1,1.00,CYCLE,N
IND,208,6592,59452,18/01/2019,15:19:25,15,1,32.5,1.0,8.4,8.3,2,1,1.00,CYCLE,N
IND,208,6592,59452,18/01/2019,15:19:28,15,1,27.8,1.1,3.8,3.7,2,1,1.00,CYCLE,N
IND,208,6592,59452,18/01/2019,15:19:30,15,1,28.6,1.0,1.3,1.1,2,1,1.00,CYCLE,N
IND,208,6592,59452,18/01/2019,15:19:33,15,1,28.7,1.0,3.3,3.2,2,1,1.00,CYCLE,N
IND,208,6592,59452,18/01/2019,15:19:34,15,1,27.4,1.1,1.3,1.2,2,1,1.00,CYCLE,N
IND,208,6592,59453,18/01/2019,15:19:39,15,0,32.2,1.0,96.2,96.1,2,1,1.00,CYCLE,S
IND,208,6592,59452,18/01/2019,15:19:40,15,1,26.7,1.0,6.2,6.1,2,1,1.00,CYCLE,N
IND,208,6592,59452,18/01/2019,15:19:55,15,1,27.0,1.1,15.0,14.8,2,1,1.00,CYCLE,N
IND,208,6592,59452,18/01/2019,15:21:24,15,1,32.7,1.1,88.3,88.1,2,1,1.00,CYCLE,N
IND,208,6592,59452,18/01/2019,15:21:28,15,1,32.0,1.0,4.4,4.2,2,1,1.00,CYCLE,N
IND,208,6592,59452,18/01/2019,15:21:29,15,1,30.8,1.0,0.9,0.8,2,1,1.00,CYCLE,N
IND,208,6592,59452,18/01/2019,15:21:30,15,1,30.9,1.1,1.0,0.9,2,1,1.00,CYCLE,N
IND,208,6592,59452,18/01/2019,15:21:32,15,1,28.6,1.1,2.2,2.0,2,1,1.00,CYCLE,N
IND,208,6592,59452,18/01/2019,15:21:33,15,1,27.3,1.1,0.6,0.5,2,1,1.00,CYCLE,N
IND,208,6592,59452,18/01/2019,15:21:36,15,1,27.7,1.0,3.7,3.6,2,1,1.00,CYCLE,N
IND,208,6592,59452,18/01/2019,15:21:43,15,1,25.6,1.1,6.3,6.2,2,1,1.00,CYCLE,N
IND,208,6592,59452,18/01/2019,15:21:47,15,1,26.2,1.1,4.1,3.9,2,1,1.00,CYCLE,N
IND,208,6592,59452,18/01/2019,15:21:47,15,1,26.6,1.1,0.6,0.5,2,1,1.00,CYCLE,N
IND,208,6592,59452,18/01/2019,15:21:48,15,1,37.0,1.1,0.5,0.3,2,1,1.00,CYCLE,N
IND,208,6592,59452,18/01/2019,15:21:50,15,1,25.2,1.0,2.4,2.3,2,1,1.00,CYCLE,N
IND,208,6592,59453,18/01/2019,15:22:51,15,0,29.2,1.0,191.9,191.8,2,1,1.00,CYCLE,S
IND,208,6592,59452,18/01/2019,15:23:25,15,1,30.0,1.0,94.4,94.3,2,1,1.00,CYCLE,N
IND,208,6592,59452,18/01/2019,15:23:27,15,1,31.0,1.0,1.9,1.8,2,1,1.00,CYCLE,N
IND,208,6592,59452,18/01/2019,15:23:27,15,1,32.0,1.1,0.6,0.4,2,1,1.00,CYCLE,N
IND,208,6592,59452,18/01/2019,15:23:28,15,1,30.0,1.0,0.8,0.7,2,1,1.00,CYCLE,N
IND,208,6592,59452,18/01/2019,15:23:43,15,1,23.8,1.1,14.8,14.7,2,1,1.00,CYCLE,N
IND,208,6592,59452,18/01/2019,15:23:55,15,1,20.7,1.0,11.8,11.7,2,1,1.00,CYCLE,N
IND,208,6592,59452,18/01/2019,15:25:25,15,1,33.9,1.0,90.1,89.9,2,1,1.00,CYCLE,N
IND,208,6592,59452,18/01/2019,15:25:26,15,1,33.9,1.0,1.4,1.3,2,1,1.00,CYCLE,N
IND,208,6592,59452,18/01/2019,15:25:28,15,1,31.7,1.0,2.1,2.0,2,1,1.00,CYCLE,N
IND,208,6592,59452,18/01/2019,15:25:29,15,1,31.6,1.0,0.9,0.7,2,1,1.00,CYCLE,N
IND,208,6592,59453,18/01/2019,15:25:29,15,0,22.4,1.0,158.7,158.6,2,1,1.00,CYCLE,S
IND,208,6592,59453,18/01/2019,15:25:29,15,0,22.4,1.0,0.0,0.0,2,1,1.00,CYCLE,S
IND,208,6592,59452,18/01/2019,15:25:33,15,1,26.9,1.1,4.0,3.9,2,1,1.00,CYCLE,N
IND,208,6592,59452,18/01/2019,15:25:38,15,1,27.7,1.0,4.6,4.5,2,1,1.00,CYCLE,N
IND,208,6592,59452,18/01/2019,15:25:38,15,1,27.7,1.0,0.0,0.0,2,1,1.00,CYCLE,N
IND,208,6592,59452,18/01/2019,15:25:38,15,1,28.2,1.1,0.8,0.6,2,1,1.00,CYCLE,N
IND,208,6592,59452,18/01/2019,15:25:40,15,1,27.0,1.0,2.1,1.9,2,1,1.00,CYCLE,N
IND,208,6592,59452,18/01/2019,15:25:45,15,1,24.9,1.0,4.1,3.9,2,1,1.00,CYCLE,N
IND,208,6592,59452,18/01/2019,15:25:45,15,1,30.2,1.0,0.5,0.3,2,1,1.00,CYCLE,N
IND,208,6592,59452,18/01/2019,15:25:45,15,1,25.4,1.0,0.2,0.1,2,1,1.00,CYCLE,N
IND,208,6592,59452,18/01/2019,15:25:54,15,1,23.8,1.1,8.8,8.7,2,1,1.00,CYCLE,N
IND,208,6592,59452,18/01/2019,15:25:56,15,1,23.1,1.1,2.1,2.0,2,1,1.00,CYCLE,N
IND,208,6592,59452,18/01/2019,15:27:34,15,1,29.6,1.0,97.4,97.2,2,1,1.00,CYCLE,N
IND,208,6592,59452,18/01/2019,15:27:37,15,1,28.6,1.0,3.1,3.0,2,1,1.00,CYCLE,N
IND,208,6592,59452,18/01/2019,15:27:58,15,1,22.2,1.0,13.6,13.5,2,1,1.00,CYCLE,N
IND,208,6592,59452,18/01/2019,15:28:00,15,1,21.8,1.1,1.5,1.4,2,1,1.00,CYCLE,N
IND,208,6592,59452,18/01/2019,15:28:04,15,1,22.0,1.1,4.2,4.0,2,1,1.00,CYCLE,N
IND,208,6592,59452,18/01/2019,15:29:10,15,1,34.2,1.0,66.2,66.0,2,1,1.00,CYCLE,N
IND,208,6592,59452,18/01/2019,15:29:13,15,1,33.6,1.0,3.5,3.4,2,1,1.00,CYCLE,N
IND,208,6592,59452,18/01/2019,15:29:17,15,1,28.7,1.0,3.4,3.4,2,1,1.00,CYCLE,N
IND,208,6592,59452,18/01/2019,15:29:27,15,1,24.3,1.1,9.6,9.5,2,1,1.00,CYCLE,N
IND,208,6592,59452,18/01/2019,15:29:28,15,1,23.5,1.1,1.4,1.2,2,1,1.00,CYCLE,N
IND,208,6592,59452,18/01/2019,15:29:29,15,1,26.8,1.0,0.9,0.8,2,1,1.00,CYCLE,N
IND,208,6592,59452,18/01/2019,15:29:29,15,1,19.0,1.0,0.4,0.3,2,1,1.00,CYCLE,N
IND,208,6592,59452,18/01/2019,15:29:56,15,1,22.0,1.1,26.4,26.2,2,1,1.00,CYCLE,N
IND,208,6592,59453,18/01/2019,15:30:45,15,0,23.0,1.1,315.4,315.2,2,1,1.00,CYCLE,S
IND,208,6592,59453,18/01/2019,15:31:13,15,0,18.3,1.1,28.5,28.3,2,1,1.00,CYCLE,S
IND,208,6592,59452,18/01/2019,15:31:23,15,1,29.8,1.0,87.1,86.9,2,1,1.00,CYCLE,N
IND,208,6592,59452,18/01/2019,15:31:23,15,1,29.5,1.0,0.5,0.4,2,1,1.00,CYCLE,N
IND,208,6592,59452,18/01/2019,15:31:25,15,1,32.3,1.0,2.1,2.0,2,1,1.00,CYCLE,N
IND,208,6592,59452,18/01/2019,15:31:32,15,1,28.1,1.0,7.1,6.9,2,1,1.00,CYCLE,N
IND,208,6592,59452,18/01/2019,15:31:34,15,1,28.2,1.0,1.7,1.5,2,1,1.00,CYCLE,N
IND,208,6592,59452,18/01/2019,15:31:37,15,1,27.1,1.0,3.2,3.1,2,1,1.00,CYCLE,N
IND,208,6592,59452,18/01/2019,15:31:46,15,1,27.0,1.1,8.3,8.2,2,1,1.00,CYCLE,N
IND,208,6592,59452,18/01/2019,15:33:21,15,1,26.4,1.1,95.1,94.9,2,1,1.00,CYCLE,N
IND,208,6592,59452,18/01/2019,15:33:23,15,1,26.6,1.0,2.0,1.9,2,1,1.00,CYCLE,N
IND,208,6592,59452,18/01/2019,15:33:31,15,1,29.8,1.0,8.3,8.2,2,1,1.00,CYCLE,N
IND,208,6592,59452,18/01/2019,15:33:31,15,1,30.9,1.1,0.5,0.4,2,1,1.00,CYCLE,N
IND,208,6592,59452,18/01/2019,15:33:38,15,1,29.6,1.1,6.9,6.8,2,1,1.00,CYCLE,N
IND,208,6592,59452,18/01/2019,15:33:39,15,1,33.0,1.0,1.0,0.8,2,1,1.00,CYCLE,N
IND,208,6592,59452,18/01/2019,15:33:39,15,1,33.0,1.0,0.0,0.0,2,1,1.00,CYCLE,N
IND,208,6592,59452,18/01/2019,15:33:48,15,1,25.4,1.0,9.1,8.9,2,1,1.00,CYCLE,N
IND,208,6592,59452,18/01/2019,15:33:54,15,1,24.0,1.0,5.1,5.0,2,1,1.00,CYCLE,N
IND,208,6592,59452,18/01/2019,15:35:06,15,1,23.5,1.0,72.2,72.0,2,1,1.00,CYCLE,N
IND,208,6592,59452,18/01/2019,15:35:27,15,1,32.1,1.0,20.8,20.6,2,1,1.00,CYCLE,N
IND,208,6592,59452,18/01/2019,15:35:27,15,1,31.1,1.0,0.3,0.2,2,1,1.00,CYCLE,N
IND,208,6592,59452,18/01/2019,15:35:31,15,1,21.8,1.0,4.4,4.3,2,1,1.00,CYCLE,N
IND,208,6592,59452,18/01/2019,15:35:31,15,1,28.4,1.1,0.3,0.1,2,1,1.00,CYCLE,N
IND,208,6592,59452,18/01/2019,15:35:32,15,1,31.0,1.0,1.0,0.8,2,1,1.00,CYCLE,N
IND,208,6592,59452,18/01/2019,15:35:33,15,1,32.0,1.0,0.5,0.4,2,1,1.00,CYCLE,N
IND,208,6592,59452,18/01/2019,15:35:36,15,1,30.8,1.1,2.6,2.5,2,1,1.00,CYCLE,N
IND,208,6592,59452,18/01/2019,15:35:36,15,1,31.7,1.0,0.6,0.5,2,1,1.00,CYCLE,N
IND,208,6592,59452,18/01/2019,15:35:39,15,1,30.2,1.0,2.8,2.7,2,1,1.00,CYCLE,N
IND,208,6592,59452,18/01/2019,15:35:40,15,1,29.9,1.0,0.9,0.8,2,1,1.00,CYCLE,N
IND,208,6592,59452,18/01/2019,15:35:42,15,1,28.3,1.1,2.4,2.3,2,1,1.00,CYCLE,N
IND,208,6592,59453,18/01/2019,15:36:08,15,0,24.9,1.0,295.2,295.0,2,1,1.00,CYCLE,S
IND,208,6592,59452,18/01/2019,15:36:10,15,1,28.3,1.1,28.0,27.9,2,1,1.00,CYCLE,N
IND,208,6592,59452,18/01/2019,15:37:17,15,1,23.4,1.1,67.1,67.0,2,1,1.00,CYCLE,N
IND,208,6592,59452,18/01/2019,15:37:30,15,1,32.7,1.1,12.3,12.1,2,1,1.00,CYCLE,N
IND,208,6592,59452,18/01/2019,15:37:32,15,1,27.7,1.1,1.9,1.8,2,1,1.00,CYCLE,N
IND,208,6592,59452,18/01/2019,15:37:33,15,1,29.8,1.1,1.5,1.3,2,1,1.00,CYCLE,N
IND,208,6592,59452,18/01/2019,15:37:34,15,1,30.6,1.0,1.0,0.9,2,1,1.00,CYCLE,N
IND,208,6592,59452,18/01/2019,15:37:35,15,1,32.9,1.0,1.2,1.1,2,1,1.00,CYCLE,N
IND,208,6592,59452,18/01/2019,15:37:36,15,1,32.6,1.0,0.4,0.3,2,1,1.00,CYCLE,N
IND,208,6592,59452,18/01/2019,15:37:41,15,1,25.5,1.1,5.4,5.3,2,1,1.00,CYCLE,N
IND,208,6592,59452,18/01/2019,15:37:46,15,1,24.5,1.1,4.5,4.3,2,1,1.00,CYCLE,N
IND,208,6592,59452,18/01/2019,15:37:47,15,1,27.6,1.0,1.2,1.0,2,1,1.00,CYCLE,N
IND,208,6592,59452,18/01/2019,15:37:47,15,1,24.2,1.1,0.3,0.1,2,1,1.00,CYCLE,N
IND,208,6592,59452,18/01/2019,15:37:54,15,1,24.8,1.1,7.3,7.1,2,1,1.00,CYCLE,N
IND,208,6592,59452,18/01/2019,15:38:47,15,1,25.7,1.1,52.5,52.4,2,1,1.00,CYCLE,N
IND,208,6592,59452,18/01/2019,15:38:48,15,1,28.9,1.0,1.1,1.0,2,1,1.00,CYCLE,N
IND,208,6592,59453,18/01/2019,15:39:12,15,0,22.8,1.1,183.4,183.2,2,1,1.00,CYCLE,S
IND,208,6592,59452,18/01/2019,15:39:22,15,1,27.5,1.1,33.8,33.7,2,1,1.00,CYCLE,N
IND,208,6592,59452,18/01/2019,15:39:26,15,1,32.4,1.0,3.9,3.7,2,1,1.00,CYCLE,N
IND,208,6592,59452,18/01/2019,15:39:31,15,1,26.9,1.1,5.5,5.4,2,1,1.00,CYCLE,N
IND,208,6592,59452,18/01/2019,15:39:40,15,1,24.6,1.1,9.2,9.0,2,1,1.00,CYCLE,N
IND,208,6592,59452,18/01/2019,15:39:54,15,1,22.9,1.1,14.0,13.9,2,1,1.00,CYCLE,N
IND,208,6592,59452,18/01/2019,15:41:21,15,1,16.0,1.0,86.7,86.6,2,1,1.00,CYCLE,N
IND,208,6592,59452,18/01/2019,15:41:21,15,1,16.0,1.0,0.0,0.0,2,1,1.00,CYCLE,N
IND,208,6592,59452,18/01/2019,15:41:32,15,1,29.3,1.0,10.7,10.3,2,1,1.00,CYCLE,N
IND,208,6592,59452,18/01/2019,15:41:36,15,1,25.1,1.0,4.2,4.1,2,1,1.00,CYCLE,N
IND,208,6592,59452,18/01/2019,15:41:36,15,1,25.1,1.0,0.0,0.0,2,1,1.00,CYCLE,N
IND,208,6592,59452,18/01/2019,15:41:49,15,1,23.3,1.1,12.9,12.7,2,1,1.00,CYCLE,N
IND,208,6592,59452,18/01/2019,15:41:50,15,1,27.6,1.0,1.7,1.5,2,1,1.00,CYCLE,N
IND,208,6592,59452,18/01/2019,15:42:05,15,1,19.6,1.0,13.8,13.7,2,1,1.00,CYCLE,N
IND,208,6592,59452,18/01/2019,15:43:10,15,1,33.6,1.0,65.0,64.8,2,1,1.00,CYCLE,N
IND,208,6592,59452,18/01/2019,15:43:20,15,1,27.6,1.0,10.3,10.2,2,1,1.00,CYCLE,N
IND,208,6592,59452,18/01/2019,15:43:22,15,1,30.2,1.0,2.3,2.1,2,1,1.00,CYCLE,N
IND,208,6592,59453,18/01/2019,15:43:44,15,0,25.3,1.1,271.7,271.5,2,1,1.00,CYCLE,S
IND,208,6592,59453,18/01/2019,15:43:45,15,0,26.4,1.1,1.1,0.9,2,1,1.00,CYCLE,S
IND,208,6592,59453,18/01/2019,15:43:53,15,0,18.4,1.1,7.9,7.8,2,1,1.00,CYCLE,S
IND,208,6592,59452,18/01/2019,15:44:03,15,1,20.6,1.1,41.1,41.0,2,1,1.00,CYCLE,N
IND,208,6592,59452,18/01/2019,15:44:05,15,1,19.9,1.1,1.9,1.7,2,1,1.00,CYCLE,N
IND,208,6592,59452,18/01/2019,15:45:26,15,1,30.0,1.0,80.6,80.4,2,1,1.00,CYCLE,N
IND,208,6592,59452,18/01/2019,15:45:28,15,1,32.8,1.1,2.4,2.3,2,1,1.00,CYCLE,N
IND,208,6592,59452,18/01/2019,15:45:28,15,1,33.5,1.0,0.3,0.2,2,1,1.00,CYCLE,N
IND,208,6592,59452,18/01/2019,15:45:30,15,1,30.1,1.0,1.8,1.7,2,1,1.00,CYCLE,N
IND,208,6592,59452,18/01/2019,15:45:39,15,1,29.0,1.0,8.6,8.5,2,1,1.00,CYCLE,N
IND,208,6592,59452,18/01/2019,15:45:39,15,1,26.5,1.0,0.2,0.1,2,1,1.00,CYCLE,N
IND,208,6592,59452,18/01/2019,15:45:41,15,1,27.6,1.1,1.5,1.4,2,1,1.00,CYCLE,N
IND,208,6592,59452,18/01/2019,15:45:44,15,1,27.7,1.0,3.5,3.4,2,1,1.00,CYCLE,N
IND,208,6592,59452,18/01/2019,15:45:48,15,1,25.9,1.0,4.3,4.2,2,1,1.00,CYCLE,N
IND,208,6592,59452,18/01/2019,15:45:49,15,1,25.0,1.0,0.9,0.8,2,1,1.00,CYCLE,N
IND,208,6592,59452,18/01/2019,15:45:50,15,1,26.9,1.0,1.0,0.9,2,1,1.00,CYCLE,N
IND,208,6592,59452,18/01/2019,15:45:52,15,1,26.6,1.0,1.4,1.2,2,1,1.00,CYCLE,N
IND,208,6592,59452,18/01/2019,15:45:52,15,1,25.8,1.0,0.8,0.7,2,1,1.00,CYCLE,N
IND,208,6592,59453,18/01/2019,15:46:51,15,0,25.0,0.8,178.6,178.4,2,1,1.00,CYCLE,S
IND,208,6592,59452,18/01/2019,15:47:31,15,1,29.3,1.0,98.8,98.6,2,1,1.00,CYCLE,N
IND,208,6592,59452,18/01/2019,15:47:32,15,1,30.6,1.0,1.0,0.8,2,1,1.00,CYCLE,N
IND,208,6592,59452,18/01/2019,15:47:35,15,1,25.1,1.1,2.4,2.3,2,1,1.00,CYCLE,N
IND,208,6592,59452,18/01/2019,15:47:36,15,1,25.5,1.1,1.4,1.2,2,1,1.00,CYCLE,N
IND,208,6592,59452,18/01/2019,15:47:37,15,1,25.8,1.1,0.8,0.6,2,1,1.00,CYCLE,N
IND,208,6592,59452,18/01/2019,15:47:40,15,1,29.3,1.2,2.9,2.8,2,1,1.00,CYCLE,N
IND,208,6592,59452,18/01/2019,15:47:40,15,1,29.4,1.0,0.5,0.4,2,1,1.00,CYCLE,N
IND,208,6592,59452,18/01/2019,15:47:41,15,1,24.9,1.1,0.4,0.3,2,1,1.00,CYCLE,N
IND,208,6592,59452,18/01/2019,15:47:43,15,1,28.0,1.1,2.8,2.6,2,1,1.00,CYCLE,N
IND,208,6592,59452,18/01/2019,15:47:52,15,1,21.6,1.1,8.2,8.1,2,1,1.00,CYCLE,N
IND,208,6592,59453,18/01/2019,15:48:45,15,0,26.4,1.1,114.3,114.1,2,1,1.00,CYCLE,S
IND,208,6592,59452,18/01/2019,15:49:20,15,1,22.4,1.1,88.2,88.0,2,1,1.00,CYCLE,N
IND,208,6592,59452,18/01/2019,15:49:21,15,1,24.1,1.1,1.2,1.0,2,1,1.00,CYCLE,N
IND,208,6592,59452,18/01/2019,15:49:24,15,1,31.2,1.0,3.0,2.8,2,1,1.00,CYCLE,N
IND,208,6592,59452,18/01/2019,15:49:26,15,1,31.0,1.0,2.0,1.9,2,1,1.00,CYCLE,N
IND,208,6592,59452,18/01/2019,15:49:28,15,1,30.4,1.0,2.0,1.9,2,1,1.00,CYCLE,N
IND,208,6592,59452,18/01/2019,15:49:28,15,1,30.1,1.1,0.3,0.2,2,1,1.00,CYCLE,N
IND,208,6592,59453,18/01/2019,15:49:29,15,0,20.0,1.1,43.5,43.4,2,1,1.00,CYCLE,S
IND,208,6592,59452,18/01/2019,15:49:36,15,1,28.6,1.0,7.7,7.6,2,1,1.00,CYCLE,N
IND,208,6592,59452,18/01/2019,15:49:39,15,1,25.1,1.0,2.5,2.3,2,1,1.00,CYCLE,N
IND,208,6592,59452,18/01/2019,15:49:44,15,1,25.6,1.1,5.7,5.5,2,1,1.00,CYCLE,N
IND,208,6592,59452,18/01/2019,15:49:48,15,1,25.2,1.0,4.2,4.1,2,1,1.00,CYCLE,N
IND,208,6592,59452,18/01/2019,15:49:49,15,1,25.9,1.1,0.8,0.7,2,1,1.00,CYCLE,N
IND,208,6592,59452,18/01/2019,15:49:56,15,1,19.8,1.0,6.7,6.6,2,1,1.00,CYCLE,N
IND,208,6592,59453,18/01/2019,15:50:00,15,0,21.7,1.0,31.4,31.3,2,1,1.00,CYCLE,S
IND,208,6592,59452,18/01/2019,15:51:25,15,1,30.8,1.0,88.6,88.4,2,1,1.00,CYCLE,N
IND,208,6592,59452,18/01/2019,15:51:31,15,1,27.2,1.0,6.1,6.0,2,1,1.00,CYCLE,N
IND,208,6592,59452,18/01/2019,15:51:33,15,1,28.4,1.0,1.8,1.7,2,1,1.00,CYCLE,N
IND,208,6592,59452,18/01/2019,15:51:33,15,1,28.4,1.1,0.6,0.5,2,1,1.00,CYCLE,N
IND,208,6592,59452,18/01/2019,15:51:34,15,1,19.4,1.1,0.4,0.3,2,1,1.00,CYCLE,N
IND,208,6592,59452,18/01/2019,15:51:35,15,1,26.7,1.0,1.6,1.3,2,1,1.00,CYCLE,N
IND,208,6592,59452,18/01/2019,15:51:36,15,1,18.5,1.1,1.2,1.1,2,1,1.00,CYCLE,N
IND,208,6592,59452,18/01/2019,15:51:37,15,1,18.1,1.1,0.7,0.5,2,1,1.00,CYCLE,N
IND,208,6592,59452,18/01/2019,15:51:37,15,1,26.3,1.1,0.4,0.1,2,1,1.00,CYCLE,N
IND,208,6592,59452,18/01/2019,15:51:39,15,1,25.3,1.0,1.5,1.4,2,1,1.00,CYCLE,N
IND,208,6592,59452,18/01/2019,15:51:44,15,1,24.1,1.1,5.5,5.4,2,1,1.00,CYCLE,N
IND,208,6592,59452,18/01/2019,15:51:46,15,1,23.7,1.0,1.6,1.5,2,1,1.00,CYCLE,N
IND,208,6592,59452,18/01/2019,15:51:54,15,1,23.2,1.1,7.4,7.2,2,1,1.00,CYCLE,N
IND,208,6592,59453,18/01/2019,15:52:21,15,0,21.7,1.1,141.0,140.8,2,1,1.00,CYCLE,S
IND,208,6592,59453,18/01/2019,15:53:24,15,0,23.5,1.1,63.1,62.9,2,1,1.00,CYCLE,S
IND,208,6592,59452,18/01/2019,15:53:37,15,1,21.7,1.1,103.4,103.2,2,1,1.00,CYCLE,N
IND,208,6592,59452,18/01/2019,15:53:39,15,1,24.9,1.0,2.1,1.9,2,1,1.00,CYCLE,N
IND,208,6592,59453,18/01/2019,15:53:42,15,0,24.7,1.1,17.1,16.9,2,1,1.00,CYCLE,S
IND,208,6592,59452,18/01/2019,15:53:47,15,1,21.9,1.1,8.0,7.9,2,1,1.00,CYCLE,N
IND,208,6592,59452,18/01/2019,15:55:19,15,1,32.8,1.1,91.5,91.3,2,1,1.00,CYCLE,N
IND,208,6592,59452,18/01/2019,15:55:19,15,1,33.7,1.0,0.4,0.3,2,1,1.00,CYCLE,N
IND,208,6592,59452,18/01/2019,15:55:21,15,1,17.7,1.0,2.1,2.1,2,1,1.00,CYCLE,N
IND,208,6592,59452,18/01/2019,15:55:23,15,1,32.0,1.1,2.0,1.7,2,1,1.00,CYCLE,N
IND,208,6592,59452,18/01/2019,15:55:26,15,1,33.8,1.1,3.1,2.9,2,1,1.00,CYCLE,N
IND,208,6592,59452,18/01/2019,15:55:27,15,1,31.6,1.0,0.5,0.4,2,1,1.00,CYCLE,N
IND,208,6592,59452,18/01/2019,15:55:30,15,1,26.7,1.1,3.3,3.2,2,1,1.00,CYCLE,N
IND,208,6592,59453,18/01/2019,15:55:30,15,0,31.2,1.0,108.7,108.6,2,1,1.00,CYCLE,S
IND,208,6592,59452,18/01/2019,15:55:40,15,1,25.0,1.0,9.6,9.5,2,1,1.00,CYCLE,N
IND,208,6592,59452,18/01/2019,15:55:51,15,1,24.7,1.2,11.7,11.5,2,1,1.00,CYCLE,N
IND,208,6592,59452,18/01/2019,15:55:54,15,1,23.0,1.0,3.2,3.0,2,1,1.00,CYCLE,N
IND,208,6592,59452,18/01/2019,15:55:57,15,1,23.5,1.0,3.1,2.9,2,1,1.00,CYCLE,N
IND,208,6592,59453,18/01/2019,15:57:00,15,0,24.5,1.1,89.7,89.5,2,1,1.00,CYCLE,S
IND,208,6592,59452,18/01/2019,15:57:23,15,1,31.8,1.1,85.9,85.8,2,1,1.00,CYCLE,N
IND,208,6592,59452,18/01/2019,15:57:27,15,1,29.8,1.1,3.4,3.3,2,1,1.00,CYCLE,N
IND,208,6592,59452,18/01/2019,15:57:29,15,1,29.5,1.0,1.8,1.7,2,1,1.00,CYCLE,N
IND,208,6592,59452,18/01/2019,15:57:41,15,1,23.8,1.1,12.0,11.9,2,1,1.00,CYCLE,N
IND,208,6592,59452,18/01/2019,15:57:43,15,1,27.0,1.1,2.4,2.2,2,1,1.00,CYCLE,N
IND,208,6592,59452,18/01/2019,15:57:53,15,1,22.4,1.2,9.8,9.6,2,1,1.00,CYCLE,N
IND,208,6592,59452,18/01/2019,15:57:56,15,1,21.7,1.0,3.8,3.6,2,1,1.00,CYCLE,N
IND,208,6592,59453,18/01/2019,15:58:22,15,0,31.9,1.0,82.3,82.2,2,1,1.00,CYCLE,S
IND,208,6592,59452,18/01/2019,15:59:18,15,1,32.1,1.0,82.0,81.8,2,1,1.00,CYCLE,N
IND,208,6592,59452,18/01/2019,15:59:20,15,1,32.9,1.0,1.6,1.5,2,1,0.50,CYCLE,N
IND,208,6592,59453,18/01/2019,15:59:20,15,0,32.9,1.0,0.0,0.0,2,1,0.50,CYCLE,S
IND,208,6592,59452,18/01/2019,15:59:21,15,1,35.3,1.0,0.8,0.6,2,1,1.00,CYCLE,N
IND,208,6592,59452,18/01/2019,15:59:32,15,1,28.6,1.1,11.3,11.2,2,1,1.00,CYCLE,N
IND,208,6592,59452,18/01/2019,15:59:33,15,1,27.2,1.1,0.5,0.4,2,1,1.00,CYCLE,N
IND,208,6592,59452,18/01/2019,15:59:38,15,1,25.6,1.1,5.6,5.4,2,1,1.00,CYCLE,N
IND,208,6592,59452,18/01/2019,15:59:42,15,1,25.0,1.1,3.5,3.3,2,1,1.00,CYCLE,N
IND,208,6592,59452,18/01/2019,15:59:42,15,1,25.6,1.1,0.3,0.2,2,1,1.00,CYCLE,N
IND,208,6592,59452,18/01/2019,15:59:44,15,1,24.9,1.0,1.9,1.7,2,1,1.00,CYCLE,N
IND,208,6592,59452,18/01/2019,15:59:46,15,1,24.7,1.1,2.3,2.2,2,1,1.00,CYCLE,N
IND,208,6592,59452,18/01/2019,15:59:48,15,1,24.6,1.1,1.4,1.3,2,1,1.00,CYCLE,N
IND,208,6592,59452,18/01/2019,15:59:48,15,1,24.6,1.1,0.5,0.3,2,1,1.00,CYCLE,N
IND,208,6592,59452,18/01/2019,15:59:56,15,1,20.8,1.1,8.0,7.8,2,1,1.00,CYCLE,N
IND,208,6592,59452,18/01/2019,15:59:57,15,1,21.4,1.1,0.9,0.7,2,1,1.00,CYCLE,N
IND,208,6592,59452,18/01/2019,16:01:14,15,1,34.6,1.0,77.0,76.8,2,1,1.00,CYCLE,N
IND,208,6592,59452,18/01/2019,16:01:15,15,1,34.1,1.0,1.0,0.9,2,1,1.00,CYCLE,N
IND,208,6592,59453,18/01/2019,16:01:16,15,0,25.8,1.1,173.5,173.4,2,1,1.00,CYCLE,S
IND,208,6592,59452,18/01/2019,16:01:25,15,1,29.9,1.0,9.6,9.5,2,1,1.00,CYCLE,N
IND,208,6592,59452,18/01/2019,16:01:26,15,1,25.9,1.0,1.0,0.9,2,1,1.00,CYCLE,N
IND,208,6592,59452,18/01/2019,16:01:33,15,1,27.6,1.0,7.4,7.2,2,1,1.00,CYCLE,N
IND,208,6592,59452,18/01/2019,16:01:37,15,1,28.6,1.0,3.6,3.5,2,1,1.00,CYCLE,N
IND,208,6592,59452,18/01/2019,16:01:39,15,1,25.7,1.0,1.8,1.7,2,1,1.00,CYCLE,N
IND,208,6592,59452,18/01/2019,16:01:39,15,1,25.7,1.0,0.0,0.0,2,1,1.00,CYCLE,N
IND,208,6592,59452,18/01/2019,16:02:51,15,1,24.1,1.0,72.6,72.4,2,1,1.00,CYCLE,N
IND,208,6592,59452,18/01/2019,16:02:56,15,1,21.6,1.1,5.2,5.0,2,1,1.00,CYCLE,N
IND,208,6592,59453,18/01/2019,16:03:00,15,0,26.8,1.1,104.4,104.3,2,1,1.00,CYCLE,S
IND,208,6592,59452,18/01/2019,16:03:06,15,1,31.3,1.0,9.7,9.5,2,1,1.00,CYCLE,N
IND,208,6592,59452,18/01/2019,16:03:10,15,1,31.5,1.0,3.8,3.7,2,1,1.00,CYCLE,N
IND,208,6592,59452,18/01/2019,16:03:19,15,1,26.3,1.1,9.0,8.9,2,1,1.00,CYCLE,N
IND,208,6592,59452,18/01/2019,16:03:21,15,1,26.0,1.1,2.4,2.3,2,1,1.00,CYCLE,N
IND,208,6592,59452,18/01/2019,16:03:23,15,1,30.2,1.1,1.4,1.3,2,1,1.00,CYCLE,N
IND,208,6592,59452,18/01/2019,16:03:26,15,1,26.4,1.1,3.3,3.2,2,1,1.00,CYCLE,N
IND,208,6592,59452,18/01/2019,16:03:28,15,1,27.4,1.0,1.7,1.5,2,1,1.00,CYCLE,N
IND,208,6592,59453,18/01/2019,16:03:47,15,0,28.4,1.0,46.5,46.3,2,1,1.00,CYCLE,S
IND,208,6592,59452,18/01/2019,16:04:38,15,1,25.0,1.0,70.4,70.3,2,1,1.00,CYCLE,N
IND,208,6592,59452,18/01/2019,16:04:39,15,1,25.0,1.0,1.0,0.9,2,1,1.00,CYCLE,N
IND,208,6592,59452,18/01/2019,16:04:40,15,1,28.9,1.0,0.5,0.3,2,1,1.00,CYCLE,N
IND,208,6592,59452,18/01/2019,16:04:40,15,1,27.1,1.0,0.7,0.6,2,1,1.00,CYCLE,N
IND,208,6592,59452,18/01/2019,16:05:17,15,1,35.2,1.0,36.8,36.7,2,1,1.00,CYCLE,N
IND,208,6592,59452,18/01/2019,16:05:21,15,1,34.9,1.0,3.9,3.8,2,1,1.00,CYCLE,N
IND,208,6592,59452,18/01/2019,16:05:23,15,1,33.5,1.0,2.3,2.2,2,1,1.00,CYCLE,N
IND,208,6592,59452,18/01/2019,16:05:24,15,1,33.9,1.0,1.0,0.9,2,1,1.00,CYCLE,N
IND,208,6592,59453,18/01/2019,16:05:40,15,0,17.2,1.0,113.3,113.1,2,1,1.00,CYCLE,S
IND,208,6592,59452,18/01/2019,16:06:28,15,1,28.6,1.0,63.9,63.8,2,1,1.00,CYCLE,N
IND,208,6592,59452,18/01/2019,16:06:30,15,1,27.5,1.0,2.2,2.1,2,1,1.00,CYCLE,N
IND,208,6592,59452,18/01/2019,16:06:31,15,1,27.3,1.0,0.5,0.4,2,1,1.00,CYCLE,N
IND,208,6592,59452,18/01/2019,16:07:01,15,1,44.2,1.1,30.2,30.1,2,1,1.00,CYCLE,N
IND,208,6592,59453,18/01/2019,16:07:03,15,0,23.3,1.1,83.1,82.9,2,1,1.00,CYCLE,S
IND,208,6592,59453,18/01/2019,16:07:04,15,0,23.6,1.1,0.5,0.4,2,1,1.00,CYCLE,S
IND,208,6592,59453,18/01/2019,16:07:05,15,0,25.8,1.0,1.8,1.6,2,1,1.00,CYCLE,S
IND,208,6592,59453,18/01/2019,16:07:07,15,0,25.5,1.1,1.4,1.2,2,1,1.00,CYCLE,S
IND,208,6592,59452,18/01/2019,16:07:21,15,1,29.8,1.1,19.6,19.5,2,1,1.00,CYCLE,N
IND,208,6592,59453,18/01/2019,16:07:25,15,0,28.7,1.0,18.4,18.3,2,1,1.00,CYCLE,S
IND,208,6592,59452,18/01/2019,16:07:26,15,1,29.5,1.1,5.3,5.1,2,1,1.00,CYCLE,N
IND,208,6592,59452,18/01/2019,16:07:27,15,1,30.6,1.0,0.9,0.8,2,1,1.00,CYCLE,N
IND,208,6592,59452,18/01/2019,16:07:28,15,1,31.5,1.0,0.9,0.8,2,1,1.00,CYCLE,N
IND,208,6592,59452,18/01/2019,16:07:35,15,1,26.8,1.1,7.4,7.2,2,1,1.00,CYCLE,N
IND,208,6592,59452,18/01/2019,16:07:36,15,1,25.8,1.0,1.1,1.0,2,1,1.00,CYCLE,N
IND,208,6592,59452,18/01/2019,16:07:37,15,1,25.4,1.0,0.3,0.1,2,1,1.00,CYCLE,N
IND,208,6592,59452,18/01/2019,16:07:37,15,1,26.0,1.1,0.7,0.5,2,1,1.00,CYCLE,N
IND,208,6592,59453,18/01/2019,16:07:39,15,0,42.7,1.0,13.6,13.5,2,1,0.57,CYCLE,S
IND,208,6592,59453,18/01/2019,16:07:39,15,0,42.7,1.0,0.0,0.0,2,1,0.57,CYCLE,S
IND,208,6592,59452,18/01/2019,16:07:40,15,1,28.3,1.0,2.3,2.1,2,1,1.00,CYCLE,N
IND,208,6592,59452,18/01/2019,16:09:11,15,1,20.6,1.1,91.3,91.1,2,1,1.00,CYCLE,N
IND,208,6592,59452,18/01/2019,16:09:14,15,1,34.4,1.0,2.8,2.6,2,1,1.00,CYCLE,N
IND,208,6592,59452,18/01/2019,16:09:16,15,1,33.8,1.0,2.6,2.5,2,1,1.00,CYCLE,N
IND,208,6592,59452,18/01/2019,16:09:21,15,1,33.0,1.0,4.1,4.0,2,1,1.00,CYCLE,N
IND,208,6592,59452,18/01/2019,16:09:24,15,1,31.5,1.0,3.4,3.3,2,1,1.00,CYCLE,N
IND,208,6592,59452,18/01/2019,16:09:26,15,1,30.2,1.1,2.5,2.4,2,1,1.00,CYCLE,N
IND,208,6592,59453,18/01/2019,16:10:23,15,0,28.5,1.0,164.6,164.4,2,1,1.00,CYCLE,S
IND,208,6592,59452,18/01/2019,16:10:32,15,1,31.7,1.1,65.2,65.1,2,1,1.00,CYCLE,N
IND,208,6592,59452,18/01/2019,16:10:34,15,1,25.9,1.1,2.5,2.4,2,1,1.00,CYCLE,N
IND,208,6592,59452,18/01/2019,16:10:35,15,1,24.7,1.0,0.6,0.5,2,1,1.00,CYCLE,N
IND,208,6592,59452,18/01/2019,16:10:35,15,1,25.5,1.1,0.5,0.4,2,1,1.00,CYCLE,N
IND,208,6592,59452,18/01/2019,16:10:36,15,1,24.9,1.1,0.4,0.2,2,1,1.00,CYCLE,N
IND,208,6592,59452,18/01/2019,16:10:36,15,1,26.4,1.1,0.7,0.5,2,1,1.00,CYCLE,N
IND,208,6592,59452,18/01/2019,16:10:38,15,1,26.5,1.0,1.2,1.1,2,1,1.00,CYCLE,N
IND,208,6592,59452,18/01/2019,16:10:38,15,1,27.4,1.1,0.6,0.4,2,1,1.00,CYCLE,N
IND,208,6592,59452,18/01/2019,16:10:39,15,1,27.5,1.1,0.4,0.3,2,1,1.00,CYCLE,N
IND,208,6592,59452,18/01/2019,16:10:45,15,1,23.6,1.0,6.5,6.4,2,1,1.00,CYCLE,N
IND,208,6592,59452,18/01/2019,16:10:46,15,1,22.8,1.1,0.8,0.7,2,1,1.00,CYCLE,N
IND,208,6592,59452,18/01/2019,16:10:47,15,1,25.6,1.1,1.1,0.9,2,1,1.00,CYCLE,N
IND,208,6592,59452,18/01/2019,16:10:49,15,1,21.0,1.1,1.5,1.4,2,1,1.00,CYCLE,N
IND,208,6592,59452,18/01/2019,16:10:49,15,1,21.5,1.0,0.7,0.5,2,1,1.00,CYCLE,N
IND,208,6592,59452,18/01/2019,16:10:53,15,1,17.7,1.0,3.5,3.4,2,1,1.00,CYCLE,N
IND,208,6592,59452,18/01/2019,16:11:17,15,1,31.8,1.1,24.4,24.1,2,1,1.00,CYCLE,N
IND,208,6592,59452,18/01/2019,16:11:19,15,1,37.0,1.1,2.3,2.2,2,1,1.00,CYCLE,N
IND,208,6592,59452,18/01/2019,16:11:20,15,1,30.4,1.0,0.5,0.4,2,1,1.00,CYCLE,N
IND,208,6592,59452,18/01/2019,16:11:22,15,1,29.6,1.1,1.7,1.6,2,1,1.00,CYCLE,N
IND,208,6592,59452,18/01/2019,16:11:22,15,1,31.5,1.1,0.5,0.3,2,1,1.00,CYCLE,N
IND,208,6592,59452,18/01/2019,16:11:25,15,1,32.7,1.1,2.4,2.3,2,1,1.00,CYCLE,N
IND,208,6592,59452,18/01/2019,16:11:29,15,1,29.7,1.0,4.6,4.5,2,1,1.00,CYCLE,N
IND,208,6592,59452,18/01/2019,16:11:36,15,1,26.6,1.0,6.8,6.7,2,1,1.00,CYCLE,N
IND,208,6592,59452,18/01/2019,16:11:39,15,1,27.7,1.0,3.2,3.1,2,1,1.00,CYCLE,N
IND,208,6592,59452,18/01/2019,16:11:41,15,1,25.5,1.1,2.0,1.9,2,1,1.00,CYCLE,N
IND,208,6592,59452,18/01/2019,16:12:42,15,1,20.9,1.1,60.3,60.2,2,1,1.00,CYCLE,N
IND,208,6592,59453,18/01/2019,16:13:04,15,0,25.3,1.1,160.7,160.6,2,1,1.00,CYCLE,S
IND,208,6592,59452,18/01/2019,16:13:09,15,1,32.2,1.0,27.5,27.3,2,1,1.00,CYCLE,N
IND,208,6592,59452,18/01/2019,16:13:27,15,1,28.4,1.0,17.7,17.6,2,1,1.00,CYCLE,N
IND,208,6592,59452,18/01/2019,16:13:28,15,1,30.4,1.0,1.2,1.1,2,1,1.00,CYCLE,N
IND,208,6592,59452,18/01/2019,16:13:29,15,1,21.5,1.0,1.2,0.8,2,1,1.00,CYCLE,N
IND,208,6592,59452,18/01/2019,16:13:29,15,1,21.5,1.0,0.0,0.0,2,1,1.00,CYCLE,N
IND,208,6592,59452,18/01/2019,16:13:32,15,1,23.8,1.1,3.0,2.8,2,1,1.00,CYCLE,N
IND,208,6592,59452,18/01/2019,16:13:33,15,1,25.3,1.1,0.8,0.6,2,1,1.00,CYCLE,N
IND,208,6592,59452,18/01/2019,16:13:33,15,1,24.2,1.0,0.5,0.3,2,1,1.00,CYCLE,N
IND,208,6592,59452,18/01/2019,16:13:34,15,1,23.0,1.0,0.5,0.3,2,1,1.00,CYCLE,N
IND,208,6592,59452,18/01/2019,16:13:36,15,1,25.1,1.1,2.5,2.4,2,1,1.00,CYCLE,N
IND,208,6592,59453,18/01/2019,16:13:51,15,0,28.8,1.0,23.0,23.0,2,1,1.00,CYCLE,S
IND,208,6592,59453,18/01/2019,16:14:45,15,0,22.4,1.0,54.7,54.6,2,1,1.00,CYCLE,S
IND,208,6592,59452,18/01/2019,16:14:47,15,1,21.8,1.0,70.4,70.3,2,1,1.00,CYCLE,N
IND,208,6592,59452,18/01/2019,16:14:48,15,1,22.2,1.0,1.1,0.9,2,1,1.00,CYCLE,N
IND,208,6592,59452,18/01/2019,16:14:49,15,1,22.4,1.0,0.6,0.4,2,1,1.00,CYCLE,N
IND,208,6592,59453,18/01/2019,16:14:52,15,0,20.2,1.1,6.6,6.5,2,1,1.00,CYCLE,S
IND,208,6592,59452,18/01/2019,16:14:53,15,1,21.5,1.1,4.1,3.9,2,1,1.00,CYCLE,N
IND,208,6592,59452,18/01/2019,16:14:57,15,1,28.3,1.0,4.3,4.1,2,1,1.00,CYCLE,N
IND,208,6592,59452,18/01/2019,16:14:59,15,1,26.6,1.1,1.9,1.8,2,1,1.00,CYCLE,N
IND,208,6592,59452,18/01/2019,16:15:19,15,1,36.0,1.0,20.0,19.9,2,1,1.00,CYCLE,N
IND,208,6592,59452,18/01/2019,16:15:21,15,1,39.4,1.1,1.9,1.8,2,1,1.00,CYCLE,N
IND,208,6592,59452,18/01/2019,16:15:27,15,1,33.3,1.1,5.8,5.7,2,1,1.00,CYCLE,N
IND,208,6592,59452,18/01/2019,16:15:28,15,1,31.6,1.1,1.6,1.5,2,1,1.00,CYCLE,N
IND,208,6592,59452,18/01/2019,16:15:33,15,1,28.5,1.0,5.3,5.2,2,1,1.00,CYCLE,N
IND,208,6592,59452,18/01/2019,16:15:36,15,1,27.8,1.1,2.3,2.2,2,1,1.00,CYCLE,N
IND,208,6592,59452,18/01/2019,16:15:36,15,1,28.2,1.1,0.3,0.1,2,1,1.00,CYCLE,N
IND,208,6592,59452,18/01/2019,16:15:37,15,1,26.9,1.1,0.9,0.8,2,1,1.00,CYCLE,N
IND,208,6592,59452,18/01/2019,16:15:39,15,1,26.4,1.0,2.2,2.1,2,1,1.00,CYCLE,N
IND,208,6592,59452,18/01/2019,16:15:40,15,1,30.0,1.0,1.1,0.9,2,1,1.00,CYCLE,N
IND,208,6592,59452,18/01/2019,16:15:41,15,1,28.2,1.0,0.6,0.5,2,1,1.00,CYCLE,N
IND,208,6592,59452,18/01/2019,16:15:41,15,1,26.1,1.0,0.6,0.5,2,1,1.00,CYCLE,N
IND,208,6592,59453,18/01/2019,16:16:19,15,0,17.6,1.2,86.6,86.4,2,1,1.00,CYCLE,S
IND,208,6592,59452,18/01/2019,16:16:47,15,1,32.2,1.0,65.8,65.6,2,1,1.00,CYCLE,N
IND,208,6592,59452,18/01/2019,16:16:48,15,1,32.0,1.1,0.4,0.3,2,1,1.00,CYCLE,N
IND,208,6592,59452,18/01/2019,16:16:50,15,1,29.7,1.0,2.3,2.2,2,1,1.00,CYCLE,N
IND,208,6592,59452,18/01/2019,16:16:51,15,1,30.2,1.0,0.8,0.7,2,1,1.00,CYCLE,N
IND,208,6592,59452,18/01/2019,16:16:52,15,1,28.7,1.1,1.1,1.0,2,1,1.00,CYCLE,N
IND,208,6592,59452,18/01/2019,16:16:53,15,1,26.4,1.1,1.6,1.4,2,1,1.00,CYCLE,N
IND,208,6592,59452,18/01/2019,16:16:56,15,1,25.8,1.1,2.2,2.1,2,1,1.00,CYCLE,N
IND,208,6592,59452,18/01/2019,16:16:57,15,1,26.9,1.1,1.0,0.9,2,1,1.00,CYCLE,N
IND,208,6592,59452,18/01/2019,16:16:59,15,1,22.4,1.1,2.0,1.9,2,1,1.00,CYCLE,N
IND,208,6592,59452,18/01/2019,16:17:02,15,1,26.0,0.8,3.2,3.1,2,1,1.00,CYCLE,N
IND,208,6592,59452,18/01/2019,16:17:07,15,1,16.8,1.1,4.8,4.7,2,1,1.00,CYCLE,N
IND,208,6592,59452,18/01/2019,16:17:08,15,1,17.0,1.0,1.0,0.7,2,1,1.00,CYCLE,N
IND,208,6592,59452,18/01/2019,16:17:22,15,1,36.8,1.0,14.3,14.0,2,1,1.00,CYCLE,N
IND,208,6592,59452,18/01/2019,16:17:26,15,1,32.1,1.1,4.3,4.2,2,1,1.00,CYCLE,N
IND,208,6592,59452,18/01/2019,16:17:33,15,1,26.9,1.1,6.2,6.1,2,1,1.00,CYCLE,N
IND,208,6592,59452,18/01/2019,16:17:33,15,1,30.9,1.0,0.3,0.1,2,1,1.00,CYCLE,N
IND,208,6592,59452,18/01/2019,16:17:34,15,1,27.6,1.1,0.7,0.6,2,1,1.00,CYCLE,N
IND,208,6592,59452,18/01/2019,16:17:37,15,1,27.0,1.1,3.0,2.8,2,1,1.00,CYCLE,N
IND,208,6592,59452,18/01/2019,16:17:39,15,1,26.4,1.0,2.9,2.7,2,1,1.00,CYCLE,N
IND,208,6592,59452,18/01/2019,16:17:39,15,1,26.4,1.0,0.0,0.0,2,1,1.00,CYCLE,N
IND,208,6592,59452,18/01/2019,16:17:41,15,1,24.8,1.0,2.0,1.8,2,1,1.00,CYCLE,N
IND,208,6592,59452,18/01/2019,16:17:44,15,1,26.5,1.0,2.9,2.8,2,1,1.00,CYCLE,N
IND,208,6592,59452,18/01/2019,16:17:45,15,1,26.4,1.0,1.2,1.1,2,1,1.00,CYCLE,N
IND,208,6592,59452,18/01/2019,16:17:47,15,1,25.0,1.1,1.3,1.1,2,1,1.00,CYCLE,N
IND,208,6592,59452,18/01/2019,16:17:50,15,1,22.9,1.0,3.0,2.9,2,1,1.00,CYCLE,N
IND,208,6592,59452,18/01/2019,16:18:50,15,1,27.3,1.1,60.6,60.4,2,1,1.00,CYCLE,N
IND,208,6592,59452,18/01/2019,16:18:53,15,1,26.8,1.0,3.1,3.0,2,1,1.00,CYCLE,N
IND,208,6592,59453,18/01/2019,16:19:01,15,0,33.3,1.0,162.7,162.5,2,1,1.00,CYCLE,S
IND,208,6592,59452,18/01/2019,16:19:02,15,1,21.2,1.1,8.4,8.3,2,1,1.00,CYCLE,N
IND,208,6592,59452,18/01/2019,16:19:10,15,1,27.2,1.0,8.3,8.1,2,1,1.00,CYCLE,N
IND,208,6592,59452,18/01/2019,16:19:25,15,1,37.1,1.0,14.8,14.7,2,1,1.00,CYCLE,N
IND,208,6592,59452,18/01/2019,16:19:29,15,1,31.5,1.1,3.6,3.5,2,1,1.00,CYCLE,N
IND,208,6592,59452,18/01/2019,16:19:30,15,1,32.1,1.0,1.1,1.0,2,1,1.00,CYCLE,N
IND,208,6592,59452,18/01/2019,16:19:30,15,1,30.9,1.0,0.8,0.6,2,1,1.00,CYCLE,N
IND,208,6592,59452,18/01/2019,16:19:38,15,1,25.7,1.0,7.5,7.4,2,1,1.00,CYCLE,N
IND,208,6592,59452,18/01/2019,16:19:39,15,1,29.3,1.0,1.2,1.0,2,1,1.00,CYCLE,N
IND,208,6592,59452,18/01/2019,16:19:41,15,1,28.2,1.0,1.5,1.4,2,1,1.00,CYCLE,N
IND,208,6592,59452,18/01/2019,16:19:43,15,1,27.9,1.1,3.0,2.8,2,1,1.00,CYCLE,N
IND,208,6592,59452,18/01/2019,16:19:44,15,1,27.4,1.1,0.3,0.2,2,1,1.00,CYCLE,N
IND,208,6592,59452,18/01/2019,16:19:44,15,1,28.1,1.1,0.4,0.3,2,1,1.00,CYCLE,N
IND,208,6592,59452,18/01/2019,16:19:46,15,1,29.9,1.1,1.8,1.6,2,1,1.00,CYCLE,N
IND,208,6592,59452,18/01/2019,16:20:50,15,1,23.4,1.0,63.8,63.7,2,1,1.00,CYCLE,N
IND,208,6592,59452,18/01/2019,16:20:51,15,1,22.7,1.0,1.0,0.9,2,1,1.00,CYCLE,N
IND,208,6592,59452,18/01/2019,16:20:56,15,1,19.3,1.1,4.9,4.8,2,1,1.00,CYCLE,N
IND,208,6592,59452,18/01/2019,16:21:01,15,1,21.7,1.1,4.9,4.7,2,1,1.00,CYCLE,N
IND,208,6592,59452,18/01/2019,16:21:01,15,1,22.4,1.1,0.6,0.4,2,1,1.00,CYCLE,N
IND,208,6592,59452,18/01/2019,16:21:15,15,1,31.1,1.0,13.4,13.2,2,1,1.00,CYCLE,N
IND,208,6592,59452,18/01/2019,16:21:17,15,1,32.4,1.0,2.1,2.0,2,1,1.00,CYCLE,N
IND,208,6592,59452,18/01/2019,16:21:17,15,1,32.9,1.1,0.3,0.2,2,1,1.00,CYCLE,N
IND,208,6592,59452,18/01/2019,16:21:18,15,1,32.3,1.0,0.8,0.7,2,1,1.00,CYCLE,N
IND,208,6592,59452,18/01/2019,16:21:18,15,1,31.2,1.0,0.4,0.2,2,1,1.00,CYCLE,N
IND,208,6592,59452,18/01/2019,16:21:19,15,1,31.2,1.1,0.5,0.4,2,1,1.00,CYCLE,N
IND,208,6592,59452,18/01/2019,16:21:19,15,1,32.0,1.0,0.4,0.3,2,1,1.00,CYCLE,N
IND,208,6592,59452,18/01/2019,16:21:23,15,1,29.8,1.0,3.9,3.8,2,1,1.00,CYCLE,N
IND,208,6592,59452,18/01/2019,16:21:25,15,1,30.6,1.0,2.1,2.0,2,1,1.00,CYCLE,N
IND,208,6592,59452,18/01/2019,16:21:26,15,1,30.7,1.0,0.4,0.3,2,1,1.00,CYCLE,N
IND,208,6592,59452,18/01/2019,16:21:26,15,1,30.2,1.0,0.6,0.4,2,1,1.00,CYCLE,N
IND,208,6592,59452,18/01/2019,16:21:31,15,1,33.5,1.0,4.6,4.5,2,1,1.00,CYCLE,N
IND,208,6592,59452,18/01/2019,16:21:32,15,1,28.7,1.1,1.4,1.3,2,1,1.00,CYCLE,N
IND,208,6592,59452,18/01/2019,16:21:32,15,1,30.8,1.0,0.2,0.1,2,1,1.00,CYCLE,N
IND,208,6592,59452,18/01/2019,16:21:42,15,1,25.6,1.1,9.8,9.7,2,1,1.00,CYCLE,N
IND,208,6592,59452,18/01/2019,16:21:44,15,1,29.6,1.1,1.6,1.5,2,1,1.00,CYCLE,N
IND,208,6592,59452,18/01/2019,16:21:47,15,1,21.9,1.0,3.4,3.3,2,1,1.00,CYCLE,N
IND,208,6592,59452,18/01/2019,16:22:23,15,1,30.4,1.1,35.6,35.4,2,1,1.00,CYCLE,N
IND,208,6592,59452,18/01/2019,16:23:08,15,1,34.8,1.0,45.4,45.3,2,1,1.00,CYCLE,N
IND,208,6592,59452,18/01/2019,16:23:10,15,1,28.0,1.1,1.3,1.3,2,1,1.00,CYCLE,N
IND,208,6592,59452,18/01/2019,16:23:11,15,1,28.3,1.1,1.6,1.4,2,1,1.00,CYCLE,N
IND,208,6592,59452,18/01/2019,16:23:15,15,1,41.4,1.0,3.4,3.3,2,1,0.50,CYCLE,N
IND,208,6592,59453,18/01/2019,16:23:15,15,0,41.4,1.0,0.0,0.0,2,1,0.50,CYCLE,S
IND,208,6592,59452,18/01/2019,16:23:15,15,1,24.3,1.0,0.9,0.7,2,1,1.00,CYCLE,N
IND,208,6592,59452,18/01/2019,16:23:17,15,1,23.3,1.1,1.9,1.8,2,1,1.00,CYCLE,N
IND,208,6592,59452,18/01/2019,16:23:18,15,1,31.9,1.2,0.4,0.3,2,1,1.00,CYCLE,N
IND,208,6592,59452,18/01/2019,16:23:22,15,1,31.9,1.1,3.9,3.7,2,1,1.00,CYCLE,N
IND,208,6592,59452,18/01/2019,16:23:30,15,1,31.7,1.1,7.6,7.5,2,1,1.00,CYCLE,N
IND,208,6592,59452,18/01/2019,16:23:33,15,1,29.7,1.1,3.0,2.9,2,1,1.00,CYCLE,N
IND,208,6592,59452,18/01/2019,16:23:36,15,1,28.9,1.0,3.3,3.2,2,1,1.00,CYCLE,N
IND,208,6592,59452,18/01/2019,16:24:38,15,1,35.0,1.0,62.0,61.8,2,1,1.00,CYCLE,N
IND,208,6592,59452,18/01/2019,16:24:40,15,1,32.0,1.0,1.9,1.8,2,1,1.00,CYCLE,N
IND,208,6592,59452,18/01/2019,16:24:41,15,1,28.8,1.1,1.1,1.0,2,1,1.00,CYCLE,N
IND,208,6592,59452,18/01/2019,16:24:42,15,1,30.6,1.0,1.1,0.9,2,1,1.00,CYCLE,N
IND,208,6592,59452,18/01/2019,16:24:43,15,1,28.6,1.1,0.6,0.5,2,1,1.00,CYCLE,N
IND,208,6592,59452,18/01/2019,16:24:44,15,1,28.3,1.0,1.1,1.0,2,1,1.00,CYCLE,N
IND,208,6592,59452,18/01/2019,16:24:44,15,1,27.8,1.0,0.7,0.5,2,1,1.00,CYCLE,N
IND,208,6592,59452,18/01/2019,16:24:45,15,1,27.1,1.1,0.3,0.2,2,1,1.00,CYCLE,N
IND,208,6592,59452,18/01/2019,16:24:47,15,1,26.5,1.1,2.3,2.1,2,1,1.00,CYCLE,N
IND,208,6592,59452,18/01/2019,16:24:50,15,1,25.7,1.0,2.7,2.6,2,1,1.00,CYCLE,N
IND,208,6592,59452,18/01/2019,16:24:51,15,1,24.7,1.0,1.0,0.8,2,1,1.00,CYCLE,N
IND,208,6592,59452,18/01/2019,16:24:56,15,1,21.0,1.1,5.3,5.2,2,1,1.00,CYCLE,N
IND,208,6592,59452,18/01/2019,16:24:59,15,1,18.5,1.1,3.2,3.0,2,1,1.00,CYCLE,N
IND,208,6592,59452,18/01/2019,16:25:27,15,1,32.2,1.0,27.9,27.7,2,1,1.00,CYCLE,N
IND,208,6592,59452,18/01/2019,16:25:29,15,1,32.3,1.1,2.0,1.8,2,1,1.00,CYCLE,N
IND,208,6592,59452,18/01/2019,16:25:29,15,1,31.7,1.0,0.3,0.2,2,1,1.00,CYCLE,N
IND,208,6592,59452,18/01/2019,16:25:30,15,1,35.0,1.1,1.0,0.9,2,1,1.00,CYCLE,N
IND,208,6592,59452,18/01/2019,16:25:31,15,1,33.4,1.0,0.5,0.4,2,1,1.00,CYCLE,N
IND,208,6592,59452,18/01/2019,16:25:31,15,1,34.8,1.0,0.5,0.4,2,1,1.00,CYCLE,N
IND,208,6592,59452,18/01/2019,16:25:33,15,1,32.1,1.1,1.4,1.3,2,1,1.00,CYCLE,N
IND,208,6592,59452,18/01/2019,16:25:34,15,1,29.9,1.1,0.9,0.7,2,1,1.00,CYCLE,N
IND,208,6592,59453,18/01/2019,16:26:27,15,0,25.3,1.1,445.1,445.0,2,1,1.00,CYCLE,S
IND,208,6592,59452,18/01/2019,16:26:54,15,1,28.0,1.1,80.4,80.2,2,1,1.00,CYCLE,N
IND,208,6592,59452,18/01/2019,16:26:55,15,1,29.3,1.1,0.7,0.6,2,1,1.00,CYCLE,N
IND,208,6592,59452,18/01/2019,16:26:57,15,1,32.3,1.0,2.1,2.0,2,1,1.00,CYCLE,N
IND,208,6592,59452,18/01/2019,16:26:58,15,1,32.3,1.0,1.3,1.2,2,1,1.00,CYCLE,N
IND,208,6592,59452,18/01/2019,16:27:00,15,1,27.1,1.1,2.1,2.0,2,1,1.00,CYCLE,N
IND,208,6592,59452,18/01/2019,16:27:02,15,1,25.9,1.1,1.4,1.3,2,1,1.00,CYCLE,N
IND,208,6592,59452,18/01/2019,16:27:03,15,1,26.6,1.0,1.0,0.8,2,1,1.00,CYCLE,N
IND,208,6592,59452,18/01/2019,16:27:05,15,1,28.2,1.0,2.0,1.9,2,1,1.00,CYCLE,N
IND,208,6592,59452,18/01/2019,16:27:07,15,1,21.3,1.1,2.1,2.0,2,1,1.00,CYCLE,N
IND,208,6592,59452,18/01/2019,16:27:09,15,1,26.8,1.0,2.1,1.9,2,1,1.00,CYCLE,N
IND,208,6592,59452,18/01/2019,16:27:10,15,1,21.6,1.1,0.7,0.6,2,1,1.00,CYCLE,N
IND,208,6592,59452,18/01/2019,16:27:11,15,1,21.5,1.1,1.7,1.5,2,1,1.00,CYCLE,N
IND,208,6592,59452,18/01/2019,16:27:23,15,1,32.4,1.0,11.4,11.2,2,1,1.00,CYCLE,N
IND,208,6592,59452,18/01/2019,16:27:24,15,1,34.0,1.0,1.4,1.3,2,1,1.00,CYCLE,N
IND,208,6592,59452,18/01/2019,16:27:26,15,1,31.6,1.0,2.2,2.1,2,1,1.00,CYCLE,N
IND,208,6592,59452,18/01/2019,16:27:28,15,1,30.6,1.1,1.3,1.2,2,1,1.00,CYCLE,N
IND,208,6592,59452,18/01/2019,16:27:28,15,1,30.0,1.0,0.5,0.4,2,1,1.00,CYCLE,N
IND,208,6592,59452,18/01/2019,16:27:29,15,1,30.2,1.1,0.5,0.4,2,1,1.00,CYCLE,N
IND,208,6592,59452,18/01/2019,16:27:31,15,1,29.6,1.1,1.9,1.8,2,1,1.00,CYCLE,N
IND,208,6592,59452,18/01/2019,16:27:31,15,1,30.3,1.1,0.4,0.3,2,1,1.00,CYCLE,N
IND,208,6592,59452,18/01/2019,16:27:31,15,1,30.3,1.0,0.3,0.2,2,1,1.00,CYCLE,N
IND,208,6592,59452,18/01/2019,16:27:32,15,1,31.2,1.1,1.1,1.0,2,1,1.00,CYCLE,N
IND,208,6592,59452,18/01/2019,16:27:33,15,1,31.0,1.1,0.9,0.8,2,1,1.00,CYCLE,N
IND,208,6592,59452,18/01/2019,16:27:36,15,1,29.6,1.0,2.9,2.8,2,1,1.00,CYCLE,N
IND,208,6592,59452,18/01/2019,16:27:38,15,1,28.4,1.0,1.3,1.2,2,1,1.00,CYCLE,N
IND,208,6592,59452,18/01/2019,16:27:39,15,1,33.3,1.0,1.6,1.4,2,1,1.00,CYCLE,N
IND,208,6592,59452,18/01/2019,16:27:39,15,1,25.6,1.1,0.4,0.3,2,1,1.00,CYCLE,N
IND,208,6592,59452,18/01/2019,16:27:41,15,1,25.0,0.8,1.6,1.5,2,1,1.00,CYCLE,N
IND,208,6592,59452,18/01/2019,16:27:42,15,1,36.2,1.0,0.9,0.8,2,1,0.50,CYCLE,N
IND,208,6592,59453,18/01/2019,16:27:42,15,0,36.2,1.0,0.0,0.0,2,1,0.50,CYCLE,S
IND,208,6592,59452,18/01/2019,16:27:44,15,1,27.4,1.1,2.4,2.2,2,1,1.00,CYCLE,N
IND,208,6592,59453,18/01/2019,16:28:50,15,0,24.1,1.1,143.4,143.2,2,1,1.00,CYCLE,S
IND,208,6592,59452,18/01/2019,16:28:53,15,1,28.8,1.1,68.2,68.0,2,1,1.00,CYCLE,N
IND,208,6592,59452,18/01/2019,16:28:56,15,1,25.5,1.0,3.1,3.0,2,1,1.00,CYCLE,N
IND,208,6592,59452,18/01/2019,16:28:58,15,1,24.4,1.1,2.7,2.5,2,1,1.00,CYCLE,N
IND,208,6592,59452,18/01/2019,16:29:11,15,1,30.6,1.1,12.8,12.6,2,1,1.00,CYCLE,N
IND,208,6592,59452,18/01/2019,16:29:12,15,1,34.8,1.0,0.5,0.4,2,1,1.00,CYCLE,N
IND,208,6592,59452,18/01/2019,16:29:12,15,1,15.9,1.0,0.6,0.5,2,1,1.00,CYCLE,N
IND,208,6592,59452,18/01/2019,16:29:17,15,1,28.8,1.0,4.9,4.6,2,1,1.00,CYCLE,N
IND,208,6592,59452,18/01/2019,16:29:20,15,1,33.1,1.0,2.5,2.4,2,1,1.00,CYCLE,N
IND,208,6592,59452,18/01/2019,16:29:21,15,1,28.7,1.1,1.6,1.5,2,1,1.00,CYCLE,N
IND,208,6592,59452,18/01/2019,16:29:22,15,1,29.5,1.0,0.6,0.5,2,1,1.00,CYCLE,N
IND,208,6592,59452,18/01/2019,16:29:24,15,1,28.0,1.1,1.7,1.6,2,1,1.00,CYCLE,N
IND,208,6592,59452,18/01/2019,16:29:25,15,1,27.2,1.0,1.3,1.2,2,1,1.00,CYCLE,N
IND,208,6592,59452,18/01/2019,16:29:30,15,1,23.3,1.0,4.6,4.4,2,1,1.00,CYCLE,N
IND,208,6592,59452,18/01/2019,16:29:30,15,1,29.3,1.0,0.6,0.4,2,1,1.00,CYCLE,N
IND,208,6592,59452,18/01/2019,16:29:30,15,1,23.3,1.0,0.2,0.1,2,1,1.00,CYCLE,N
IND,208,6592,59452,18/01/2019,16:29:31,15,1,24.4,1.1,1.0,0.9,2,1,1.00,CYCLE,N
IND,208,6592,59452,18/01/2019,16:29:33,15,1,23.7,1.1,1.9,1.8,2,1,1.00,CYCLE,N
IND,208,6592,59452,18/01/2019,16:29:35,15,1,27.0,1.0,1.4,1.2,2,1,1.00,CYCLE,N
IND,208,6592,59452,18/01/2019,16:29:35,15,1,23.1,1.1,0.2,0.1,2,1,1.00,CYCLE,N
IND,208,6592,59452,18/01/2019,16:29:36,15,1,25.9,1.0,1.3,1.1,2,1,1.00,CYCLE,N
IND,208,6592,59452,18/01/2019,16:29:37,15,1,4.1,1.0,0.9,1.0,2,1,0.50,CYCLE,N
IND,208,6592,59453,18/01/2019,16:29:37,15,0,4.1,1.0,0.0,0.0,2,1,0.50,CYCLE,S
IND,208,6592,59452,18/01/2019,16:29:40,15,1,25.4,1.0,2.7,1.4,2,1,1.00,CYCLE,N
IND,208,6592,59452,18/01/2019,16:29:41,15,1,24.0,1.1,1.1,1.0,2,1,1.00,CYCLE,N
IND,208,6592,59452,18/01/2019,16:29:41,15,1,28.4,1.0,0.4,0.2,2,1,1.00,CYCLE,N
IND,208,6592,59452,18/01/2019,16:29:43,15,1,26.9,1.0,1.6,1.4,2,1,1.00,CYCLE,N
IND,208,6592,59452,18/01/2019,16:29:48,15,1,21.4,1.1,5.5,5.2,2,1,1.00,CYCLE,N
IND,208,6592,59452,18/01/2019,16:31:04,15,1,24.3,1.1,75.9,75.7,2,1,1.00,CYCLE,N
IND,208,6592,59453,18/01/2019,16:31:06,15,0,21.4,1.1,136.4,136.2,2,1,1.00,CYCLE,S
IND,208,6592,59452,18/01/2019,16:31:14,15,1,31.5,1.1,9.9,9.7,2,1,1.00,CYCLE,N
IND,208,6592,59452,18/01/2019,16:31:16,15,1,33.0,1.0,1.8,1.7,2,1,1.00,CYCLE,N
IND,208,6592,59452,18/01/2019,16:31:23,15,1,31.1,1.0,6.9,6.8,2,1,1.00,CYCLE,N
IND,208,6592,59452,18/01/2019,16:31:25,15,1,33.0,1.1,2.5,2.3,2,1,1.00,CYCLE,N
IND,208,6592,59452,18/01/2019,16:31:31,15,1,27.6,1.0,5.5,5.4,2,1,1.00,CYCLE,N
IND,208,6592,59452,18/01/2019,16:31:32,15,1,28.5,1.0,1.5,1.4,2,1,1.00,CYCLE,N
IND,208,6592,59452,18/01/2019,16:31:39,15,1,24.1,1.1,6.2,6.1,2,1,1.00,CYCLE,N
IND,208,6592,59452,18/01/2019,16:31:39,15,1,24.6,1.1,0.7,0.5,2,1,1.00,CYCLE,N
IND,208,6592,59452,18/01/2019,16:31:40,15,1,22.0,1.1,0.9,0.7,2,1,1.00,CYCLE,N
IND,208,6592,59452,18/01/2019,16:31:41,15,1,24.7,1.1,0.6,0.4,2,1,1.00,CYCLE,N
IND,208,6592,59452,18/01/2019,16:31:42,15,1,23.7,1.0,0.9,0.8,2,1,1.00,CYCLE,N
IND,208,6592,59453,18/01/2019,16:31:46,15,0,19.1,0.9,39.5,39.3,2,1,1.00,CYCLE,S
IND,208,6592,59452,18/01/2019,16:33:02,15,1,22.5,1.1,79.9,79.8,2,1,1.00,CYCLE,N
IND,208,6592,59452,18/01/2019,16:33:07,15,1,32.6,1.0,5.8,5.6,2,1,1.00,CYCLE,N
IND,208,6592,59452,18/01/2019,16:33:11,15,1,32.5,1.0,3.7,3.6,2,1,1.00,CYCLE,N
IND,208,6592,59452,18/01/2019,16:33:12,15,1,27.0,1.1,1.2,1.1,2,1,1.00,CYCLE,N
IND,208,6592,59452,18/01/2019,16:33:20,15,1,29.5,1.0,7.3,7.1,2,1,1.00,CYCLE,N
IND,208,6592,59452,18/01/2019,16:33:20,15,1,24.6,1.1,0.7,0.6,2,1,1.00,CYCLE,N
IND,208,6592,59452,18/01/2019,16:33:21,15,1,29.0,1.0,0.2,0.1,2,1,1.00,CYCLE,N
IND,208,6592,59452,18/01/2019,16:33:22,15,1,27.8,1.0,1.0,0.9,2,1,1.00,CYCLE,N
IND,208,6592,59452,18/01/2019,16:33:22,15,1,28.5,1.0,0.9,0.7,2,1,1.00,CYCLE,N
IND,208,6592,59452,18/01/2019,16:33:23,15,1,27.4,1.0,0.9,0.8,2,1,1.00,CYCLE,N
IND,208,6592,59452,18/01/2019,16:33:24,15,1,27.8,1.1,0.4,0.3,2,1,1.00,CYCLE,N
IND,208,6592,59453,18/01/2019,16:33:34,15,0,26.6,1.0,108.3,108.2,2,1,1.00,CYCLE,S
IND,208,6592,59453,18/01/2019,16:33:35,15,0,27.5,1.1,1.1,0.9,2,1,1.00,CYCLE,S
IND,208,6592,59452,18/01/2019,16:33:40,15,1,21.2,1.1,16.7,16.6,2,1,1.00,CYCLE,N
IND,208,6592,59452,18/01/2019,16:33:42,15,1,24.7,1.1,1.3,1.1,2,1,1.00,CYCLE,N
IND,208,6592,59452,18/01/2019,16:33:47,15,1,26.0,1.1,5.1,5.0,2,1,1.00,CYCLE,N
IND,208,6592,59452,18/01/2019,16:33:48,15,1,21.4,1.1,1.4,1.2,2,1,1.00,CYCLE,N
IND,208,6592,59452,18/01/2019,16:34:48,15,1,32.0,1.1,59.3,59.0,2,1,1.00,CYCLE,N
IND,208,6592,59453,18/01/2019,16:34:50,15,0,26.7,1.1,74.9,74.7,2,1,1.00,CYCLE,S
IND,208,6592,59452,18/01/2019,16:34:52,15,1,29.0,1.1,4.5,4.4,2,1,1.00,CYCLE,N
IND,208,6592,59452,18/01/2019,16:34:59,15,1,26.5,1.0,6.9,6.7,2,1,1.00,CYCLE,N
IND,208,6592,59452,18/01/2019,16:35:02,15,1,18.7,1.1,2.9,2.7,2,1,1.00,CYCLE,N
IND,208,6592,59452,18/01/2019,16:35:18,15,1,33.3,1.0,16.7,16.4,2,1,1.00,CYCLE,N
IND,208,6592,59452,18/01/2019,16:35:20,15,1,35.1,1.0,1.6,1.5,2,1,1.00,CYCLE,N
IND,208,6592,59452,18/01/2019,16:35:28,15,1,31.4,1.1,7.9,7.8,2,1,1.00,CYCLE,N
IND,208,6592,59453,18/01/2019,16:35:36,15,0,26.5,1.0,45.8,45.7,2,1,1.00,CYCLE,S
IND,208,6592,59452,18/01/2019,16:35:37,15,1,27.3,1.0,8.7,8.6,2,1,1.00,CYCLE,N
IND,208,6592,59452,18/01/2019,16:35:38,15,1,27.1,1.1,1.4,1.2,2,1,1.00,CYCLE,N
IND,208,6592,59452,18/01/2019,16:35:38,15,1,32.7,1.1,0.3,0.1,2,1,1.00,CYCLE,N
IND,208,6592,59452,18/01/2019,16:35:39,15,1,28.3,1.1,0.7,0.6,2,1,1.00,CYCLE,N
IND,208,6592,59452,18/01/2019,16:35:43,15,1,28.5,1.0,3.8,3.6,2,1,1.00,CYCLE,N
IND,208,6592,59452,18/01/2019,16:35:44,15,1,25.6,1.1,1.0,0.9,2,1,1.00,CYCLE,N
IND,208,6592,59452,18/01/2019,16:37:06,15,1,28.2,1.1,81.8,81.7,2,1,1.00,CYCLE,N
IND,208,6592,59452,18/01/2019,16:37:06,15,1,28.3,1.1,0.5,0.4,2,1,1.00,CYCLE,N
IND,208,6592,59452,18/01/2019,16:37:07,15,1,29.3,1.0,0.9,0.7,2,1,1.00,CYCLE,N
IND,208,6592,59452,18/01/2019,16:37:08,15,1,26.6,1.1,1.3,1.2,2,1,1.00,CYCLE,N
IND,208,6592,59452,18/01/2019,16:37:11,15,1,24.1,1.1,2.3,2.2,2,1,1.00,CYCLE,N
IND,208,6592,59452,18/01/2019,16:37:11,15,1,27.1,1.0,0.4,0.2,2,1,1.00,CYCLE,N
IND,208,6592,59452,18/01/2019,16:37:21,15,1,35.4,1.0,9.9,9.8,2,1,1.00,CYCLE,N
IND,208,6592,59452,18/01/2019,16:37:21,15,1,34.9,1.0,0.4,0.3,2,1,1.00,CYCLE,N
IND,208,6592,59452,18/01/2019,16:37:28,15,1,33.0,1.0,7.2,7.1,2,1,1.00,CYCLE,N
IND,208,6592,59452,18/01/2019,16:37:30,15,1,36.7,1.0,1.9,1.8,2,1,1.00,CYCLE,N
IND,208,6592,59452,18/01/2019,16:37:31,15,1,31.9,1.0,0.5,0.4,2,1,1.00,CYCLE,N
IND,208,6592,59452,18/01/2019,16:37:34,15,1,31.7,1.1,3.0,2.9,2,1,1.00,CYCLE,N
IND,208,6592,59452,18/01/2019,16:37:36,15,1,33.1,1.0,2.5,2.4,2,1,1.00,CYCLE,N
IND,208,6592,59452,18/01/2019,16:37:38,15,1,31.4,1.2,1.7,1.6,2,1,1.00,CYCLE,N
IND,208,6592,59452,18/01/2019,16:37:38,15,1,38.2,1.1,0.3,0.2,2,1,1.00,CYCLE,N
IND,208,6592,59452,18/01/2019,16:37:41,15,1,28.6,1.0,2.3,2.2,2,1,1.00,CYCLE,N
IND,208,6592,59452,18/01/2019,16:37:42,15,1,27.6,1.1,1.8,1.6,2,1,1.00,CYCLE,N
IND,208,6592,59452,18/01/2019,16:37:50,15,1,27.5,1.1,8.0,7.9,2,1,1.00,CYCLE,N
IND,208,6592,59452,18/01/2019,16:37:52,15,1,27.4,1.2,1.6,1.4,2,1,1.00,CYCLE,N
IND,208,6592,59452,18/01/2019,16:38:40,15,1,27.3,1.0,48.2,48.1,2,1,1.00,CYCLE,N
IND,208,6592,59452,18/01/2019,16:38:58,15,1,25.5,1.0,17.9,17.8,2,1,1.00,CYCLE,N
IND,208,6592,59453,18/01/2019,16:39:00,15,0,26.9,1.2,204.1,203.9,2,1,1.00,CYCLE,S
IND,208,6592,59453,18/01/2019,16:39:08,15,0,22.5,1.1,8.4,8.2,2,1,1.00,CYCLE,S
IND,208,6592,59452,18/01/2019,16:39:16,15,1,35.5,1.0,17.9,17.8,2,1,1.00,CYCLE,N
IND,208,6592,59452,18/01/2019,16:39:16,15,1,36.0,1.0,0.3,0.1,2,1,1.00,CYCLE,N
IND,208,6592,59452,18/01/2019,16:39:17,15,1,36.3,1.0,0.3,0.2,2,1,1.00,CYCLE,N
IND,208,6592,59452,18/01/2019,16:39:26,15,1,30.3,1.0,9.7,9.6,2,1,1.00,CYCLE,N
IND,208,6592,59452,18/01/2019,16:39:27,15,1,36.1,1.1,0.2,0.1,2,1,1.00,CYCLE,N
IND,208,6592,59452,18/01/2019,16:39:30,15,1,30.2,1.1,3.3,3.2,2,1,1.00,CYCLE,N
IND,208,6592,59452,18/01/2019,16:39:32,15,1,30.8,1.0,2.0,1.9,2,1,1.00,CYCLE,N
IND,208,6592,59452,18/01/2019,16:39:35,15,1,33.9,1.0,2.8,2.7,2,1,1.00,CYCLE,N
IND,208,6592,59452,18/01/2019,16:39:37,15,1,34.7,1.0,2.5,2.4,2,1,1.00,CYCLE,N
IND,208,6592,59452,18/01/2019,16:39:40,15,1,29.7,1.1,2.7,2.6,2,1,1.00,CYCLE,N
IND,208,6592,59452,18/01/2019,16:39:45,15,1,28.4,1.0,4.7,4.6,2,1,1.00,CYCLE,N
IND,208,6592,59452,18/01/2019,16:39:52,15,1,25.7,1.1,7.1,7.0,2,1,1.00,CYCLE,N
IND,208,6592,59452,18/01/2019,16:40:55,15,1,30.3,1.0,62.9,62.8,2,1,1.00,CYCLE,N
IND,208,6592,59452,18/01/2019,16:40:57,15,1,31.6,1.1,2.3,2.2,2,1,1.00,CYCLE,N
IND,208,6592,59452,18/01/2019,16:40:58,15,1,31.3,1.0,1.0,0.8,2,1,1.00,CYCLE,N
IND,208,6592,59452,18/01/2019,16:40:59,15,1,25.2,1.1,0.8,0.7,2,1,1.00,CYCLE,N
IND,208,6592,59452,18/01/2019,16:41:04,15,1,23.5,1.1,4.8,4.6,2,1,1.00,CYCLE,N
IND,208,6592,59452,18/01/2019,16:41:08,15,1,21.3,1.1,4.1,3.9,2,1,1.00,CYCLE,N
IND,208,6592,59452,18/01/2019,16:41:10,15,1,18.0,1.0,2.5,2.3,2,1,1.00,CYCLE,N
IND,208,6592,59452,18/01/2019,16:41:15,15,1,33.4,1.0,4.9,4.6,2,1,1.00,CYCLE,N
IND,208,6592,59453,18/01/2019,16:41:18,15,0,29.9,1.0,129.5,129.3,2,1,1.00,CYCLE,S
IND,208,6592,59452,18/01/2019,16:41:28,15,1,32.3,1.1,13.4,13.3,2,1,1.00,CYCLE,N
IND,208,6592,59452,18/01/2019,16:41:30,15,1,31.0,1.0,1.3,1.2,2,1,1.00,CYCLE,N
IND,208,6592,59452,18/01/2019,16:41:33,15,1,31.9,1.0,3.4,3.3,2,1,1.00,CYCLE,N
IND,208,6592,59452,18/01/2019,16:41:35,15,1,32.2,1.1,2.0,1.9,2,1,1.00,CYCLE,N
IND,208,6592,59452,18/01/2019,16:41:36,15,1,37.3,1.0,1.4,1.3,2,1,1.00,CYCLE,N
IND,208,6592,59452,18/01/2019,16:41:37,15,1,26.2,1.0,0.2,0.1,2,1,1.00,CYCLE,N
IND,208,6592,59452,18/01/2019,16:41:37,15,1,37.1,1.0,0.4,0.3,2,1,1.00,CYCLE,N
IND,208,6592,59452,18/01/2019,16:41:37,15,1,29.0,1.0,0.3,0.3,2,1,1.00,CYCLE,N
IND,208,6592,59452,18/01/2019,16:41:38,15,1,32.5,1.0,0.5,0.3,2,1,1.00,CYCLE,N
IND,208,6592,59452,18/01/2019,16:41:38,15,1,19.8,1.0,0.5,0.3,2,1,0.44,CYCLE,N
IND,208,6592,59452,18/01/2019,16:41:43,15,1,29.4,1.0,4.8,4.7,2,1,1.00,CYCLE,N
IND,208,6592,59452,18/01/2019,16:41:44,15,1,25.6,1.1,0.9,0.8,2,1,1.00,CYCLE,N
IND,208,6592,59452,18/01/2019,16:41:46,15,1,29.4,1.1,1.9,1.7,2,1,1.00,CYCLE,N
IND,208,6592,59452,18/01/2019,16:41:46,15,1,26.3,1.0,0.4,0.2,2,1,1.00,CYCLE,N
IND,208,6592,59452,18/01/2019,16:43:00,15,1,26.9,1.1,73.8,73.7,2,1,1.00,CYCLE,N
IND,208,6592,59453,18/01/2019,16:43:00,15,0,37.0,1.1,102.5,102.4,2,1,1.00,CYCLE,S
IND,208,6592,59452,18/01/2019,16:43:03,15,1,20.8,1.1,2.6,2.4,2,1,1.00,CYCLE,N
IND,208,6592,59452,18/01/2019,16:43:09,15,1,29.9,1.1,6.3,6.1,2,1,1.00,CYCLE,N
IND,208,6592,59452,18/01/2019,16:43:16,15,1,27.6,1.0,7.4,7.3,2,1,1.00,CYCLE,N
IND,208,6592,59452,18/01/2019,16:43:18,15,1,28.1,1.1,1.5,1.4,2,1,1.00,CYCLE,N
IND,208,6592,59453,18/01/2019,16:43:18,15,0,18.9,1.0,18.0,17.9,2,1,0.50,CYCLE,S
IND,208,6592,59452,18/01/2019,16:43:42,15,1,27.6,1.1,24.5,24.3,2,1,1.00,CYCLE,N
IND,208,6592,59452,18/01/2019,16:45:24,15,1,36.0,1.0,101.3,101.1,2,1,1.00,CYCLE,N
IND,208,6592,59452,18/01/2019,16:45:32,15,1,25.4,1.0,7.9,7.8,2,1,1.00,CYCLE,N
IND,208,6592,59452,18/01/2019,16:45:33,15,1,27.8,1.0,1.0,0.9,2,1,1.00,CYCLE,N
IND,208,6592,59452,18/01/2019,16:45:33,15,1,28.2,1.0,0.4,0.3,2,1,1.00,CYCLE,N
IND,208,6592,59452,18/01/2019,16:45:34,15,1,29.4,1.1,0.9,0.8,2,1,1.00,CYCLE,N
IND,208,6592,59452,18/01/2019,16:45:35,15,1,29.7,1.1,0.9,0.8,2,1,1.00,CYCLE,N
IND,208,6592,59452,18/01/2019,16:45:42,15,1,25.3,1.1,7.3,7.1,2,1,1.00,CYCLE,N
IND,208,6592,59452,18/01/2019,16:46:44,15,1,35.3,1.0,62.4,62.2,2,1,1.00,CYCLE,N
IND,208,6592,59452,18/01/2019,16:46:46,15,1,33.7,1.0,1.5,1.3,2,1,1.00,CYCLE,N
IND,208,6592,59452,18/01/2019,16:46:47,15,1,36.1,1.1,1.1,1.0,2,1,1.00,CYCLE,N
IND,208,6592,59452,18/01/2019,16:46:49,15,1,27.6,1.0,1.7,1.7,2,1,1.00,CYCLE,N
IND,208,6592,59452,18/01/2019,16:46:49,15,1,28.0,1.0,0.4,0.2,2,1,1.00,CYCLE,N
IND,208,6592,59452,18/01/2019,16:46:50,15,1,29.5,1.0,1.2,1.1,2,1,1.00,CYCLE,N
IND,208,6592,59453,18/01/2019,16:46:51,15,0,23.2,1.1,139.5,139.3,2,1,1.00,CYCLE,S
IND,208,6592,59452,18/01/2019,16:46:54,15,1,25.1,1.0,3.5,3.4,2,1,1.00,CYCLE,N
IND,208,6592,59452,18/01/2019,16:46:55,15,1,23.7,1.1,1.4,1.3,2,1,1.00,CYCLE,N
IND,208,6592,59452,18/01/2019,16:46:56,15,1,24.5,1.1,0.6,0.4,2,1,1.00,CYCLE,N
IND,208,6592,59452,18/01/2019,16:46:57,15,1,24.9,1.0,0.7,0.5,2,1,1.00,CYCLE,N
IND,208,6592,59452,18/01/2019,16:46:57,15,1,25.5,1.1,0.7,0.6,2,1,1.00,CYCLE,N
IND,208,6592,59452,18/01/2019,16:46:59,15,1,25.1,1.1,1.2,1.0,2,1,1.00,CYCLE,N
IND,208,6592,59452,18/01/2019,16:47:03,15,1,20.9,1.1,4.2,4.1,2,1,1.00,CYCLE,N
IND,208,6592,59452,18/01/2019,16:47:05,15,1,19.7,1.0,1.8,1.7,2,1,1.00,CYCLE,N
IND,208,6592,59452,18/01/2019,16:47:05,15,1,21.5,1.0,0.9,0.7,2,1,1.00,CYCLE,N
IND,208,6592,59452,18/01/2019,16:47:09,15,1,19.2,1.1,3.2,3.0,2,1,1.00,CYCLE,N
IND,208,6592,59452,18/01/2019,16:47:14,15,1,33.7,1.0,4.9,4.7,2,1,1.00,CYCLE,N
IND,208,6592,59452,18/01/2019,16:47:17,15,1,39.5,1.0,3.7,3.6,2,1,1.00,CYCLE,N
IND,208,6592,59452,18/01/2019,16:47:18,15,1,34.2,1.0,0.6,0.5,2,1,1.00,CYCLE,N
IND,208,6592,59452,18/01/2019,16:47:18,15,1,33.4,1.0,0.4,0.3,2,1,1.00,CYCLE,N
IND,208,6592,59452,18/01/2019,16:47:29,15,1,31.4,1.0,10.6,10.5,2,1,1.00,CYCLE,N
IND,208,6592,59452,18/01/2019,16:47:29,15,1,31.9,1.1,0.3,0.2,2,1,1.00,CYCLE,N
IND,208,6592,59452,18/01/2019,16:47:36,15,1,28.3,1.1,6.7,6.6,2,1,1.00,CYCLE,N
IND,208,6592,59452,18/01/2019,16:47:37,15,1,24.5,1.0,0.9,0.7,2,1,1.00,CYCLE,N
IND,208,6592,59452,18/01/2019,16:47:37,15,1,33.2,1.0,0.4,0.2,2,1,1.00,CYCLE,N
IND,208,6592,59452,18/01/2019,16:47:38,15,1,28.1,1.1,0.5,0.4,2,1,1.00,CYCLE,N
IND,208,6592,59452,18/01/2019,16:47:38,15,1,26.8,1.0,0.5,0.4,2,1,1.00,CYCLE,N
IND,208,6592,59452,18/01/2019,16:47:41,15,1,25.5,1.1,3.2,3.1,2,1,1.00,CYCLE,N
IND,208,6592,59452,18/01/2019,16:47:42,15,1,27.2,1.1,0.2,0.1,2,1,1.00,CYCLE,N
IND,208,6592,59453,18/01/2019,16:49:03,15,0,26.9,1.0,132.3,132.1,2,1,1.00,CYCLE,S
IND,208,6592,59453,18/01/2019,16:49:08,15,0,21.2,1.0,4.6,4.5,2,1,1.00,CYCLE,S
IND,208,6592,59452,18/01/2019,16:49:08,15,1,22.7,1.1,86.9,86.8,2,1,1.00,CYCLE,N
IND,208,6592,59452,18/01/2019,16:49:14,15,1,20.2,1.1,5.3,5.2,2,1,1.00,CYCLE,N
IND,208,6592,59453,18/01/2019,16:49:40,15,0,25.4,1.1,32.4,32.2,2,1,1.00,CYCLE,S
IND,208,6592,59453,18/01/2019,16:50:16,15,0,18.6,1.1,36.4,36.2,2,1,1.00,CYCLE,S
IND,208,6592,59452,18/01/2019,16:50:32,15,1,35.9,1.0,78.2,77.9,2,1,1.00,CYCLE,N
IND,208,6592,59452,18/01/2019,16:50:35,15,1,34.3,1.0,2.7,2.6,2,1,1.00,CYCLE,N
IND,208,6592,59452,18/01/2019,16:50:36,15,1,30.0,1.0,1.1,1.0,2,1,1.00,CYCLE,N
IND,208,6592,59452,18/01/2019,16:50:39,15,1,36.2,1.1,3.8,3.7,2,1,1.00,CYCLE,N
IND,208,6592,59452,18/01/2019,16:50:40,15,1,34.3,1.0,0.5,0.4,2,1,1.00,CYCLE,N
IND,208,6592,59452,18/01/2019,16:50:41,15,1,25.3,1.0,0.8,0.7,2,1,1.00,CYCLE,N
IND,208,6592,59452,18/01/2019,16:50:41,15,1,29.4,1.0,0.3,0.2,2,1,1.00,CYCLE,N
IND,208,6592,59452,18/01/2019,16:50:42,15,1,25.4,1.1,0.6,0.5,2,1,1.00,CYCLE,N
IND,208,6592,59452,18/01/2019,16:50:42,15,1,27.8,1.0,0.6,0.4,2,1,1.00,CYCLE,N
IND,208,6592,59452,18/01/2019,16:50:44,15,1,26.2,1.0,1.7,1.6,2,1,1.00,CYCLE,N
IND,208,6592,59452,18/01/2019,16:50:45,15,1,26.4,1.1,1.0,0.8,2,1,1.00,CYCLE,N
IND,208,6592,59452,18/01/2019,16:50:46,15,1,26.6,1.0,1.3,1.2,2,1,1.00,CYCLE,N
IND,208,6592,59453,18/01/2019,16:50:47,15,0,26.5,1.0,30.2,30.0,2,1,1.00,CYCLE,S
IND,208,6592,59452,18/01/2019,16:50:48,15,1,25.3,1.1,1.4,1.3,2,1,1.00,CYCLE,N
IND,208,6592,59452,18/01/2019,16:51:08,15,1,37.2,1.0,17.5,17.5,2,1,1.00,CYCLE,N
IND,208,6592,59452,18/01/2019,16:51:09,15,1,37.4,1.0,0.4,0.3,2,1,1.00,CYCLE,N
IND,208,6592,59453,18/01/2019,16:51:12,15,0,19.3,1.0,25.0,24.9,2,1,0.75,CYCLE,S
IND,208,6592,59452,18/01/2019,16:51:29,15,1,22.9,1.0,20.1,20.0,2,1,1.00,CYCLE,N
IND,208,6592,59452,18/01/2019,16:51:30,15,1,27.0,1.1,1.1,0.9,2,1,1.00,CYCLE,N
IND,208,6592,59452,18/01/2019,16:51:32,15,1,27.2,1.1,2.1,1.9,2,1,1.00,CYCLE,N
IND,208,6592,59452,18/01/2019,16:51:40,15,1,22.4,1.1,7.9,7.8,2,1,1.00,CYCLE,N
IND,208,6592,59452,18/01/2019,16:53:10,15,1,28.5,1.0,89.9,89.7,2,1,1.00,CYCLE,N
IND,208,6592,59452,18/01/2019,16:53:10,15,1,28.2,1.1,0.7,0.6,2,1,1.00,CYCLE,N
IND,208,6592,59452,18/01/2019,16:53:11,15,1,26.1,1.0,0.5,0.3,2,1,1.00,CYCLE,N
IND,208,6592,59452,18/01/2019,16:53:12,15,1,27.4,1.0,1.4,1.3,2,1,1.00,CYCLE,N
IND,208,6592,59452,18/01/2019,16:53:14,15,1,26.4,1.0,2.1,2.0,2,1,1.00,CYCLE,N
IND,208,6592,59452,18/01/2019,16:53:18,15,1,32.2,1.0,3.3,3.1,2,1,1.00,CYCLE,N
IND,208,6592,59452,18/01/2019,16:53:19,15,1,33.8,1.0,1.3,1.2,2,1,1.00,CYCLE,N
IND,208,6592,59452,18/01/2019,16:53:25,15,1,34.0,1.0,6.0,5.9,2,1,1.00,CYCLE,N
IND,208,6592,59452,18/01/2019,16:53:25,15,1,34.0,1.0,0.0,0.0,2,1,1.00,CYCLE,N
IND,208,6592,59452,18/01/2019,16:53:26,15,1,33.7,1.0,0.6,0.4,2,1,1.00,CYCLE,N
IND,208,6592,59452,18/01/2019,16:53:31,15,1,30.3,1.0,4.9,4.8,2,1,1.00,CYCLE,N
IND,208,6592,59452,18/01/2019,16:53:31,15,1,32.4,1.0,0.7,0.6,2,1,1.00,CYCLE,N
IND,208,6592,59452,18/01/2019,16:53:42,15,1,27.6,1.1,10.9,10.8,2,1,1.00,CYCLE,N
IND,208,6592,59452,18/01/2019,16:55:02,15,1,26.4,1.0,80.2,80.1,2,1,1.00,CYCLE,N
IND,208,6592,59452,18/01/2019,16:55:04,15,1,26.4,1.0,1.6,1.4,2,1,0.57,CYCLE,N
IND,208,6592,59452,18/01/2019,16:55:06,15,1,25.7,1.1,1.9,1.7,2,1,1.00,CYCLE,N
IND,208,6592,59452,18/01/2019,16:55:13,15,1,31.6,1.1,6.5,6.3,2,1,1.00,CYCLE,N
IND,208,6592,59452,18/01/2019,16:55:18,15,1,18.4,1.0,4.8,4.7,2,1,1.00,CYCLE,N
IND,208,6592,59452,18/01/2019,16:55:19,15,1,28.6,1.0,0.9,0.6,2,1,1.00,CYCLE,N
IND,208,6592,59452,18/01/2019,16:55:20,15,1,32.5,1.0,1.3,1.1,2,1,1.00,CYCLE,N
IND,208,6592,59453,18/01/2019,16:55:24,15,0,26.2,1.0,252.3,252.1,2,1,1.00,CYCLE,S
IND,208,6592,59452,18/01/2019,16:56:43,15,1,28.4,1.1,82.7,82.6,2,1,1.00,CYCLE,N
IND,208,6592,59452,18/01/2019,16:56:43,15,1,27.8,1.0,0.7,0.6,2,1,1.00,CYCLE,N
IND,208,6592,59452,18/01/2019,16:56:44,15,1,26.9,1.2,0.7,0.5,2,1,1.00,CYCLE,N
IND,208,6592,59452,18/01/2019,16:56:45,15,1,26.0,1.1,1.4,1.2,2,1,1.00,CYCLE,N
IND,208,6592,59452,18/01/2019,16:56:46,15,1,25.5,1.0,0.9,0.8,2,1,1.00,CYCLE,N
IND,208,6592,59452,18/01/2019,16:56:47,15,1,26.6,1.0,0.8,0.7,2,1,1.00,CYCLE,N
IND,208,6592,59452,18/01/2019,16:56:48,15,1,25.1,1.0,0.8,0.7,2,1,1.00,CYCLE,N
IND,208,6592,59453,18/01/2019,16:56:49,15,0,25.2,1.0,85.4,85.2,2,1,1.00,CYCLE,S
IND,208,6592,59452,18/01/2019,16:56:51,15,1,25.5,1.0,3.3,3.2,2,1,1.00,CYCLE,N
IND,208,6592,59452,18/01/2019,16:56:54,15,1,25.4,1.1,2.8,2.7,2,1,1.00,CYCLE,N
IND,208,6592,59452,18/01/2019,16:57:21,15,1,34.2,1.0,26.6,26.4,2,1,1.00,CYCLE,N
IND,208,6592,59452,18/01/2019,16:57:23,15,1,34.2,1.1,1.8,1.7,2,1,1.00,CYCLE,N
IND,208,6592,59452,18/01/2019,16:57:23,15,1,35.4,1.0,0.8,0.7,2,1,1.00,CYCLE,N
IND,208,6592,59452,18/01/2019,16:57:25,15,1,36.3,1.0,2.1,2.0,2,1,1.00,CYCLE,N
IND,208,6592,59452,18/01/2019,16:57:28,15,1,33.3,1.0,2.3,2.2,2,1,1.00,CYCLE,N
IND,208,6592,59453,18/01/2019,16:57:58,15,0,18.7,1.0,68.7,68.6,2,1,1.00,CYCLE,S
IND,208,6592,59453,18/01/2019,16:58:02,15,0,25.7,1.1,4.2,4.0,2,1,1.00,CYCLE,S
IND,208,6592,59452,18/01/2019,16:58:32,15,1,28.9,1.1,64.3,64.2,2,1,1.00,CYCLE,N
IND,208,6592,59452,18/01/2019,16:58:33,15,1,28.9,1.1,0.6,0.4,2,1,1.00,CYCLE,N
IND,208,6592,59452,18/01/2019,16:58:34,15,1,27.9,1.0,1.7,1.6,2,1,1.00,CYCLE,N
IND,208,6592,59452,18/01/2019,16:58:36,15,1,27.0,1.1,1.4,1.3,2,1,1.00,CYCLE,N
IND,208,6592,59452,18/01/2019,16:58:36,15,1,27.1,1.1,0.4,0.3,2,1,1.00,CYCLE,N
IND,208,6592,59453,18/01/2019,16:58:38,15,0,29.2,1.0,35.7,35.5,2,1,1.00,CYCLE,S
IND,208,6592,59452,18/01/2019,16:58:39,15,1,28.5,1.1,2.5,2.3,2,1,1.00,CYCLE,N
IND,208,6592,59452,18/01/2019,16:58:43,15,1,22.5,1.1,3.9,3.8,2,1,1.00,CYCLE,N
IND,208,6592,59452,18/01/2019,16:58:51,15,1,16.2,1.0,8.0,7.9,2,1,1.00,CYCLE,N
IND,208,6592,59452,18/01/2019,16:59:20,15,1,35.3,1.0,29.0,28.7,2,1,1.00,CYCLE,N
IND,208,6592,59452,18/01/2019,16:59:20,15,1,35.3,1.0,0.0,0.0,2,1,1.00,CYCLE,N
IND,208,6592,59452,18/01/2019,16:59:25,15,1,36.4,1.0,5.6,5.4,2,1,1.00,CYCLE,N
IND,208,6592,59452,18/01/2019,16:59:28,15,1,34.8,1.0,3.2,3.1,2,1,1.00,CYCLE,N
IND,208,6592,59452,18/01/2019,16:59:29,15,1,30.3,1.1,0.8,0.7,2,1,1.00,CYCLE,N
IND,208,6592,59452,18/01/2019,16:59:34,15,1,29.0,1.0,4.8,4.7,2,1,1.00,CYCLE,N
IND,208,6592,59452,18/01/2019,16:59:35,15,1,30.9,1.0,1.2,1.0,2,1,1.00,CYCLE,N
IND,208,6592,59452,18/01/2019,16:59:36,15,1,30.6,1.0,0.6,0.5,2,1,1.00,CYCLE,N
IND,208,6592,59452,18/01/2019,17:00:52,15,1,30.2,1.1,76.1,76.0,2,1,1.00,CYCLE,N
IND,208,6592,59452,18/01/2019,17:00:53,15,1,29.1,1.1,0.9,0.8,2,1,1.00,CYCLE,N
IND,208,6592,59452,18/01/2019,17:00:55,15,1,27.2,1.0,1.6,1.4,2,1,1.00,CYCLE,N
IND,208,6592,59452,18/01/2019,17:00:55,15,1,28.0,1.1,0.4,0.3,2,1,1.00,CYCLE,N
IND,208,6592,59452,18/01/2019,17:00:55,15,1,26.8,1.1,0.5,0.3,2,1,1.00,CYCLE,N
IND,208,6592,59452,18/01/2019,17:00:56,15,1,28.1,1.1,1.0,0.8,2,1,1.00,CYCLE,N
IND,208,6592,59452,18/01/2019,17:00:59,15,1,25.5,1.1,2.8,2.7,2,1,1.00,CYCLE,N
IND,208,6592,59452,18/01/2019,17:01:03,15,1,22.3,1.1,3.8,3.6,2,1,1.00,CYCLE,N
IND,208,6592,59452,18/01/2019,17:01:12,15,1,17.3,1.1,9.2,9.0,2,1,1.00,CYCLE,N
IND,208,6592,59452,18/01/2019,17:01:20,15,1,29.6,1.1,8.0,7.8,2,1,1.00,CYCLE,N
IND,208,6592,59453,18/01/2019,17:01:21,15,0,26.7,1.0,162.9,162.8,2,1,1.00,CYCLE,S
IND,208,6592,59452,18/01/2019,17:01:22,15,1,32.5,1.0,1.8,1.7,2,1,1.00,CYCLE,N
IND,208,6592,59453,18/01/2019,17:01:28,15,0,29.5,1.1,7.3,7.2,2,1,1.00,CYCLE,S
IND,208,6592,59452,18/01/2019,17:01:28,15,1,27.8,1.1,6.4,6.3,2,1,1.00,CYCLE,N
IND,208,6592,59453,18/01/2019,17:01:33,15,0,25.8,1.0,4.9,4.8,2,1,1.00,CYCLE,S
IND,208,6592,59453,18/01/2019,17:01:38,15,0,26.7,1.0,4.8,4.7,2,1,1.00,CYCLE,S
IND,208,6592,59452,18/01/2019,17:02:43,15,1,30.0,1.0,74.2,74.1,2,1,1.00,CYCLE,N
IND,208,6592,59452,18/01/2019,17:02:43,15,1,31.9,1.0,0.8,0.7,2,1,1.00,CYCLE,N
IND,208,6592,59452,18/01/2019,17:02:46,15,1,28.2,1.1,2.5,2.4,2,1,1.00,CYCLE,N
IND,208,6592,59452,18/01/2019,17:02:47,15,1,26.6,1.0,1.5,1.3,2,1,1.00,CYCLE,N
IND,208,6592,59452,18/01/2019,17:02:48,15,1,28.4,1.0,1.0,0.9,2,1,1.00,CYCLE,N
IND,208,6592,59452,18/01/2019,17:02:51,15,1,25.8,1.1,2.3,2.1,2,1,1.00,CYCLE,N
IND,208,6592,59452,18/01/2019,17:02:52,15,1,26.3,1.1,1.1,0.9,2,1,1.00,CYCLE,N
IND,208,6592,59452,18/01/2019,17:02:54,15,1,23.6,1.1,2.3,2.2,2,1,1.00,CYCLE,N
IND,208,6592,59452,18/01/2019,17:02:57,15,1,23.5,1.1,3.2,3.0,2,1,1.00,CYCLE,N
IND,208,6592,59452,18/01/2019,17:02:59,15,1,21.5,1.1,1.9,1.7,2,1,1.00,CYCLE,N
IND,208,6592,59452,18/01/2019,17:03:00,15,1,16.6,1.0,1.3,1.1,2,1,1.00,CYCLE,N
IND,208,6592,59452,18/01/2019,17:03:01,15,1,36.3,1.1,0.9,0.6,2,1,1.00,CYCLE,N
IND,208,6592,59452,18/01/2019,17:03:02,15,1,19.7,1.1,0.4,0.4,2,1,1.00,CYCLE,N
IND,208,6592,59452,18/01/2019,17:03:15,15,1,28.4,1.0,13.4,13.2,2,1,1.00,CYCLE,N
IND,208,6592,59452,18/01/2019,17:03:18,15,1,27.3,1.0,2.8,2.6,2,1,1.00,CYCLE,N
IND,208,6592,59452,18/01/2019,17:04:22,15,1,27.2,1.1,63.8,63.6,2,1,1.00,CYCLE,N
IND,208,6592,59452,18/01/2019,17:04:23,15,1,24.6,1.1,1.8,1.7,2,1,1.00,CYCLE,N
IND,208,6592,59452,18/01/2019,17:04:24,15,1,24.4,1.1,1.1,1.0,2,1,1.00,CYCLE,N
IND,208,6592,59452,18/01/2019,17:04:25,15,1,24.4,1.1,1.0,0.8,2,1,1.00,CYCLE,N
IND,208,6592,59452,18/01/2019,17:04:26,15,1,24.3,1.0,0.6,0.4,2,1,1.00,CYCLE,N
IND,208,6592,59452,18/01/2019,17:04:26,15,1,24.3,1.0,0.0,0.0,2,1,1.00,CYCLE,N
IND,208,6592,59452,18/01/2019,17:06:08,15,1,17.0,1.0,101.7,101.5,2,1,1.00,CYCLE,N
IND,208,6592,59452,18/01/2019,17:06:08,15,1,17.3,1.0,0.6,0.4,2,1,1.00,CYCLE,N
IND,208,6592,59452,18/01/2019,17:06:17,15,1,39.5,1.0,8.8,8.5,2,1,1.00,CYCLE,N
IND,208,6592,59452,18/01/2019,17:06:20,15,1,31.7,1.1,2.5,2.4,2,1,1.00,CYCLE,N
IND,208,6592,59452,18/01/2019,17:06:20,15,1,32.3,1.0,0.6,0.5,2,1,1.00,CYCLE,N
IND,208,6592,59452,18/01/2019,17:06:23,15,1,30.7,1.0,2.8,2.7,2,1,1.00,CYCLE,N
IND,208,6592,59452,18/01/2019,17:06:24,15,1,29.9,1.0,0.9,0.8,2,1,1.00,CYCLE,N
IND,208,6592,59452,18/01/2019,17:06:25,15,1,28.8,1.0,1.1,1.0,2,1,1.00,CYCLE,N
IND,208,6592,59452,18/01/2019,17:06:26,15,1,29.3,1.0,1.0,0.8,2,1,1.00,CYCLE,N
IND,208,6592,59452,18/01/2019,17:06:28,15,1,29.3,1.0,2.2,2.1,2,1,1.00,CYCLE,N
IND,208,6592,59452,18/01/2019,17:06:30,15,1,27.5,1.0,1.5,1.3,2,1,1.00,CYCLE,N
IND,208,6592,59452,18/01/2019,17:06:39,15,1,18.5,1.1,9.2,9.0,2,1,1.00,CYCLE,N
IND,208,6592,59453,18/01/2019,17:06:40,15,0,25.1,1.0,302.0,301.9,2,1,1.00,CYCLE,S
IND,208,6592,59452,18/01/2019,17:06:40,15,1,18.1,1.1,1.3,1.1,2,1,1.00,CYCLE,N
IND,208,6592,59452,18/01/2019,17:07:16,15,1,18.3,1.0,36.3,36.1,2,1,1.00,CYCLE,N
IND,208,6592,59452,18/01/2019,17:07:56,15,1,33.2,1.1,39.7,39.4,2,1,1.00,CYCLE,N
IND,208,6592,59452,18/01/2019,17:08:00,15,1,29.3,1.0,3.9,3.8,2,1,1.00,CYCLE,N
IND,208,6592,59452,18/01/2019,17:08:00,15,1,28.7,1.0,0.3,0.2,2,1,1.00,CYCLE,N
IND,208,6592,59452,18/01/2019,17:08:02,15,1,28.7,1.0,2.0,1.9,2,1,1.00,CYCLE,N
IND,208,6592,59452,18/01/2019,17:08:03,15,1,27.5,1.1,0.5,0.3,2,1,1.00,CYCLE,N
IND,208,6592,59452,18/01/2019,17:08:04,15,1,29.0,1.0,1.2,1.0,2,1,1.00,CYCLE,N
IND,208,6592,59452,18/01/2019,17:08:05,15,1,28.5,1.0,0.6,0.5,2,1,1.00,CYCLE,N
IND,208,6592,59452,18/01/2019,17:08:05,15,1,28.6,1.0,0.3,0.2,2,1,1.00,CYCLE,N
IND,208,6592,59452,18/01/2019,17:08:07,15,1,28.5,1.0,1.9,1.8,2,1,1.00,CYCLE,N
IND,208,6592,59452,18/01/2019,17:08:11,15,1,22.8,1.1,4.1,4.0,2,1,1.00,CYCLE,N
IND,208,6592,59452,18/01/2019,17:08:12,15,1,21.8,1.1,1.4,1.2,2,1,1.00,CYCLE,N
IND,208,6592,59452,18/01/2019,17:08:13,15,1,21.8,1.1,1.1,0.9,2,1,1.00,CYCLE,N
IND,208,6592,59452,18/01/2019,17:08:15,15,1,21.6,1.1,1.7,1.6,2,1,1.00,CYCLE,N
IND,208,6592,59453,18/01/2019,17:08:36,15,0,21.2,1.0,116.6,116.4,2,1,1.00,CYCLE,S
IND,208,6592,59453,18/01/2019,17:09:08,15,0,10.7,1.0,31.5,31.3,2,1,0.22,CYCLE,S
IND,208,6592,59452,18/01/2019,17:09:20,15,1,29.8,1.0,65.2,65.0,2,1,1.00,CYCLE,N
IND,208,6592,59452,18/01/2019,17:10:20,15,1,29.4,1.0,60.0,59.9,2,1,1.00,CYCLE,N
IND,208,6592,59452,18/01/2019,17:10:21,15,1,29.3,1.1,0.4,0.3,2,1,1.00,CYCLE,N
IND,208,6592,59452,18/01/2019,17:10:24,15,1,28.7,1.1,3.4,3.3,2,1,1.00,CYCLE,N
IND,208,6592,59452,18/01/2019,17:10:25,15,1,27.9,1.0,0.5,0.4,2,1,1.00,CYCLE,N
IND,208,6592,59452,18/01/2019,17:10:28,15,1,24.5,1.1,3.5,3.4,2,1,1.00,CYCLE,N
IND,208,6592,59452,18/01/2019,17:12:07,15,1,32.5,1.0,99.2,99.1,2,1,1.00,CYCLE,N
IND,208,6592,59452,18/01/2019,17:12:08,15,1,33.6,1.0,0.4,0.3,2,1,1.00,CYCLE,N
IND,208,6592,59452,18/01/2019,17:12:11,15,1,27.4,1.0,2.9,2.8,2,1,1.00,CYCLE,N
IND,208,6592,59452,18/01/2019,17:12:11,15,1,31.3,1.0,0.6,0.4,2,1,1.00,CYCLE,N
IND,208,6592,59452,18/01/2019,17:12:12,15,1,28.3,1.0,0.7,0.6,2,1,1.00,CYCLE,N
IND,208,6592,59452,18/01/2019,17:12:14,15,1,26.8,1.0,2.1,2.0,2,1,1.00,CYCLE,N
IND,208,6592,59452,18/01/2019,17:12:17,15,1,27.5,1.1,3.2,3.1,2,1,1.00,CYCLE,N
IND,208,6592,59452,18/01/2019,17:12:20,15,1,24.0,1.1,2.6,2.5,2,1,1.00,CYCLE,N
IND,208,6592,59452,18/01/2019,17:12:21,15,1,23.9,1.0,0.7,0.5,2,1,1.00,CYCLE,N
IND,208,6592,59452,18/01/2019,17:12:22,15,1,23.0,1.0,1.2,1.0,2,1,1.00,CYCLE,N
IND,208,6592,59452,18/01/2019,17:12:22,15,1,19.0,1.1,0.5,0.3,2,1,1.00,CYCLE,N
IND,208,6592,59452,18/01/2019,17:12:23,15,1,21.5,1.0,1.0,0.8,2,1,1.00,CYCLE,N
IND,208,6592,59452,18/01/2019,17:12:24,15,1,22.0,1.1,0.9,0.7,2,1,1.00,CYCLE,N
IND,208,6592,59453,18/01/2019,17:12:50,15,0,10.8,0.4,222.1,221.1,2,1,1.00,CYCLE,S
IND,208,6592,59452,18/01/2019,17:14:09,15,1,37.6,1.0,105.2,105.0,2,1,1.00,CYCLE,N
IND,208,6592,59452,18/01/2019,17:14:13,15,1,33.7,1.0,3.4,3.3,2,1,1.00,CYCLE,N
IND,208,6592,59452,18/01/2019,17:14:14,15,1,31.4,1.0,1.2,1.1,2,1,1.00,CYCLE,N
IND,208,6592,59452,18/01/2019,17:14:17,15,1,29.2,1.0,2.7,2.6,2,1,1.00,CYCLE,N
IND,208,6592,59452,18/01/2019,17:14:18,15,1,26.1,1.1,1.9,1.7,2,1,1.00,CYCLE,N
IND,208,6592,59452,18/01/2019,17:14:19,15,1,25.8,1.1,0.4,0.3,2,1,1.00,CYCLE,N
IND,208,6592,59452,18/01/2019,17:14:22,15,1,24.9,1.1,2.9,2.7,2,1,1.00,CYCLE,N
IND,208,6592,59452,18/01/2019,17:15:59,15,1,35.6,1.0,97.1,97.0,2,1,1.00,CYCLE,N
IND,208,6592,59452,18/01/2019,17:16:00,15,1,31.9,1.1,0.7,0.6,2,1,1.00,CYCLE,N
IND,208,6592,59452,18/01/2019,17:16:00,15,1,35.0,1.0,0.4,0.3,2,1,1.00,CYCLE,N
IND,208,6592,59452,18/01/2019,17:16:01,15,1,30.7,1.0,0.8,0.7,2,1,1.00,CYCLE,N
IND,208,6592,59452,18/01/2019,17:16:02,15,1,31.7,1.0,1.1,1.0,2,1,1.00,CYCLE,N
IND,208,6592,59452,18/01/2019,17:16:04,15,1,29.1,1.1,1.8,1.7,2,1,1.00,CYCLE,N
IND,208,6592,59452,18/01/2019,17:16:05,15,1,27.6,1.0,1.0,0.8,2,1,1.00,CYCLE,N
IND,208,6592,59452,18/01/2019,17:16:06,15,1,30.6,1.0,1.4,1.3,2,1,1.00,CYCLE,N
IND,208,6592,59452,18/01/2019,17:16:08,15,1,25.6,1.1,1.4,1.3,2,1,1.00,CYCLE,N
IND,208,6592,59452,18/01/2019,17:16:11,15,1,24.8,1.1,3.1,2.9,2,1,1.00,CYCLE,N
IND,208,6592,59452,18/01/2019,17:16:13,15,1,23.4,1.1,2.1,1.9,2,1,1.00,CYCLE,N
IND,208,6592,59453,18/01/2019,17:16:20,15,0,19.4,1.1,210.2,210.0,2,1,1.00,CYCLE,S
IND,208,6592,59452,18/01/2019,17:16:21,15,1,26.0,1.0,8.7,8.5,2,1,1.00,CYCLE,N
IND,208,6592,59453,18/01/2019,17:16:43,15,0,25.7,1.0,23.2,23.0,2,1,1.00,CYCLE,S
IND,208,6592,59452,18/01/2019,17:17:48,15,1,33.1,1.1,87.0,86.8,2,1,1.00,CYCLE,N
IND,208,6592,59452,18/01/2019,17:17:52,15,1,28.4,1.2,3.5,3.4,2,1,1.00,CYCLE,N
IND,208,6592,59452,18/01/2019,17:17:53,15,1,28.0,1.0,1.5,1.3,2,1,1.00,CYCLE,N
IND,208,6592,59452,18/01/2019,17:17:54,15,1,27.0,1.0,0.5,0.4,2,1,1.00,CYCLE,N
IND,208,6592,59452,18/01/2019,17:17:55,15,1,27.8,1.1,1.1,0.9,2,1,1.00,CYCLE,N
IND,208,6592,59452,18/01/2019,17:17:56,15,1,30.5,1.1,0.6,0.4,2,1,1.00,CYCLE,N
IND,208,6592,59452,18/01/2019,17:17:58,15,1,29.1,1.0,2.1,2.0,2,1,1.00,CYCLE,N
IND,208,6592,59452,18/01/2019,17:17:58,15,1,26.2,1.0,0.6,0.5,2,1,1.00,CYCLE,N
IND,208,6592,59452,18/01/2019,17:18:00,15,1,25.7,1.1,1.6,1.5,2,1,1.00,CYCLE,N
IND,208,6592,59452,18/01/2019,17:18:02,15,1,27.8,1.0,1.6,1.4,2,1,1.00,CYCLE,N
IND,208,6592,59453,18/01/2019,17:18:16,15,0,24.0,1.0,93.2,93.1,2,1,1.00,CYCLE,S
IND,208,6592,59452,18/01/2019,17:19:36,15,1,39.2,1.0,94.1,94.0,2,1,1.00,CYCLE,N
IND,208,6592,59452,18/01/2019,17:19:41,15,1,28.9,1.1,5.5,5.4,2,1,1.00,CYCLE,N
IND,208,6592,59452,18/01/2019,17:19:42,15,1,31.1,1.0,1.3,1.1,2,1,1.00,CYCLE,N
IND,208,6592,59452,18/01/2019,17:19:44,15,1,28.8,1.1,1.4,1.3,2,1,1.00,CYCLE,N
IND,208,6592,59452,18/01/2019,17:19:44,15,1,28.6,1.0,0.4,0.3,2,1,1.00,CYCLE,N
IND,208,6592,59452,18/01/2019,17:19:48,15,1,26.7,1.0,3.5,3.4,2,1,1.00,CYCLE,N
IND,208,6592,59452,18/01/2019,17:19:48,15,1,26.5,1.1,0.6,0.4,2,1,1.00,CYCLE,N
IND,208,6592,59452,18/01/2019,17:19:49,15,1,27.2,1.0,0.6,0.4,2,1,1.00,CYCLE,N
IND,208,6592,59452,18/01/2019,17:19:52,15,1,25.2,1.1,3.1,2.9,2,1,1.00,CYCLE,N
IND,208,6592,59452,18/01/2019,17:19:56,15,1,23.6,1.1,4.2,4.1,2,1,1.00,CYCLE,N
IND,208,6592,59452,18/01/2019,17:20:06,15,1,20.5,1.1,9.6,9.4,2,1,1.00,CYCLE,N
IND,208,6592,59452,18/01/2019,17:21:18,15,1,32.5,1.0,71.7,71.4,2,1,1.00,CYCLE,N
IND,208,6592,59452,18/01/2019,17:21:18,15,1,33.1,1.0,0.5,0.4,2,1,1.00,CYCLE,N
IND,208,6592,59452,18/01/2019,17:21:19,15,1,34.1,1.0,0.8,0.6,2,1,1.00,CYCLE,N
IND,208,6592,59452,18/01/2019,17:21:24,15,1,28.0,1.0,4.8,4.7,2,1,1.00,CYCLE,N
IND,208,6592,59452,18/01/2019,17:21:24,15,1,27.2,1.0,0.8,0.6,2,1,1.00,CYCLE,N
IND,208,6592,59452,18/01/2019,17:21:30,15,1,27.4,1.1,5.6,5.4,2,1,1.00,CYCLE,N
IND,208,6592,59452,18/01/2019,17:21:31,15,1,37.0,1.0,0.9,0.7,2,1,1.00,CYCLE,N
IND,208,6592,59452,18/01/2019,17:21:31,15,1,27.4,1.1,0.6,0.6,2,1,1.00,CYCLE,N
IND,208,6592,59452,18/01/2019,17:21:32,15,1,26.7,1.1,0.9,0.7,2,1,1.00,CYCLE,N
IND,208,6592,59452,18/01/2019,17:21:33,15,1,29.0,1.1,0.9,0.8,2,1,1.00,CYCLE,N
IND,208,6592,59452,18/01/2019,17:21:46,15,1,22.1,1.1,12.9,12.7,2,1,1.00,CYCLE,N
IND,208,6592,59453,18/01/2019,17:23:05,15,0,17.4,1.0,289.0,288.8,2,1,1.00,CYCLE,S
IND,208,6592,59452,18/01/2019,17:23:37,15,1,26.2,1.1,110.5,110.3,2,1,1.00,CYCLE,N
IND,208,6592,59452,18/01/2019,17:23:43,15,1,27.0,1.0,6.3,6.2,2,1,0.67,CYCLE,N
IND,208,6592,59452,18/01/2019,17:23:43,15,1,27.0,1.0,0.0,0.0,2,1,0.67,CYCLE,N
IND,208,6592,59452,18/01/2019,17:23:43,15,1,27.0,1.0,0.0,0.0,2,1,0.67,CYCLE,N
IND,208,6592,59453,18/01/2019,17:23:44,15,0,26.5,1.0,38.8,38.6,2,1,1.00,CYCLE,S
IND,208,6592,59452,18/01/2019,17:23:45,15,1,26.2,1.1,1.9,1.4,2,1,1.00,CYCLE,N
IND,208,6592,59452,18/01/2019,17:23:49,15,1,22.6,1.1,4.1,3.9,2,1,1.00,CYCLE,N
IND,208,6592,59452,18/01/2019,17:25:27,15,1,29.2,1.0,98.5,98.3,2,1,1.00,CYCLE,N
IND,208,6592,59452,18/01/2019,17:25:28,15,1,27.3,1.0,0.9,0.8,2,1,1.00,CYCLE,N
IND,208,6592,59452,18/01/2019,17:25:30,15,1,28.0,1.1,1.5,1.4,2,1,1.00,CYCLE,N
IND,208,6592,59452,18/01/2019,17:25:33,15,1,23.6,1.0,3.2,3.1,2,1,1.00,CYCLE,N
IND,208,6592,59452,18/01/2019,17:25:35,15,1,22.8,1.0,2.2,2.0,2,1,1.00,CYCLE,N
IND,208,6592,59452,18/01/2019,17:25:35,15,1,22.8,1.0,0.0,0.0,2,1,1.00,CYCLE,N
IND,208,6592,59452,18/01/2019,17:27:25,15,1,34.6,1.0,109.6,109.4,2,1,1.00,CYCLE,N
IND,208,6592,59453,18/01/2019,17:27:29,15,0,24.3,1.1,224.6,224.5,2,1,1.00,CYCLE,S
IND,208,6592,59452,18/01/2019,17:27:29,15,1,30.5,1.0,3.5,3.4,2,1,1.00,CYCLE,N
IND,208,6592,59452,18/01/2019,17:27:30,15,1,29.8,1.0,0.4,0.3,2,1,1.00,CYCLE,N
IND,208,6592,59452,18/01/2019,17:27:31,15,1,31.4,1.1,1.3,1.1,2,1,1.00,CYCLE,N
IND,208,6592,59452,18/01/2019,17:27:31,15,1,28.7,1.1,0.6,0.5,2,1,1.00,CYCLE,N
IND,208,6592,59452,18/01/2019,17:27:35,15,1,26.0,1.0,3.2,3.1,2,1,1.00,CYCLE,N
IND,208,6592,59452,18/01/2019,17:27:35,15,1,25.1,1.0,0.8,0.7,2,1,1.00,CYCLE,N
IND,208,6592,59452,18/01/2019,17:27:38,15,1,23.2,1.0,2.1,1.9,2,1,1.00,CYCLE,N
IND,208,6592,59453,18/01/2019,17:27:49,15,0,21.9,1.0,20.5,20.3,2,1,1.00,CYCLE,S
IND,208,6592,59452,18/01/2019,17:29:16,15,1,28.0,1.0,98.6,98.4,2,1,1.00,CYCLE,N
IND,208,6592,59452,18/01/2019,17:29:19,15,1,26.8,1.1,2.7,2.5,2,1,1.00,CYCLE,N
IND,208,6592,59452,18/01/2019,17:29:20,15,1,25.6,1.2,1.4,1.2,2,1,1.00,CYCLE,N
IND,208,6592,59452,18/01/2019,17:29:44,15,1,19.6,1.1,24.0,23.9,2,1,1.00,CYCLE,N
IND,208,6592,59453,18/01/2019,17:29:45,15,0,25.1,1.1,115.9,115.8,2,1,1.00,CYCLE,S
IND,208,6592,59452,18/01/2019,17:29:52,15,1,17.1,1.1,8.1,7.9,2,1,1.00,CYCLE,N
IND,208,6592,59453,18/01/2019,17:30:24,15,0,24.6,1.1,38.5,38.4,2,1,1.00,CYCLE,S
IND,208,6592,59452,18/01/2019,17:30:42,15,1,30.3,1.1,49.7,49.4,2,1,1.00,CYCLE,N
IND,208,6592,59452,18/01/2019,17:30:42,15,1,30.6,1.2,0.3,0.2,2,1,1.00,CYCLE,N
IND,208,6592,59452,18/01/2019,17:30:43,15,1,30.6,1.0,0.3,0.1,2,1,1.00,CYCLE,N
IND,208,6592,59452,18/01/2019,17:30:46,15,1,27.6,1.1,3.7,3.6,2,1,1.00,CYCLE,N
IND,208,6592,59452,18/01/2019,17:30:48,15,1,27.8,1.1,1.3,1.2,2,1,1.00,CYCLE,N
IND,208,6592,59452,18/01/2019,17:30:51,15,1,29.2,1.1,3.7,3.6,2,1,1.00,CYCLE,N
IND,208,6592,59452,18/01/2019,17:31:20,15,1,19.7,1.1,29.1,28.9,2,1,1.00,CYCLE,N
IND,208,6592,59452,18/01/2019,17:31:30,15,1,18.6,1.1,9.2,9.0,2,1,1.00,CYCLE,N
IND,208,6592,59452,18/01/2019,17:33:03,15,1,32.5,1.0,92.9,92.6,2,1,1.00,CYCLE,N
IND,208,6592,59452,18/01/2019,17:33:06,15,1,30.5,1.0,3.9,3.8,2,1,1.00,CYCLE,N
IND,208,6592,59452,18/01/2019,17:33:08,15,1,29.7,1.0,1.9,1.8,2,1,1.00,CYCLE,N
IND,208,6592,59452,18/01/2019,17:33:09,15,1,27.1,1.0,0.6,0.5,2,1,1.00,CYCLE,N
IND,208,6592,59452,18/01/2019,17:33:10,15,1,27.0,1.1,0.9,0.7,2,1,1.00,CYCLE,N
IND,208,6592,59452,18/01/2019,17:33:10,15,1,27.3,1.1,0.6,0.4,2,1,1.00,CYCLE,N
IND,208,6592,59452,18/01/2019,17:33:14,15,1,24.7,1.0,3.2,3.1,2,1,1.00,CYCLE,N
IND,208,6592,59452,18/01/2019,17:33:16,15,1,25.4,1.0,2.6,2.4,2,1,1.00,CYCLE,N
IND,208,6592,59452,18/01/2019,17:33:16,15,1,22.7,1.1,0.3,0.2,2,1,1.00,CYCLE,N
IND,208,6592,59452,18/01/2019,17:34:15,15,1,40.0,1.0,58.2,58.0,2,1,1.00,CYCLE,N
IND,208,6592,59452,18/01/2019,17:34:18,15,1,37.8,1.1,3.2,3.1,2,1,1.00,CYCLE,N
IND,208,6592,59452,18/01/2019,17:34:22,15,1,28.5,1.0,3.8,3.7,2,1,1.00,CYCLE,N
IND,208,6592,59452,18/01/2019,17:34:29,15,1,25.3,1.1,7.7,7.6,2,1,1.00,CYCLE,N
IND,208,6592,59452,18/01/2019,17:34:30,15,1,25.0,0.9,0.6,0.4,2,1,1.00,CYCLE,N
IND,208,6592,59452,18/01/2019,17:34:41,15,1,25.4,1.1,10.5,10.4,2,1,1.00,CYCLE,N
IND,208,6592,59452,18/01/2019,17:36:33,15,1,25.4,1.1,112.0,111.8,2,1,1.00,CYCLE,N
IND,208,6592,59452,18/01/2019,17:37:12,15,1,28.6,1.0,39.6,39.4,2,1,1.00,CYCLE,N
IND,208,6592,59452,18/01/2019,17:37:14,15,1,25.5,1.0,1.9,1.8,2,1,1.00,CYCLE,N
IND,208,6592,59452,18/01/2019,17:37:18,15,1,27.3,1.0,4.4,4.3,2,1,1.00,CYCLE,N
IND,208,6592,59453,18/01/2019,17:37:25,15,0,24.3,1.1,421.6,421.4,2,1,1.00,CYCLE,S
IND,208,6592,59452,18/01/2019,17:37:39,15,1,23.6,1.0,20.2,20.1,2,1,1.00,CYCLE,N
IND,208,6592,59452,18/01/2019,17:38:17,15,1,30.3,1.0,38.8,38.6,2,1,1.00,CYCLE,N
IND,208,6592,59452,18/01/2019,17:38:21,15,1,30.7,1.1,3.3,3.2,2,1,1.00,CYCLE,N
IND,208,6592,59452,18/01/2019,17:38:25,15,1,37.4,1.1,4.2,4.1,2,1,1.00,CYCLE,N
IND,208,6592,59452,18/01/2019,17:38:26,15,1,28.6,1.1,0.9,0.8,2,1,1.00,CYCLE,N
IND,208,6592,59452,18/01/2019,17:38:26,15,1,26.9,1.0,0.6,0.5,2,1,1.00,CYCLE,N
IND,208,6592,59452,18/01/2019,17:38:53,15,1,25.7,1.0,26.5,26.3,2,1,1.00,CYCLE,N
IND,208,6592,59452,18/01/2019,17:38:56,15,1,24.3,1.0,3.4,3.2,2,1,1.00,CYCLE,N
IND,208,6592,59452,18/01/2019,17:38:58,15,1,24.1,1.1,1.3,1.2,2,1,1.00,CYCLE,N
IND,208,6592,59452,18/01/2019,17:39:03,15,1,22.7,1.1,5.3,5.1,2,1,1.00,CYCLE,N
IND,208,6592,59452,18/01/2019,17:40:22,15,1,35.1,1.0,79.1,78.9,2,1,1.00,CYCLE,N
IND,208,6592,59452,18/01/2019,17:40:23,15,1,36.9,1.0,0.6,0.5,2,1,1.00,CYCLE,N
IND,208,6592,59452,18/01/2019,17:40:24,15,1,38.0,1.1,1.2,1.1,2,1,1.00,CYCLE,N
IND,208,6592,59452,18/01/2019,17:40:26,15,1,34.6,1.0,2.2,2.1,2,1,1.00,CYCLE,N
IND,208,6592,59452,18/01/2019,17:40:27,15,1,32.0,1.0,1.3,1.2,2,1,1.00,CYCLE,N
IND,208,6592,59452,18/01/2019,17:40:29,15,1,29.1,1.0,2.0,1.9,2,1,1.00,CYCLE,N
IND,208,6592,59452,18/01/2019,17:41:29,15,1,28.4,1.1,59.6,59.5,2,1,1.00,CYCLE,N
IND,208,6592,59452,18/01/2019,17:41:31,15,1,24.7,1.0,2.5,2.4,2,1,1.00,CYCLE,N
IND,208,6592,59452,18/01/2019,17:41:34,15,1,22.6,1.0,2.3,2.2,2,1,1.00,CYCLE,N
IND,208,6592,59452,18/01/2019,17:41:36,15,1,23.0,1.1,2.3,2.2,2,1,1.00,CYCLE,N
IND,208,6592,59452,18/01/2019,17:41:37,15,1,23.5,1.1,1.3,1.1,2,1,1.00,CYCLE,N
IND,208,6592,59452,18/01/2019,17:41:43,15,1,18.9,1.1,5.3,5.2,2,1,1.00,CYCLE,N
IND,208,6592,59452,18/01/2019,17:42:02,15,1,28.3,1.0,19.1,18.9,2,1,1.00,CYCLE,N
IND,208,6592,59452,18/01/2019,17:42:25,15,1,24.9,1.1,23.3,23.2,2,1,1.00,CYCLE,N
IND,208,6592,59452,18/01/2019,17:42:26,15,1,27.2,1.1,1.0,0.8,2,1,1.00,CYCLE,N
IND,208,6592,59452,18/01/2019,17:42:33,15,1,25.0,1.1,7.1,7.0,2,1,1.00,CYCLE,N
IND,208,6592,59452,18/01/2019,17:44:11,15,1,34.2,1.0,98.1,97.9,2,1,1.00,CYCLE,N
IND,208,6592,59452,18/01/2019,17:44:13,15,1,30.5,1.0,1.2,1.1,2,1,1.00,CYCLE,N
IND,208,6592,59452,18/01/2019,17:44:15,15,1,26.9,1.0,2.6,2.5,2,1,1.00,CYCLE,N
IND,208,6592,59452,18/01/2019,17:44:15,15,1,26.9,1.0,0.0,0.0,2,1,1.00,CYCLE,N
IND,208,6592,59452,18/01/2019,17:44:17,15,1,25.3,1.1,1.9,1.8,2,1,1.00,CYCLE,N
IND,208,6592,59452,18/01/2019,17:44:18,15,1,26.0,1.0,0.5,0.3,2,1,1.00,CYCLE,N
IND,208,6592,59452,18/01/2019,17:44:19,15,1,24.8,1.1,1.1,1.0,2,1,1.00,CYCLE,N
IND,208,6592,59453,18/01/2019,17:44:22,15,0,21.8,1.0,417.1,416.9,2,1,1.00,CYCLE,S
IND,208,6592,59452,18/01/2019,17:44:25,15,1,22.8,1.1,6.0,5.8,2,1,1.00,CYCLE,N
IND,208,6592,59452,18/01/2019,17:45:46,15,1,29.9,1.1,81.5,81.3,2,1,1.00,CYCLE,N
IND,208,6592,59452,18/01/2019,17:46:05,15,1,32.3,1.0,18.6,18.4,2,1,1.00,CYCLE,N
IND,208,6592,59452,18/01/2019,17:46:05,15,1,32.2,1.0,0.4,0.3,2,1,1.00,CYCLE,N
IND,208,6592,59452,18/01/2019,17:46:09,15,1,26.9,1.0,3.4,3.3,2,1,1.00,CYCLE,N
IND,208,6592,59452,18/01/2019,17:46:11,15,1,28.0,1.1,2.8,2.6,2,1,1.00,CYCLE,N
IND,208,6592,59452,18/01/2019,17:46:49,15,1,19.7,1.0,37.4,37.3,2,1,1.00,CYCLE,N
IND,208,6592,59453,18/01/2019,17:47:20,15,0,27.7,1.0,177.3,177.2,2,1,1.00,CYCLE,S
IND,208,6592,59452,18/01/2019,17:48:02,15,1,24.5,1.0,73.0,72.8,2,1,1.00,CYCLE,N
IND,208,6592,59452,18/01/2019,17:49:04,15,1,22.8,1.1,62.3,62.2,2,1,1.00,CYCLE,N
IND,208,6592,59452,18/01/2019,17:49:10,15,1,20.2,1.0,5.9,5.7,2,1,1.00,CYCLE,N
IND,208,6592,59453,18/01/2019,17:49:42,15,0,14.3,1.1,142.6,142.5,2,1,1.00,CYCLE,S
IND,208,6592,59453,18/01/2019,17:49:53,15,0,21.3,1.0,10.5,10.2,2,1,1.00,CYCLE,S
IND,208,6592,59453,18/01/2019,17:50:24,15,0,25.4,1.1,30.9,30.8,2,1,1.00,CYCLE,S
IND,208,6592,59453,18/01/2019,17:50:43,15,0,19.9,1.0,19.5,19.3,2,1,1.00,CYCLE,S
IND,208,6592,59452,18/01/2019,17:50:57,15,1,28.7,1.0,106.5,106.3,2,1,1.00,CYCLE,N
IND,208,6592,59452,18/01/2019,17:50:59,15,1,27.8,1.0,2.0,1.9,2,1,0.29,CYCLE,N
IND,208,6592,59452,18/01/2019,17:52:17,15,1,29.1,1.0,78.2,78.0,2,1,1.00,CYCLE,N
IND,208,6592,59452,18/01/2019,17:52:18,15,1,27.6,1.1,1.4,1.2,2,1,1.00,CYCLE,N
IND,208,6592,59452,18/01/2019,17:52:19,15,1,26.7,1.1,0.9,0.8,2,1,1.00,CYCLE,N
IND,208,6592,59452,18/01/2019,17:52:22,15,1,25.2,1.0,2.8,2.7,2,1,1.00,CYCLE,N
IND,208,6592,59452,18/01/2019,17:54:09,15,1,32.3,1.1,106.9,106.7,2,1,1.00,CYCLE,N
IND,208,6592,59452,18/01/2019,17:54:11,15,1,32.3,1.0,2.3,2.2,2,1,1.00,CYCLE,N
IND,208,6592,59452,18/01/2019,17:54:13,15,1,32.2,1.1,1.9,1.8,2,1,1.00,CYCLE,N
IND,208,6592,59452,18/01/2019,17:54:13,15,1,31.4,1.1,0.4,0.3,2,1,1.00,CYCLE,N
IND,208,6592,59452,18/01/2019,17:54:15,15,1,32.9,1.1,1.1,0.9,2,1,1.00,CYCLE,N
IND,208,6592,59452,18/01/2019,17:54:18,15,1,29.0,1.1,3.5,3.4,2,1,1.00,CYCLE,N
IND,208,6592,59452,18/01/2019,17:54:19,15,1,28.3,1.2,1.0,0.8,2,1,1.00,CYCLE,N
IND,208,6592,59452,18/01/2019,17:54:24,15,1,22.9,1.0,4.8,4.7,2,1,1.00,CYCLE,N
IND,208,6592,59452,18/01/2019,17:54:24,15,1,22.9,1.0,0.0,0.0,2,1,1.00,CYCLE,N
IND,208,6592,59452,18/01/2019,17:54:28,15,1,20.9,1.1,3.8,3.6,2,1,1.00,CYCLE,N
IND,208,6592,59452,18/01/2019,17:54:29,15,1,20.2,1.1,1.0,0.8,2,1,1.00,CYCLE,N
IND,208,6592,59452,18/01/2019,17:55:55,15,1,30.7,1.0,86.7,86.5,2,1,1.00,CYCLE,N
IND,208,6592,59452,18/01/2019,17:55:59,15,1,23.0,1.1,4.1,4.0,2,1,1.00,CYCLE,N
IND,208,6592,59452,18/01/2019,17:56:01,15,1,23.8,1.1,1.6,1.5,2,1,1.00,CYCLE,N
IND,208,6592,59452,18/01/2019,17:56:01,15,1,24.9,1.1,0.3,0.2,2,1,1.00,CYCLE,N
IND,208,6592,59453,18/01/2019,17:57:12,15,0,20.1,1.1,388.9,388.7,2,1,1.00,CYCLE,S
IND,208,6592,59452,18/01/2019,17:57:28,15,1,30.8,1.0,86.4,86.3,2,1,1.00,CYCLE,N
IND,208,6592,59452,18/01/2019,17:57:29,15,1,33.7,1.1,1.0,0.9,2,1,1.00,CYCLE,N
IND,208,6592,59452,18/01/2019,17:57:30,15,1,31.7,1.1,1.3,1.2,2,1,1.00,CYCLE,N
IND,208,6592,59452,18/01/2019,17:57:32,15,1,28.0,1.1,2.2,2.1,2,1,1.00,CYCLE,N
IND,208,6592,59452,18/01/2019,17:57:33,15,1,27.7,1.0,0.9,0.7,2,1,1.00,CYCLE,N
IND,208,6592,59452,18/01/2019,17:57:34,15,1,29.9,1.1,0.5,0.3,2,1,1.00,CYCLE,N
IND,208,6592,59452,18/01/2019,17:57:35,15,1,28.3,1.1,1.5,1.3,2,1,1.00,CYCLE,N
IND,208,6592,59452,18/01/2019,17:57:37,15,1,26.1,1.0,1.9,1.7,2,1,1.00,CYCLE,N
IND,208,6592,59453,18/01/2019,17:58:26,15,0,27.0,1.0,74.2,74.0,2,1,1.00,CYCLE,S
IND,208,6592,59452,18/01/2019,17:59:23,15,1,30.6,1.0,106.3,106.1,2,1,1.00,CYCLE,N
IND,208,6592,59452,18/01/2019,17:59:24,15,1,29.2,1.0,0.7,0.5,2,1,1.00,CYCLE,N
IND,208,6592,59452,18/01/2019,17:59:34,15,1,29.6,1.0,9.9,9.8,2,1,1.00,CYCLE,N
IND,208,6592,59452,18/01/2019,18:00:18,15,1,33.4,1.0,44.4,44.3,2,1,1.00,CYCLE,N
IND,208,6592,59452,18/01/2019,18:00:32,15,1,16.4,1.1,14.1,14.0,2,1,1.00,CYCLE,N
IND,208,6592,59452,18/01/2019,18:01:20,15,1,28.3,1.0,47.3,47.0,2,1,1.00,CYCLE,N
IND,208,6592,59452,18/01/2019,18:01:21,15,1,30.4,1.1,1.0,0.9,2,1,1.00,CYCLE,N
IND,208,6592,59452,18/01/2019,18:02:32,15,1,27.0,1.0,71.5,71.3,2,1,1.00,CYCLE,N
IND,208,6592,59452,18/01/2019,18:02:46,15,1,27.7,1.1,14.5,14.3,2,1,1.00,CYCLE,N
IND,208,6592,59452,18/01/2019,18:02:57,15,1,24.9,1.0,10.2,10.0,2,1,1.00,CYCLE,N
IND,208,6592,59452,18/01/2019,18:02:58,15,1,29.3,1.0,1.7,1.5,2,1,1.00,CYCLE,N
IND,208,6592,59452,18/01/2019,18:03:29,15,1,25.5,1.1,30.3,30.2,2,1,1.00,CYCLE,N
IND,208,6592,59452,18/01/2019,18:03:52,15,1,12.5,1.1,23.8,23.7,2,1,1.00,CYCLE,N
IND,208,6592,59453,18/01/2019,18:04:10,15,0,26.2,1.0,343.8,343.6,2,1,1.00,CYCLE,S
IND,208,6592,59452,18/01/2019,18:05:32,15,1,26.3,1.0,99.7,99.3,2,1,1.00,CYCLE,N
IND,208,6592,59452,18/01/2019,18:05:33,15,1,24.6,1.0,1.1,0.9,2,1,1.00,CYCLE,N
IND,208,6592,59452,18/01/2019,18:05:49,15,1,9.5,1.1,15.5,15.5,2,1,1.00,CYCLE,N
IND,208,6592,59452,18/01/2019,18:07:10,15,1,27.4,1.1,81.8,81.3,2,1,1.00,CYCLE,N
IND,208,6592,59452,18/01/2019,18:07:11,15,1,27.1,1.1,0.6,0.5,2,1,1.00,CYCLE,N
IND,208,6592,59452,18/01/2019,18:07:12,15,1,27.7,1.1,0.5,0.3,2,1,1.00,CYCLE,N
IND,208,6592,59452,18/01/2019,18:07:12,15,1,27.6,1.1,0.7,0.5,2,1,1.00,CYCLE,N
IND,208,6592,59452,18/01/2019,18:07:14,15,1,28.3,1.1,2.0,1.9,2,1,1.00,CYCLE,N
IND,208,6592,59452,18/01/2019,18:09:35,15,1,23.9,1.0,140.6,140.5,2,1,1.00,CYCLE,N
IND,208,6592,59452,18/01/2019,18:11:04,15,1,29.4,1.0,89.2,89.0,2,1,1.00,CYCLE,N
IND,208,6592,59452,18/01/2019,18:11:07,15,1,23.8,1.0,2.5,2.4,2,1,1.00,CYCLE,N
IND,208,6592,59452,18/01/2019,18:11:12,15,1,20.6,1.0,5.3,5.2,2,1,1.00,CYCLE,N
IND,208,6592,59452,18/01/2019,18:11:16,15,1,18.5,1.0,3.8,3.7,2,1,1.00,CYCLE,N
IND,208,6592,59452,18/01/2019,18:12:22,15,1,29.3,1.0,66.8,66.6,2,1,1.00,CYCLE,N
IND,208,6592,59452,18/01/2019,18:12:27,15,1,16.7,1.1,4.1,4.1,2,1,1.00,CYCLE,N
IND,208,6592,59452,18/01/2019,18:12:27,15,1,28.2,1.0,0.7,0.5,2,1,1.00,CYCLE,N
IND,208,6592,59452,18/01/2019,18:13:12,15,1,21.5,1.1,44.8,44.7,2,1,1.00,CYCLE,N
IND,208,6592,59452,18/01/2019,18:13:13,15,1,21.6,1.1,0.5,0.3,2,1,1.00,CYCLE,N
IND,208,6592,59453,18/01/2019,18:13:22,15,0,15.8,1.0,551.7,551.5,2,1,1.00,CYCLE,S
IND,208,6592,59453,18/01/2019,18:13:22,15,0,15.8,1.0,0.0,0.0,2,1,1.00,CYCLE,S
IND,208,6592,59453,18/01/2019,18:13:28,15,0,25.1,1.0,6.6,6.3,2,1,1.00,CYCLE,S
IND,208,6592,59452,18/01/2019,18:14:56,15,1,19.8,1.0,102.9,102.7,2,1,1.00,CYCLE,N
IND,208,6592,59452,18/01/2019,18:14:56,15,1,19.8,1.0,0.0,0.0,2,1,1.00,CYCLE,N
IND,208,6592,59452,18/01/2019,18:14:59,15,1,19.2,1.0,3.7,3.5,2,1,1.00,CYCLE,N
IND,208,6592,59452,18/01/2019,18:15:56,15,1,38.1,1.0,56.4,56.2,2,1,1.00,CYCLE,N
IND,208,6592,59452,18/01/2019,18:16:06,15,1,25.9,1.1,10.0,9.9,2,1,1.00,CYCLE,N
IND,208,6592,59452,18/01/2019,18:16:10,15,1,24.8,1.2,4.5,4.3,2,1,1.00,CYCLE,N
IND,208,6592,59452,18/01/2019,18:17:35,15,1,29.7,1.0,85.2,85.0,2,1,1.00,CYCLE,N
IND,208,6592,59452,18/01/2019,18:17:37,15,1,32.1,1.0,1.5,1.4,2,1,1.00,CYCLE,N
IND,208,6592,59452,18/01/2019,18:17:42,15,1,27.5,1.1,4.8,4.7,2,1,1.00,CYCLE,N
IND,208,6592,59452,18/01/2019,18:17:47,15,1,29.0,1.1,5.6,5.4,2,1,1.00,CYCLE,N
IND,208,6592,59452,18/01/2019,18:18:43,15,1,20.5,1.1,55.7,55.6,2,1,1.00,CYCLE,N
IND,208,6592,59452,18/01/2019,18:19:05,15,1,26.2,1.1,21.7,21.5,2,1,1.00,CYCLE,N
IND,208,6592,59452,18/01/2019,18:19:41,15,1,24.6,1.1,36.9,36.7,2,1,1.00,CYCLE,N
IND,208,6592,59452,18/01/2019,18:19:42,15,1,27.8,1.0,0.7,0.5,2,1,1.00,CYCLE,N
IND,208,6592,59453,18/01/2019,18:19:48,15,0,13.1,1.1,379.4,379.2,2,1,1.00,CYCLE,S
IND,208,6592,59453,18/01/2019,18:19:49,15,0,13.2,1.0,0.8,0.4,2,1,0.50,CYCLE,S
IND,208,6592,59452,18/01/2019,18:19:49,15,1,13.2,1.0,0.0,0.0,2,1,0.50,CYCLE,N
IND,208,6592,59452,18/01/2019,18:20:17,15,1,20.8,1.1,34.8,34.7,2,1,1.00,CYCLE,N
IND,208,6592,59452,18/01/2019,18:20:46,15,1,28.2,1.1,28.9,28.7,2,1,1.00,CYCLE,N
IND,208,6592,59452,18/01/2019,18:24:00,15,1,29.5,1.0,193.8,193.7,2,1,1.00,CYCLE,N
IND,208,6592,59452,18/01/2019,18:24:05,15,1,24.2,1.1,5.3,5.2,2,1,1.00,CYCLE,N
IND,208,6592,59452,18/01/2019,18:24:06,15,1,24.1,1.1,0.7,0.5,2,1,1.00,CYCLE,N
IND,208,6592,59453,18/01/2019,18:26:43,15,0,24.4,1.1,414.3,413.8,2,1,1.00,CYCLE,S
IND,208,6592,59453,18/01/2019,18:27:21,15,0,19.5,1.0,38.1,38.0,2,1,1.00,CYCLE,S
IND,208,6592,59452,18/01/2019,18:29:19,15,1,32.4,1.0,313.1,312.9,2,1,1.00,CYCLE,N
IND,208,6592,59452,18/01/2019,18:29:42,15,1,23.2,1.0,23.3,23.2,2,1,1.00,CYCLE,N
IND,208,6592,59452,18/01/2019,18:32:42,15,1,23.5,1.0,38.0,38.0,2,1,1.00,CYCLE,N
IND,208,6592,59452,18/01/2019,18:32:46,15,1,25.4,1.1,4.1,3.9,2,1,1.00,CYCLE,N
IND,208,6592,59453,18/01/2019,18:34:11,15,0,27.1,1.0,410.4,410.2,2,1,1.00,CYCLE,S
IND,208,6592,59452,18/01/2019,18:34:42,15,1,24.3,1.0,116.4,116.2,2,1,1.00,CYCLE,N
IND,208,6592,59452,18/01/2019,18:35:53,15,1,33.3,1.0,70.7,70.5,2,1,1.00,CYCLE,N
IND,208,6592,59452,18/01/2019,18:36:10,15,1,23.5,1.0,17.0,16.9,2,1,1.00,CYCLE,N
IND,208,6592,59452,18/01/2019,18:37:51,15,1,28.7,1.0,100.8,100.6,2,1,1.00,CYCLE,N
IND,208,6592,59453,18/01/2019,18:38:06,15,0,8.8,1.0,234.5,234.3,2,1,1.00,CYCLE,S
IND,208,6592,59452,18/01/2019,18:38:42,15,1,19.9,1.1,50.8,50.7,2,1,1.00,CYCLE,N
IND,208,6592,59452,18/01/2019,18:38:48,15,1,15.9,1.0,6.0,5.8,2,1,1.00,CYCLE,N
IND,208,6592,59452,18/01/2019,18:38:48,15,1,15.9,1.0,0.0,0.0,2,1,1.00,CYCLE,N
IND,208,6592,59452,18/01/2019,18:39:55,15,1,31.0,1.1,68.0,67.7,2,1,1.00,CYCLE,N
IND,208,6592,59452,18/01/2019,18:40:04,15,1,19.9,1.0,8.2,8.1,2,1,1.00,CYCLE,N
IND,208,6592,59452,18/01/2019,18:41:31,15,1,25.1,1.1,87.0,86.8,2,1,1.00,CYCLE,N
IND,208,6592,59452,18/01/2019,18:43:46,15,1,23.1,1.0,135.4,135.2,2,1,1.00,CYCLE,N
IND,208,6592,59452,18/01/2019,18:44:46,15,1,31.0,1.0,60.1,59.9,2,1,1.00,CYCLE,N
IND,208,6592,59452,18/01/2019,18:51:07,15,1,28.5,1.0,380.7,380.6,2,1,1.00,CYCLE,N
IND,208,6592,59452,18/01/2019,18:52:16,15,1,32.0,1.1,68.9,68.8,2,1,1.00,CYCLE,N
IND,208,6592,59452,18/01/2019,18:52:25,15,1,21.1,1.0,9.2,9.1,2,1,1.00,CYCLE,N
IND,208,6592,59452,18/01/2019,18:52:26,15,1,21.2,1.0,1.4,1.2,2,1,1.00,CYCLE,N
IND,208,6592,59453,18/01/2019,18:56:59,15,0,24.3,1.1,1133.3,1132.9,2,1,1.00,CYCLE,S
IND,208,6592,59452,18/01/2019,18:57:08,15,1,26.8,1.0,281.6,281.5,2,1,1.00,CYCLE,N
IND,208,6592,59452,18/01/2019,18:57:10,15,1,27.6,1.1,2.3,2.2,2,1,1.00,CYCLE,N
IND,208,6592,59452,18/01/2019,18:59:24,15,1,27.0,1.0,133.3,133.2,2,1,1.00,CYCLE,N
IND,208,6592,59452,18/01/2019,19:00:58,15,1,23.7,1.1,94.9,94.8,2,1,1.00,CYCLE,N
IND,208,6592,59452,18/01/2019,19:01:07,15,1,17.5,1.1,8.1,8.0,2,1,1.00,CYCLE,N
IND,208,6592,59452,18/01/2019,19:03:43,15,1,31.0,1.0,156.2,155.9,2,1,1.00,CYCLE,N
IND,208,6592,59452,18/01/2019,19:03:45,15,1,27.3,1.0,1.8,1.7,2,1,1.00,CYCLE,N
IND,208,6592,59452,18/01/2019,19:03:47,15,1,30.7,1.0,2.1,2.0,2,1,1.00,CYCLE,N
IND,208,6592,59452,18/01/2019,19:05:27,15,1,28.2,1.1,100.5,100.4,2,1,1.00,CYCLE,N
IND,208,6592,59452,18/01/2019,19:08:37,15,1,28.9,1.0,190.1,189.9,2,1,1.00,CYCLE,N
IND,208,6592,59452,18/01/2019,19:11:14,15,1,22.0,1.1,156.3,156.2,2,1,1.00,CYCLE,N
IND,208,6592,59452,18/01/2019,19:12:02,15,1,23.9,1.0,48.0,47.8,2,1,1.00,CYCLE,N
IND,208,6592,59452,18/01/2019,19:12:05,15,1,24.9,1.1,3.6,3.5,2,1,1.00,CYCLE,N
IND,208,6592,59452,18/01/2019,19:13:53,15,1,22.2,1.1,107.6,107.4,2,1,1.00,CYCLE,N
IND,208,6592,59453,18/01/2019,19:13:58,15,0,26.2,1.1,1018.4,1018.2,2,1,1.00,CYCLE,S
IND,208,6592,59452,18/01/2019,19:18:59,15,1,24.8,1.0,306.3,306.1,2,1,1.00,CYCLE,N
IND,208,6592,59452,18/01/2019,19:20:17,15,1,24.3,1.0,77.8,77.7,2,1,1.00,CYCLE,N
IND,208,6592,59452,18/01/2019,19:20:25,15,1,21.2,1.0,7.6,7.4,2,1,1.00,CYCLE,N
IND,208,6592,59452,18/01/2019,19:27:16,15,1,30.9,1.0,411.4,411.2,2,1,1.00,CYCLE,N
IND,208,6592,59452,18/01/2019,19:27:18,15,1,27.5,1.0,2.5,2.4,2,1,1.00,CYCLE,N
IND,208,6592,59452,18/01/2019,19:28:02,15,1,14.4,1.1,43.9,43.8,2,1,1.00,CYCLE,N
IND,208,6592,59452,18/01/2019,19:29:54,15,1,29.3,1.1,111.9,111.6,2,1,1.00,CYCLE,N
IND,208,6592,59452,18/01/2019,19:30:27,15,1,19.0,1.2,32.5,32.3,2,1,1.00,CYCLE,N
IND,208,6592,59452,18/01/2019,19:30:30,15,1,21.5,1.0,2.9,2.7,2,1,1.00,CYCLE,N
IND,208,6592,59452,18/01/2019,19:31:34,15,1,27.5,1.1,64.3,64.1,2,1,1.00,CYCLE,N
IND,208,6592,59453,18/01/2019,19:32:11,15,0,13.3,1.0,1093.4,1093.2,2,1,1.00,CYCLE,S
IND,208,6592,59452,18/01/2019,19:36:17,15,1,27.2,1.0,283.5,283.3,2,1,1.00,CYCLE,N
IND,208,6592,59452,18/01/2019,19:37:38,15,1,25.5,1.0,80.6,80.4,2,1,1.00,CYCLE,N
IND,208,6592,59452,18/01/2019,19:39:13,15,1,30.4,1.0,95.4,95.2,2,1,1.00,CYCLE,N
IND,208,6592,59452,18/01/2019,19:42:20,15,1,3.3,0.2,186.2,186.5,2,1,0.80,CYCLE,N
IND,208,6592,59452,18/01/2019,19:44:51,15,1,36.6,1.1,151.9,151.3,2,1,1.00,CYCLE,N
IND,208,6592,59452,18/01/2019,19:44:54,15,1,29.6,1.0,2.6,2.5,2,1,1.00,CYCLE,N
IND,208,6592,59452,18/01/2019,19:45:36,15,1,19.8,1.1,42.4,42.3,2,1,1.00,CYCLE,N
IND,208,6592,59452,18/01/2019,19:47:27,15,1,28.4,1.0,110.5,110.3,2,1,1.00,CYCLE,N
IND,208,6592,59452,18/01/2019,19:48:07,15,1,14.6,1.1,40.2,40.1,2,1,1.00,CYCLE,N
IND,208,6592,59453,18/01/2019,19:48:28,15,0,18.3,1.0,977.1,976.8,2,1,1.00,CYCLE,S
IND,208,6592,59452,18/01/2019,19:48:59,15,1,27.4,1.1,51.6,51.3,2,1,1.00,CYCLE,N
IND,208,6592,59452,18/01/2019,19:49:36,15,1,21.1,1.1,37.0,36.9,2,1,1.00,CYCLE,N
IND,208,6592,59452,18/01/2019,19:49:51,15,1,37.2,1.0,15.0,14.8,2,1,1.00,CYCLE,N
IND,208,6592,59452,18/01/2019,19:50:49,15,1,21.9,1.1,58.6,58.5,2,1,1.00,CYCLE,N
IND,208,6592,59452,18/01/2019,19:52:22,15,1,23.8,1.1,92.7,92.6,2,1,1.00,CYCLE,N
IND,208,6592,59453,18/01/2019,19:55:59,15,0,21.6,1.1,450.9,450.7,2,1,1.00,CYCLE,S
IND,208,6592,59452,18/01/2019,19:57:12,15,1,24.2,1.0,289.7,289.6,2,1,1.00,CYCLE,N
IND,208,6592,59452,18/01/2019,20:01:37,15,1,20.7,1.1,265.0,264.9,2,1,1.00,CYCLE,N
IND,208,6592,59452,18/01/2019,20:10:31,15,1,25.0,1.1,534.4,534.3,2,1,1.00,CYCLE,N
IND,208,6592,59452,18/01/2019,20:17:53,15,1,24.5,1.0,442.0,441.8,2,1,1.00,CYCLE,N
IND,208,6592,59452,18/01/2019,20:18:00,15,1,20.7,1.1,6.8,6.6,2,1,1.00,CYCLE,N
IND,208,6592,59452,18/01/2019,20:21:03,15,1,27.3,1.0,182.5,182.3,2,1,1.00,CYCLE,N
IND,208,6592,59452,18/01/2019,20:21:36,15,1,22.2,1.0,33.4,33.3,2,1,1.00,CYCLE,N
IND,208,6592,59452,18/01/2019,20:21:40,15,1,20.9,1.1,3.6,3.5,2,1,1.00,CYCLE,N
IND,208,6592,59452,18/01/2019,20:21:41,15,1,19.9,1.0,1.8,1.6,2,1,1.00,CYCLE,N
IND,208,6592,59452,18/01/2019,20:24:51,15,1,20.1,1.1,189.7,189.5,2,1,1.00,CYCLE,N
IND,208,6592,59452,18/01/2019,20:25:59,15,1,25.9,1.1,67.8,67.6,2,1,1.00,CYCLE,N
IND,208,6592,59452,18/01/2019,20:26:05,15,1,24.0,1.0,6.1,6.0,2,1,1.00,CYCLE,N
IND,208,6592,59452,18/01/2019,20:28:10,15,1,24.5,0.8,124.6,124.4,2,1,1.00,CYCLE,N
IND,208,6592,59452,18/01/2019,20:28:18,15,1,25.6,1.0,8.4,8.3,2,1,1.00,CYCLE,N
IND,208,6592,59452,18/01/2019,20:31:28,15,1,26.9,1.0,190.2,190.0,2,1,1.00,CYCLE,N
IND,208,6592,59452,18/01/2019,20:31:46,15,1,18.6,1.1,17.7,17.6,2,1,1.00,CYCLE,N
IND,208,6592,59452,18/01/2019,20:35:08,15,1,27.9,1.1,202.6,202.4,2,1,1.00,CYCLE,N
IND,208,6592,59453,18/01/2019,20:40:49,15,0,21.2,1.0,2690.1,2689.9,2,1,1.00,CYCLE,S
IND,208,6592,59452,18/01/2019,20:44:35,15,1,21.1,1.0,566.5,566.4,2,1,1.00,CYCLE,N
IND,208,6592,59452,18/01/2019,20:46:14,15,1,20.3,1.0,98.8,98.7,2,1,1.00,CYCLE,N
IND,208,6592,59453,18/01/2019,20:46:21,15,0,29.6,1.0,332.2,332.0,2,1,1.00,CYCLE,S
IND,208,6592,59452,18/01/2019,20:47:16,15,1,26.8,1.1,62.1,61.9,2,1,1.00,CYCLE,N
IND,208,6592,59452,18/01/2019,20:47:38,15,1,24.8,1.1,22.2,22.1,2,1,1.00,CYCLE,N
IND,208,6592,59452,18/01/2019,20:48:06,15,1,19.2,1.1,27.9,27.7,2,1,1.00,CYCLE,N
IND,208,6592,59452,18/01/2019,20:48:20,15,1,18.5,1.0,13.9,13.7,2,1,1.00,CYCLE,N
IND,208,6592,59452,18/01/2019,20:54:18,15,1,25.4,1.1,358.5,358.3,2,1,1.00,CYCLE,N
IND,208,6592,59452,18/01/2019,20:58:53,15,1,25.4,1.0,274.7,274.5,2,1,1.00,CYCLE,N
IND,208,6592,59452,18/01/2019,21:03:13,15,1,22.9,1.1,260.0,259.9,2,1,1.00,CYCLE,N
IND,208,6592,59452,18/01/2019,21:05:06,15,1,24.2,1.1,112.8,112.6,2,1,1.00,CYCLE,N
IND,208,6592,59452,18/01/2019,21:10:20,15,1,19.6,1.1,314.0,313.8,2,1,1.00,CYCLE,N
IND,208,6592,59452,18/01/2019,21:11:13,15,1,29.2,1.0,53.4,53.1,2,1,1.00,CYCLE,N
IND,208,6592,59452,18/01/2019,21:11:42,15,1,23.7,1.0,28.9,28.8,2,1,1.00,CYCLE,N
IND,208,6592,59453,18/01/2019,21:17:31,15,0,14.9,1.0,1869.7,1869.6,2,1,1.00,CYCLE,S
IND,208,6592,59452,18/01/2019,21:19:34,15,1,23.6,1.1,471.4,471.3,2,1,1.00,CYCLE,N
IND,208,6592,59453,18/01/2019,21:22:25,15,0,22.9,1.0,294.1,293.9,2,1,1.00,CYCLE,S
IND,208,6592,59452,18/01/2019,21:24:19,15,1,25.2,1.0,285.1,285.0,2,1,1.00,CYCLE,N
IND,208,6592,59452,18/01/2019,21:28:55,15,1,27.2,1.1,276.7,276.6,2,1,1.00,CYCLE,N
IND,208,6592,59452,18/01/2019,21:32:31,15,1,26.4,1.1,215.4,215.3,2,1,1.00,CYCLE,N
IND,208,6592,59453,18/01/2019,21:34:11,15,0,30.2,1.0,705.5,705.3,2,1,1.00,CYCLE,S
IND,208,6592,59452,18/01/2019,21:35:58,15,1,28.8,1.1,207.0,206.9,2,1,1.00,CYCLE,N
IND,208,6592,59452,18/01/2019,21:39:36,15,1,23.0,1.1,218.3,218.2,2,1,1.00,CYCLE,N
IND,208,6592,59452,18/01/2019,21:41:03,15,1,24.4,1.1,86.6,86.4,2,1,1.00,CYCLE,N
IND,208,6592,59452,18/01/2019,21:43:50,15,1,24.7,1.1,167.6,167.5,2,1,1.00,CYCLE,N
IND,208,6592,59453,18/01/2019,21:54:04,15,0,11.7,1.1,235.9,235.6,2,1,1.00,CYCLE,S
IND,208,6592,59452,18/01/2019,21:55:20,15,1,23.7,1.0,689.8,689.6,2,1,1.00,CYCLE,N
IND,208,6592,59452,18/01/2019,22:01:28,15,1,23.7,1.1,368.1,367.9,2,1,1.00,CYCLE,N
IND,208,6592,59452,18/01/2019,22:04:46,15,1,25.7,1.0,197.3,197.2,2,1,1.00,CYCLE,N
IND,208,6592,59452,18/01/2019,22:06:03,15,1,26.3,1.1,77.8,77.7,2,1,1.00,CYCLE,N
IND,208,6592,59452,18/01/2019,22:09:25,15,1,21.1,1.0,201.6,201.4,2,1,1.00,CYCLE,N
IND,208,6592,59452,18/01/2019,22:12:11,15,1,22.7,1.0,165.8,165.6,2,1,1.00,CYCLE,N
IND,208,6592,59452,18/01/2019,22:13:31,15,1,28.7,1.0,80.4,80.3,2,1,1.00,CYCLE,N
IND,208,6592,59452,18/01/2019,22:15:26,15,1,23.9,1.0,91.2,90.9,2,1,1.00,CYCLE,N
IND,208,6592,59453,18/01/2019,22:25:31,15,0,23.6,1.1,1887.2,1886.9,2,1,1.00,CYCLE,S
IND,208,6592,59452,18/01/2019,22:33:46,15,1,26.1,1.0,1099.4,1099.2,2,1,1.00,CYCLE,N
IND,208,6592,59452,18/01/2019,22:36:00,15,1,20.4,1.0,134.7,134.6,2,1,1.00,CYCLE,N
IND,208,6592,59452,18/01/2019,22:50:05,15,1,23.8,1.1,844.7,844.5,2,1,1.00,CYCLE,N
IND,208,6592,59452,18/01/2019,22:58:07,15,1,31.7,1.0,481.7,481.6,2,1,1.00,CYCLE,N
IND,208,6592,59452,18/01/2019,23:02:01,15,1,20.0,1.1,233.8,233.7,2,1,1.00,CYCLE,N
IND,208,6592,59452,18/01/2019,23:02:54,15,1,26.8,1.1,53.2,53.0,2,1,1.00,CYCLE,N
IND,208,6592,59452,18/01/2019,23:03:34,15,1,15.4,1.0,40.3,40.2,2,1,1.00,CYCLE,N
IND,208,6592,59452,18/01/2019,23:09:43,15,1,18.0,1.0,369.3,369.0,2,1,1.00,CYCLE,N
IND,208,6592,59452,18/01/2019,23:12:06,15,1,14.2,1.0,143.1,142.9,2,1,1.00,CYCLE,N
IND,208,6592,59452,18/01/2019,23:17:18,15,1,19.6,1.1,127.1,126.9,2,1,1.00,CYCLE,N
IND,208,6592,59452,18/01/2019,23:23:04,15,1,23.8,1.0,346.0,345.8,2,1,1.00,CYCLE,N
IND,208,6592,59452,18/01/2019,23:38:36,15,1,24.7,1.1,932.1,931.9,2,1,1.00,CYCLE,N
IND,208,6592,59452,18/01/2019,23:38:38,15,1,23.5,1.0,2.1,1.9,2,1,1.00,CYCLE,N
IND,208,6592,59453,18/01/2019,23:47:43,15,0,25.5,1.1,4931.7,4931.6,2,1,1.00,CYCLE,S
IND,208,6592,59453,18/01/2019,23:50:20,15,0,23.9,1.0,157.2,157.0,2,1,1.00,CYCLE,S
IND,208,6592,59452,18/01/2019,23:53:48,15,1,21.0,1.0,910.0,909.9,2,1,1.00,CYCLE,N
IND,208,6592,59452,19/01/2019,00:01:21,15,1,15.8,1.0,453.6,453.5,2,1,1.00,CYCLE,N
IND,208,6592,59452,19/01/2019,00:15:43,15,1,20.2,1.1,861.5,861.2,2,1,1.00,CYCLE,N
IND,208,6592,59452,19/01/2019,01:05:50,15,1,24.6,1.0,3007.0,3006.8,2,1,1.00,CYCLE,N
IND,208,6592,59452,19/01/2019,01:15:44,15,1,25.1,1.0,593.8,593.6,2,1,1.00,CYCLE,N
IND,208,6592,59452,19/01/2019,01:16:42,15,1,25.3,1.1,58.3,58.1,2,1,1.00,CYCLE,N
IND,208,6592,59452,19/01/2019,01:22:55,15,1,20.5,1.1,373.0,372.9,2,1,1.00,CYCLE,N
IND,208,6592,59452,19/01/2019,01:29:02,15,1,20.4,1.1,367.0,366.8,2,1,1.00,CYCLE,N
IND,208,6592,59452,19/01/2019,02:02:24,15,1,19.9,1.1,2001.9,2001.7,2,1,1.00,CYCLE,N
IND,208,6592,59452,19/01/2019,02:29:06,15,1,20.3,1.1,1602.1,1601.9,2,1,1.00,CYCLE,N
IND,208,6592,59452,19/01/2019,02:59:55,15,1,24.6,1.0,1849.2,1849.0,2,1,1.00,CYCLE,N
IND,208,6592,59452,19/01/2019,04:22:17,15,1,24.8,0.8,4941.6,4941.4,2,1,1.00,CYCLE,N
IND,208,6592,59453,19/01/2019,04:29:44,15,0,34.9,1.0,16764.5,16764.4,2,1,1.00,CYCLE,S
IND,208,6592,59453,19/01/2019,04:30:53,15,0,22.6,1.1,68.2,68.1,2,1,1.00,CYCLE,S
IND,208,6592,59453,19/01/2019,04:36:17,15,0,25.8,1.0,324.4,324.2,2,1,1.00,CYCLE,S
IND,208,6592,59453,19/01/2019,04:37:43,15,0,19.8,1.1,85.5,85.4,2,1,1.00,CYCLE,S
IND,208,6592,59453,19/01/2019,04:43:48,15,0,27.7,1.0,365.5,365.3,2,1,1.00,CYCLE,S
IND,208,6592,59453,19/01/2019,04:48:28,15,0,31.1,1.0,279.9,279.8,2,1,1.00,CYCLE,S
IND,208,6592,59453,19/01/2019,04:48:28,15,0,31.1,1.0,0.0,0.0,2,1,1.00,CYCLE,S
IND,208,6592,59453,19/01/2019,04:48:31,15,0,32.7,1.0,3.1,3.0,2,1,1.00,CYCLE,S
IND,208,6592,59453,19/01/2019,04:48:31,15,0,32.7,1.0,0.0,0.0,2,1,1.00,CYCLE,S
IND,208,6592,59453,19/01/2019,04:48:33,15,0,31.3,1.0,1.6,1.5,2,1,1.00,CYCLE,S
IND,208,6592,59453,19/01/2019,04:48:33,15,0,31.3,1.0,0.0,0.0,2,1,1.00,CYCLE,S
IND,208,6592,59453,19/01/2019,04:48:33,15,0,31.3,1.0,0.0,0.0,2,1,1.00,CYCLE,S
IND,208,6592,59453,19/01/2019,04:58:22,15,0,29.8,1.0,589.2,588.8,2,1,1.00,CYCLE,S
IND,208,6592,59453,19/01/2019,04:59:51,15,0,30.7,1.0,88.7,88.6,2,1,1.00,CYCLE,S
IND,208,6592,59453,19/01/2019,04:59:52,15,0,30.8,1.0,1.5,1.4,2,1,1.00,CYCLE,S
IND,208,6592,59453,19/01/2019,05:00:56,15,0,21.8,1.0,63.8,63.6,2,1,1.00,CYCLE,S
IND,208,6592,59453,19/01/2019,05:04:47,15,0,25.4,1.0,231.5,231.4,2,1,1.00,CYCLE,S
IND,208,6592,59453,19/01/2019,05:06:57,15,0,24.9,1.0,129.4,129.3,2,1,1.00,CYCLE,S
IND,208,6592,59453,19/01/2019,05:07:54,15,0,24.1,1.1,57.6,57.5,2,1,1.00,CYCLE,S
IND,208,6592,59453,19/01/2019,05:10:42,15,0,27.5,1.0,167.6,167.5,2,1,1.00,CYCLE,S
IND,208,6592,59453,19/01/2019,05:11:25,15,0,24.1,1.1,43.1,42.9,2,1,1.00,CYCLE,S
IND,208,6592,59453,19/01/2019,05:14:59,15,0,32.0,1.0,213.8,213.6,2,1,1.00,CYCLE,S
IND,208,6592,59453,19/01/2019,05:15:17,15,0,18.8,1.0,18.3,18.2,2,1,1.00,CYCLE,S
IND,208,6592,59453,19/01/2019,05:19:54,15,0,27.0,1.0,276.3,276.1,2,1,1.00,CYCLE,S
IND,208,6592,59453,19/01/2019,05:23:29,15,0,29.3,1.0,215.9,215.8,2,1,1.00,CYCLE,S
IND,208,6592,59453,19/01/2019,05:24:40,15,0,26.2,1.0,70.2,70.1,2,1,1.00,CYCLE,S
IND,208,6592,59452,19/01/2019,05:26:23,15,1,24.5,1.0,3846.1,3846.0,2,1,1.00,CYCLE,N
IND,208,6592,59453,19/01/2019,05:27:27,15,0,27.6,1.0,167.3,167.2,2,1,1.00,CYCLE,S
IND,208,6592,59453,19/01/2019,05:28:52,15,0,30.2,1.0,85.3,85.2,2,1,1.00,CYCLE,S
IND,208,6592,59453,19/01/2019,05:30:35,15,0,28.9,1.0,103.1,103.0,2,1,1.00,CYCLE,S
IND,208,6592,59453,19/01/2019,05:31:11,15,0,28.4,1.0,35.6,35.5,2,1,1.00,CYCLE,S
IND,208,6592,59453,19/01/2019,05:31:27,15,0,28.5,1.0,16.0,15.8,2,1,1.00,CYCLE,S
IND,208,6592,59453,19/01/2019,05:32:12,15,0,26.3,1.0,45.5,45.4,2,1,1.00,CYCLE,S
IND,208,6592,59453,19/01/2019,05:32:16,15,0,25.6,1.1,3.8,3.6,2,1,1.00,CYCLE,S
IND,208,6592,59452,19/01/2019,05:32:32,15,1,28.0,1.1,369.4,369.3,2,1,1.00,CYCLE,N
IND,208,6592,59453,19/01/2019,05:32:37,15,0,34.9,1.0,21.3,21.1,2,1,1.00,CYCLE,S
IND,208,6592,59453,19/01/2019,05:32:51,15,0,28.2,1.0,13.9,13.8,2,1,1.00,CYCLE,S
IND,208,6592,59452,19/01/2019,05:33:35,15,1,16.5,1.0,62.3,62.2,2,1,1.00,CYCLE,N
IND,208,6592,59452,19/01/2019,05:33:35,15,1,16.3,1.1,0.8,0.6,2,1,1.00,CYCLE,N
IND,208,6592,59453,19/01/2019,05:34:34,15,0,25.9,1.0,102.2,102.1,2,1,1.00,CYCLE,S
IND,208,6592,59453,19/01/2019,05:35:02,15,0,28.8,1.0,28.0,27.9,2,1,1.00,CYCLE,S
IND,208,6592,59453,19/01/2019,05:35:31,15,0,26.0,1.0,29.2,29.0,2,1,1.00,CYCLE,S
IND,208,6592,59453,19/01/2019,05:37:43,15,0,26.1,1.1,132.6,132.4,2,1,1.00,CYCLE,S
IND,208,6592,59453,19/01/2019,05:45:12,15,0,26.3,1.0,448.4,448.3,2,1,1.00,CYCLE,S
IND,208,6592,59453,19/01/2019,05:45:22,15,0,29.1,1.0,10.5,10.4,2,1,1.00,CYCLE,S
IND,208,6592,59453,19/01/2019,05:45:35,15,0,23.9,1.1,12.9,12.8,2,1,1.00,CYCLE,S
IND,208,6592,59453,19/01/2019,05:46:06,15,0,26.8,1.0,30.7,30.5,2,1,1.00,CYCLE,S
IND,208,6592,59453,19/01/2019,05:46:06,15,0,27.3,1.0,0.5,0.3,2,1,1.00,CYCLE,S
IND,208,6592,59453,19/01/2019,05:46:06,15,0,27.3,1.0,0.0,0.0,2,1,1.00,CYCLE,S
IND,208,6592,59453,19/01/2019,05:46:46,15,0,27.6,1.0,40.0,39.8,2,1,1.00,CYCLE,S
IND,208,6592,59453,19/01/2019,05:48:14,15,0,35.9,1.0,87.8,87.6,2,1,1.00,CYCLE,S
IND,208,6592,59453,19/01/2019,05:48:19,15,0,32.7,1.0,5.1,5.0,2,1,1.00,CYCLE,S
IND,208,6592,59452,19/01/2019,05:52:53,15,1,20.1,1.0,1157.6,1157.4,2,1,1.00,CYCLE,N
IND,208,6592,59453,19/01/2019,05:56:13,15,0,30.8,1.0,473.6,473.5,2,1,1.00,CYCLE,S
IND,208,6592,59453,19/01/2019,05:56:23,15,0,25.8,1.0,10.7,10.6,2,1,1.00,CYCLE,S
IND,208,6592,59453,19/01/2019,05:56:53,15,0,30.2,1.0,29.9,29.8,2,1,1.00,CYCLE,S
IND,208,6592,59452,19/01/2019,05:58:15,15,1,25.8,1.1,322.4,322.2,2,1,1.00,CYCLE,N
IND,208,6592,59453,19/01/2019,05:58:35,15,0,25.7,1.0,101.2,101.1,2,1,1.00,CYCLE,S
IND,208,6592,59453,19/01/2019,05:59:32,15,0,36.1,1.0,57.4,57.2,2,1,1.00,CYCLE,S
IND,208,6592,59452,19/01/2019,06:01:27,15,1,26.7,1.1,191.6,191.5,2,1,1.00,CYCLE,N
IND,208,6592,59453,19/01/2019,06:02:24,15,0,28.3,1.0,172.1,172.0,2,1,1.00,CYCLE,S
IND,208,6592,59453,19/01/2019,06:03:24,15,0,30.6,1.0,60.2,60.0,2,1,1.00,CYCLE,S
IND,208,6592,59453,19/01/2019,06:03:51,15,0,28.4,1.0,27.1,27.0,2,1,1.00,CYCLE,S
IND,208,6592,59453,19/01/2019,06:04:00,15,0,24.6,1.0,8.9,8.8,2,1,1.00,CYCLE,S
IND,208,6592,59453,19/01/2019,06:04:01,15,0,25.9,1.0,1.0,0.8,2,1,1.00,CYCLE,S
IND,208,6592,59453,19/01/2019,06:04:39,15,0,32.5,1.0,38.0,37.9,2,1,1.00,CYCLE,S
IND,208,6592,59453,19/01/2019,06:05:15,15,0,33.2,1.0,35.4,35.2,2,1,1.00,CYCLE,S
IND,208,6592,59453,19/01/2019,06:05:18,15,0,23.9,1.0,3.2,3.1,2,1,1.00,CYCLE,S
IND,208,6592,59453,19/01/2019,06:05:44,15,0,21.6,1.0,25.6,25.5,2,1,1.00,CYCLE,S
IND,208,6592,59453,19/01/2019,06:05:44,15,0,21.6,1.0,0.0,0.0,2,1,1.00,CYCLE,S
IND,208,6592,59453,19/01/2019,06:06:01,15,0,26.5,1.0,17.6,17.4,2,1,1.00,CYCLE,S
IND,208,6592,59453,19/01/2019,06:06:33,15,0,29.8,1.0,31.4,31.3,2,1,1.00,CYCLE,S
IND,208,6592,59453,19/01/2019,06:08:00,15,0,27.4,1.0,87.2,87.1,2,1,1.00,CYCLE,S
IND,208,6592,59453,19/01/2019,06:08:01,15,0,21.8,1.0,1.4,1.3,2,1,1.00,CYCLE,S
IND,208,6592,59453,19/01/2019,06:09:24,15,0,24.2,1.0,82.5,82.3,2,1,1.00,CYCLE,S
IND,208,6592,59453,19/01/2019,06:10:04,15,0,28.5,1.0,39.9,39.7,2,1,1.00,CYCLE,S
IND,208,6592,59452,19/01/2019,06:10:18,15,1,18.8,1.0,531.3,531.2,2,1,1.00,CYCLE,N
IND,208,6592,59453,19/01/2019,06:10:38,15,0,29.6,1.0,34.1,33.9,2,1,1.00,CYCLE,S
IND,208,6592,59453,19/01/2019,06:11:27,15,0,6.2,1.1,49.3,49.2,2,1,1.00,CYCLE,S
IND,208,6592,59453,19/01/2019,06:12:29,15,0,32.6,1.0,61.9,61.3,2,1,1.00,CYCLE,S
IND,208,6592,59453,19/01/2019,06:12:30,15,0,27.8,1.0,1.1,1.0,2,1,1.00,CYCLE,S
IND,208,6592,59453,19/01/2019,06:12:36,15,0,27.0,1.0,5.9,5.7,2,1,1.00,CYCLE,S
IND,208,6592,59452,19/01/2019,06:13:39,15,1,24.9,1.0,200.6,200.4,2,1,1.00,CYCLE,N
IND,208,6592,59453,19/01/2019,06:16:41,15,0,21.9,1.1,244.8,244.7,2,1,1.00,CYCLE,S
IND,208,6592,59452,19/01/2019,06:17:32,15,1,26.4,1.0,232.6,232.5,2,1,1.00,CYCLE,N
IND,208,6592,59453,19/01/2019,06:17:47,15,0,25.1,1.0,66.6,66.4,2,1,1.00,CYCLE,S
IND,208,6592,59453,19/01/2019,06:18:15,15,0,29.9,1.0,27.8,27.7,2,1,1.00,CYCLE,S
IND,208,6592,59452,19/01/2019,06:19:04,15,1,22.5,1.0,92.9,92.7,2,1,1.00,CYCLE,N
IND,208,6592,59453,19/01/2019,06:19:11,15,0,31.3,1.0,55.7,55.6,2,1,1.00,CYCLE,S
IND,208,6592,59453,19/01/2019,06:20:18,15,0,20.6,1.1,67.6,67.5,2,1,1.00,CYCLE,S
IND,208,6592,59453,19/01/2019,06:20:24,15,0,28.0,1.0,5.8,5.7,2,1,1.00,CYCLE,S
IND,208,6592,59452,19/01/2019,06:20:34,15,1,25.0,1.0,89.3,89.1,2,1,1.00,CYCLE,N
IND,208,6592,59452,19/01/2019,06:22:06,15,1,29.3,1.0,92.6,92.5,2,1,1.00,CYCLE,N
IND,208,6592,59453,19/01/2019,06:23:47,15,0,28.5,1.0,202.5,202.4,2,1,1.00,CYCLE,S
IND,208,6592,59453,19/01/2019,06:23:52,15,0,25.4,1.0,4.9,4.8,2,1,1.00,CYCLE,S
IND,208,6592,59453,19/01/2019,06:23:52,15,0,25.4,1.0,0.0,0.0,2,1,1.00,CYCLE,S
IND,208,6592,59453,19/01/2019,06:23:56,15,0,23.0,1.0,4.1,3.9,2,1,1.00,CYCLE,S
IND,208,6592,59453,19/01/2019,06:24:16,15,0,28.5,1.0,20.4,20.2,2,1,1.00,CYCLE,S
IND,208,6592,59453,19/01/2019,06:24:16,15,0,28.5,1.0,0.0,0.0,2,1,1.00,CYCLE,S
IND,208,6592,59453,19/01/2019,06:24:18,15,0,28.1,1.0,1.9,1.8,2,1,1.00,CYCLE,S
IND,208,6592,59453,19/01/2019,06:24:22,15,0,25.3,1.0,3.8,3.7,2,1,1.00,CYCLE,S
IND,208,6592,59452,19/01/2019,06:25:33,15,1,18.3,1.1,206.8,206.7,2,1,1.00,CYCLE,N
IND,208,6592,59452,19/01/2019,06:25:44,15,1,29.5,1.0,10.5,10.2,2,1,1.00,CYCLE,N
IND,208,6592,59452,19/01/2019,06:26:50,15,1,24.1,1.0,66.6,66.5,2,1,1.00,CYCLE,N
IND,208,6592,59453,19/01/2019,06:27:13,15,0,26.1,1.0,171.1,171.0,2,1,1.00,CYCLE,S
IND,208,6592,59453,19/01/2019,06:28:44,15,0,28.4,1.0,90.8,90.6,2,1,1.00,CYCLE,S
IND,208,6592,59453,19/01/2019,06:28:52,15,0,25.2,1.1,8.5,8.3,2,1,1.00,CYCLE,S
IND,208,6592,59453,19/01/2019,06:29:50,15,0,28.9,1.0,57.9,57.8,2,1,1.00,CYCLE,S
IND,208,6592,59453,19/01/2019,06:30:20,15,0,22.7,1.1,29.8,29.7,2,1,1.00,CYCLE,S
IND,208,6592,59453,19/01/2019,06:31:21,15,0,23.0,1.0,61.3,61.1,2,1,1.00,CYCLE,S
IND,208,6592,59452,19/01/2019,06:31:36,15,1,25.6,1.0,286.0,285.8,2,1,1.00,CYCLE,N
IND,208,6592,59452,19/01/2019,06:31:37,15,1,24.9,1.0,0.9,0.7,2,1,1.00,CYCLE,N
IND,208,6592,59452,19/01/2019,06:31:39,15,1,24.6,1.0,1.8,1.7,2,1,1.00,CYCLE,N
IND,208,6592,59452,19/01/2019,06:31:40,15,1,25.7,1.0,0.8,0.7,2,1,1.00,CYCLE,N
IND,208,6592,59452,19/01/2019,06:31:40,15,1,24.8,1.0,0.7,0.6,2,1,1.00,CYCLE,N
IND,208,6592,59453,19/01/2019,06:32:05,15,0,20.2,1.0,43.5,43.3,2,1,1.00,CYCLE,S
IND,208,6592,59452,19/01/2019,06:33:58,15,1,20.8,1.0,137.6,137.5,2,1,1.00,CYCLE,N
IND,208,6592,59452,19/01/2019,06:34:12,15,1,37.6,1.0,14.3,14.1,2,1,1.00,CYCLE,N
IND,208,6592,59453,19/01/2019,06:34:51,15,0,29.4,1.0,166.1,165.9,2,1,1.00,CYCLE,S
IND,208,6592,59453,19/01/2019,06:38:22,15,0,16.6,1.1,211.2,211.1,2,1,1.00,CYCLE,S
IND,208,6592,59452,19/01/2019,06:38:25,15,1,26.6,1.0,252.3,252.2,2,1,1.00,CYCLE,N
IND,208,6592,59453,19/01/2019,06:39:22,15,0,27.5,1.0,59.6,59.4,2,1,1.00,CYCLE,S
IND,208,6592,59453,19/01/2019,06:39:28,15,0,24.5,1.1,5.9,5.7,2,1,1.00,CYCLE,S
IND,208,6592,59453,19/01/2019,06:39:43,15,0,29.8,1.0,15.5,15.4,2,1,1.00,CYCLE,S
IND,208,6592,59453,19/01/2019,06:39:46,15,0,31.0,1.1,3.2,3.1,2,1,1.00,CYCLE,S
IND,208,6592,59452,19/01/2019,06:40:16,15,1,23.2,1.1,111.1,110.9,2,1,1.00,CYCLE,N
IND,208,6592,59452,19/01/2019,06:40:38,15,1,24.6,1.1,22.3,22.2,2,1,1.00,CYCLE,N
IND,208,6592,59453,19/01/2019,06:40:59,15,0,27.4,1.0,72.4,72.2,2,1,1.00,CYCLE,S
IND,208,6592,59453,19/01/2019,06:41:29,15,0,25.0,1.0,30.3,30.1,2,1,1.00,CYCLE,S
IND,208,6592,59453,19/01/2019,06:41:56,15,0,28.8,1.0,26.7,26.6,2,1,1.00,CYCLE,S
IND,208,6592,59453,19/01/2019,06:43:54,15,0,28.4,1.0,118.3,118.2,2,1,1.00,CYCLE,S
IND,208,6592,59453,19/01/2019,06:43:54,15,0,30.6,1.0,0.5,0.4,2,1,1.00,CYCLE,S
IND,208,6592,59453,19/01/2019,06:43:55,15,0,30.6,1.0,0.4,0.3,2,1,1.00,CYCLE,S
IND,208,6592,59453,19/01/2019,06:44:19,15,0,26.0,1.0,23.8,23.7,2,1,1.00,CYCLE,S
IND,208,6592,59452,19/01/2019,06:45:48,15,1,21.5,1.0,309.6,309.4,2,1,1.00,CYCLE,N
IND,208,6592,59452,19/01/2019,06:45:48,15,1,21.5,1.0,0.0,0.0,2,1,1.00,CYCLE,N
IND,208,6592,59452,19/01/2019,06:47:59,15,1,23.9,1.1,131.2,131.0,2,1,1.00,CYCLE,N
IND,208,6592,59452,19/01/2019,06:48:48,15,1,26.9,1.0,48.7,48.5,2,1,1.00,CYCLE,N
IND,208,6592,59453,19/01/2019,06:48:59,15,0,29.7,1.0,280.0,279.8,2,1,1.00,CYCLE,S
IND,208,6592,59453,19/01/2019,06:49:10,15,0,21.4,1.1,11.1,11.0,2,1,1.00,CYCLE,S
IND,208,6592,59453,19/01/2019,06:49:13,15,0,27.8,1.0,3.4,3.3,2,1,1.00,CYCLE,S
IND,208,6592,59452,19/01/2019,06:49:31,15,1,16.9,1.1,43.2,43.1,2,1,1.00,CYCLE,N
IND,208,6592,59452,19/01/2019,06:49:51,15,1,24.8,1.1,20.5,20.2,2,1,1.00,CYCLE,N
IND,208,6592,59452,19/01/2019,06:49:52,15,1,25.7,1.0,0.3,0.2,2,1,1.00,CYCLE,N
IND,208,6592,59453,19/01/2019,06:50:34,15,0,27.5,1.0,80.3,80.2,2,1,1.00,CYCLE,S
IND,208,6592,59453,19/01/2019,06:50:43,15,0,22.0,1.1,9.8,9.7,2,1,1.00,CYCLE,S
IND,208,6592,59453,19/01/2019,06:51:05,15,0,28.7,1.0,21.4,21.2,2,1,1.00,CYCLE,S
IND,208,6592,59453,19/01/2019,06:52:13,15,0,18.4,1.0,67.8,67.7,2,1,1.00,CYCLE,S
IND,208,6592,59453,19/01/2019,06:52:13,15,0,18.4,1.0,0.0,0.0,2,1,1.00,CYCLE,S
IND,208,6592,59453,19/01/2019,06:53:44,15,0,25.0,1.0,91.1,90.9,2,1,1.00,CYCLE,S
IND,208,6592,59453,19/01/2019,06:55:15,15,0,23.1,1.1,91.7,91.6,2,1,1.00,CYCLE,S
IND,208,6592,59453,19/01/2019,06:58:15,15,0,29.1,1.0,179.6,179.4,2,1,1.00,CYCLE,S
IND,208,6592,59453,19/01/2019,06:58:21,15,0,24.8,1.0,5.9,5.7,2,1,1.00,CYCLE,S
IND,208,6592,59453,19/01/2019,06:58:25,15,0,22.5,1.0,4.3,4.2,2,1,1.00,CYCLE,S
IND,208,6592,59452,19/01/2019,06:59:17,15,1,26.4,1.0,565.5,565.3,2,1,1.00,CYCLE,N
IND,208,6592,59453,19/01/2019,06:59:33,15,0,25.0,1.0,67.5,67.3,2,1,1.00,CYCLE,S
IND,208,6592,59453,19/01/2019,06:59:33,15,0,25.2,1.0,0.6,0.5,2,1,1.00,CYCLE,S
IND,208,6592,59453,19/01/2019,06:59:43,15,0,21.0,1.1,9.7,9.5,2,1,1.00,CYCLE,S
IND,208,6592,59453,19/01/2019,07:00:05,15,0,21.4,1.0,21.9,21.8,2,1,1.00,CYCLE,S
IND,208,6592,59453,19/01/2019,07:00:15,15,0,22.3,1.0,10.2,10.0,2,1,1.00,CYCLE,S
IND,208,6592,59453,19/01/2019,07:00:20,15,0,18.1,1.0,5.1,4.9,2,1,1.00,CYCLE,S
IND,208,6592,59453,19/01/2019,07:01:30,15,0,27.4,1.0,70.1,69.9,2,1,1.00,CYCLE,S
IND,208,6592,59452,19/01/2019,07:03:44,15,1,23.5,1.1,266.5,266.3,2,1,1.00,CYCLE,N
IND,208,6592,59453,19/01/2019,07:06:40,15,0,22.8,1.0,310.0,309.8,2,1,1.00,CYCLE,S
IND,208,6592,59452,19/01/2019,07:08:30,15,1,23.7,1.0,286.2,286.0,2,1,1.00,CYCLE,N
IND,208,6592,59453,19/01/2019,07:09:33,15,0,27.5,1.0,172.9,172.8,2,1,1.00,CYCLE,S
IND,208,6592,59453,19/01/2019,07:09:37,15,0,28.8,1.1,4.0,3.9,2,1,1.00,CYCLE,S
IND,208,6592,59453,19/01/2019,07:10:06,15,0,27.1,1.0,28.3,28.2,2,1,1.00,CYCLE,S
IND,208,6592,59453,19/01/2019,07:10:08,15,0,25.5,1.0,2.2,2.1,2,1,1.00,CYCLE,S
IND,208,6592,59453,19/01/2019,07:10:08,15,0,25.6,1.0,0.8,0.6,2,1,1.00,CYCLE,S
IND,208,6592,59453,19/01/2019,07:10:36,15,0,22.9,1.0,27.2,27.0,2,1,1.00,CYCLE,S
IND,208,6592,59453,19/01/2019,07:11:16,15,0,28.5,1.0,40.0,39.8,2,1,1.00,CYCLE,S
IND,208,6592,59453,19/01/2019,07:11:16,15,0,28.5,1.0,0.0,0.0,2,1,1.00,CYCLE,S
IND,208,6592,59452,19/01/2019,07:11:37,15,1,21.4,1.0,186.9,186.7,2,1,1.00,CYCLE,N
IND,208,6592,59452,19/01/2019,07:11:37,15,1,21.4,1.0,0.0,0.0,2,1,1.00,CYCLE,N
IND,208,6592,59452,19/01/2019,07:12:16,15,1,27.5,1.0,39.1,38.8,2,1,1.00,CYCLE,N
IND,208,6592,59452,19/01/2019,07:12:50,15,1,24.6,1.1,34.6,34.5,2,1,1.00,CYCLE,N
IND,208,6592,59453,19/01/2019,07:13:14,15,0,31.6,1.0,118.6,118.4,2,1,1.00,CYCLE,S
IND,208,6592,59452,19/01/2019,07:15:44,15,1,24.4,1.0,173.1,172.9,2,1,1.00,CYCLE,N
IND,208,6592,59453,19/01/2019,07:16:56,15,0,21.2,1.0,221.4,221.3,2,1,1.00,CYCLE,S
IND,208,6592,59453,19/01/2019,07:17:50,15,0,29.0,1.0,53.8,53.7,2,1,1.00,CYCLE,S
IND,208,6592,59452,19/01/2019,07:18:26,15,1,27.1,1.0,162.8,162.5,2,1,0.67,CYCLE,N
IND,208,6592,59452,19/01/2019,07:18:26,15,1,27.1,1.0,0.0,0.0,2,1,0.67,CYCLE,N
IND,208,6592,59453,19/01/2019,07:19:50,15,0,34.5,1.0,120.3,120.2,2,1,1.00,CYCLE,S
IND,208,6592,59453,19/01/2019,07:19:56,15,0,32.6,1.0,6.3,6.2,2,1,1.00,CYCLE,S
IND,208,6592,59453,19/01/2019,07:20:01,15,0,24.9,1.1,5.2,5.1,2,1,1.00,CYCLE,S
IND,208,6592,59453,19/01/2019,07:20:05,15,0,22.8,1.1,3.9,3.7,2,1,1.00,CYCLE,S
IND,208,6592,59452,19/01/2019,07:20:12,15,1,23.0,1.0,105.8,105.7,2,1,1.00,CYCLE,N
IND,208,6592,59452,19/01/2019,07:20:12,15,1,23.0,1.0,0.0,0.0,2,1,1.00,CYCLE,N
IND,208,6592,59452,19/01/2019,07:20:13,15,1,22.4,1.0,0.7,0.5,2,1,1.00,CYCLE,N
IND,208,6592,59452,19/01/2019,07:20:17,15,1,26.3,1.0,4.0,3.9,2,1,1.00,CYCLE,N
IND,208,6592,59452,19/01/2019,07:20:22,15,1,24.5,1.0,4.8,4.7,2,1,1.00,CYCLE,N
IND,208,6592,59452,19/01/2019,07:20:22,15,1,24.5,1.0,0.0,0.0,2,1,1.00,CYCLE,N
IND,208,6592,59452,19/01/2019,07:20:24,15,1,22.0,1.0,2.2,2.0,2,1,1.00,CYCLE,N
IND,208,6592,59453,19/01/2019,07:20:30,15,0,26.1,1.0,24.6,24.4,2,1,1.00,CYCLE,S
IND,208,6592,59453,19/01/2019,07:20:40,15,0,32.9,1.0,10.7,10.6,2,1,1.00,CYCLE,S
IND,208,6592,59453,19/01/2019,07:21:30,15,0,24.9,1.0,49.9,49.8,2,1,1.00,CYCLE,S
IND,208,6592,59453,19/01/2019,07:22:05,15,0,22.9,1.1,34.6,34.5,2,1,1.00,CYCLE,S
IND,208,6592,59452,19/01/2019,07:22:10,15,1,26.2,1.0,106.0,105.8,2,1,1.00,CYCLE,N
IND,208,6592,59453,19/01/2019,07:25:47,15,0,27.8,1.0,221.9,221.8,2,1,1.00,CYCLE,S
IND,208,6592,59453,19/01/2019,07:26:07,15,0,18.3,1.1,20.2,20.1,2,1,1.00,CYCLE,S
IND,208,6592,59452,19/01/2019,07:26:26,15,1,33.3,1.0,256.2,256.0,2,1,1.00,CYCLE,N
IND,208,6592,59452,19/01/2019,07:26:27,15,1,29.9,1.0,1.5,1.4,2,1,1.00,CYCLE,N
IND,208,6592,59452,19/01/2019,07:26:33,15,1,27.4,1.1,5.5,5.4,2,1,1.00,CYCLE,N
IND,208,6592,59452,19/01/2019,07:28:04,15,1,26.3,1.1,91.5,91.3,2,1,1.00,CYCLE,N
IND,208,6592,59453,19/01/2019,07:29:24,15,0,22.6,1.0,196.4,196.2,2,1,1.00,CYCLE,S
IND,208,6592,59453,19/01/2019,07:30:17,15,0,31.1,1.0,53.8,53.6,2,1,1.00,CYCLE,S
IND,208,6592,59452,19/01/2019,07:31:25,15,1,25.4,1.0,200.4,200.3,2,1,1.00,CYCLE,N
IND,208,6592,59453,19/01/2019,07:31:36,15,0,23.1,1.0,78.5,78.4,2,1,1.00,CYCLE,S
IND,208,6592,59453,19/01/2019,07:33:47,15,0,22.5,1.0,131.0,130.8,2,1,1.00,CYCLE,S
IND,208,6592,59453,19/01/2019,07:33:48,15,0,21.1,1.0,0.8,0.6,2,1,1.00,CYCLE,S
IND,208,6592,59453,19/01/2019,07:33:48,15,0,21.3,1.0,0.3,0.1,2,1,1.00,CYCLE,S
IND,208,6592,59453,19/01/2019,07:34:50,15,0,23.9,1.0,62.0,61.9,2,1,1.00,CYCLE,S
IND,208,6592,59452,19/01/2019,07:35:39,15,1,6.4,0.9,253.8,253.8,2,1,1.00,CYCLE,N
IND,208,6592,59452,19/01/2019,07:36:05,15,1,24.8,1.0,26.6,26.0,2,1,1.00,CYCLE,N
IND,208,6592,59453,19/01/2019,07:36:20,15,0,25.8,1.2,44.0,44.0,2,1,1.00,CYCLE,S
IND,208,6592,59452,19/01/2019,07:37:18,15,1,30.8,1.1,72.4,72.2,2,1,1.00,CYCLE,N
IND,208,6592,59453,19/01/2019,07:37:18,15,0,24.3,1.0,58.0,57.8,2,1,1.00,CYCLE,S
IND,208,6592,59452,19/01/2019,07:38:08,15,1,20.6,1.1,50.0,49.9,2,1,1.00,CYCLE,N
IND,208,6592,59453,19/01/2019,07:41:20,15,0,29.9,1.0,242.1,242.0,2,1,1.00,CYCLE,S
IND,208,6592,59452,19/01/2019,07:41:54,15,1,25.3,1.0,226.5,226.3,2,1,1.00,CYCLE,N
IND,208,6592,59453,19/01/2019,07:41:59,15,0,25.7,1.1,38.3,38.2,2,1,1.00,CYCLE,S
IND,208,6592,59453,19/01/2019,07:43:40,15,0,24.6,1.1,101.7,101.5,2,1,1.00,CYCLE,S
IND,208,6592,59453,19/01/2019,07:43:54,15,0,28.9,1.0,14.1,13.9,2,1,1.00,CYCLE,S
IND,208,6592,59453,19/01/2019,07:43:56,15,0,30.0,1.0,2.0,1.9,2,1,1.00,CYCLE,S
IND,208,6592,59452,19/01/2019,07:44:16,15,1,30.6,1.0,141.8,141.6,2,1,1.00,CYCLE,N
IND,208,6592,59453,19/01/2019,07:45:23,15,0,30.1,1.1,87.2,87.1,2,1,1.00,CYCLE,S
IND,208,6592,59453,19/01/2019,07:45:27,15,0,32.4,1.0,3.5,3.4,2,1,1.00,CYCLE,S
IND,208,6592,59453,19/01/2019,07:46:03,15,0,30.7,1.0,36.5,36.4,2,1,1.00,CYCLE,S
IND,208,6592,59452,19/01/2019,07:46:12,15,1,24.7,1.0,116.4,116.2,2,1,1.00,CYCLE,N
IND,208,6592,59453,19/01/2019,07:46:29,15,0,29.7,1.0,25.3,25.1,2,1,1.00,CYCLE,S
IND,208,6592,59453,19/01/2019,07:46:34,15,0,25.4,1.0,5.0,4.8,2,1,1.00,CYCLE,S
IND,208,6592,59453,19/01/2019,07:46:34,15,0,25.4,1.0,0.4,0.2,2,1,1.00,CYCLE,S
IND,208,6592,59453,19/01/2019,07:47:15,15,0,27.8,1.1,41.3,41.1,2,1,1.00,CYCLE,S
IND,208,6592,59453,19/01/2019,07:47:41,15,0,20.5,1.0,25.3,25.1,2,1,1.00,CYCLE,S
IND,208,6592,59453,19/01/2019,07:49:02,15,0,30.5,1.0,81.1,80.9,2,1,1.00,CYCLE,S
IND,208,6592,59453,19/01/2019,07:49:13,15,0,21.5,1.0,11.3,11.2,2,1,1.00,CYCLE,S
IND,208,6592,59453,19/01/2019,07:49:13,15,0,21.5,1.0,0.0,0.0,2,1,1.00,CYCLE,S
IND,208,6592,59453,19/01/2019,07:50:06,15,0,27.2,1.0,53.5,53.3,2,1,1.00,CYCLE,S
IND,208,6592,59453,19/01/2019,07:51:29,15,0,21.7,1.1,82.7,82.6,2,1,1.00,CYCLE,S
IND,208,6592,59453,19/01/2019,07:52:05,15,0,26.1,1.0,35.9,35.7,2,1,1.00,CYCLE,S
IND,208,6592,59453,19/01/2019,07:52:25,15,0,27.9,1.0,19.5,19.4,2,1,1.00,CYCLE,S
IND,208,6592,59453,19/01/2019,07:52:39,15,0,18.6,1.1,14.6,14.5,2,1,1.00,CYCLE,S
IND,208,6592,59453,19/01/2019,07:52:41,15,0,16.4,1.1,1.8,1.6,2,1,1.00,CYCLE,S
IND,208,6592,59453,19/01/2019,07:52:44,15,0,18.5,1.0,2.7,2.5,2,1,1.00,CYCLE,S
IND,208,6592,59452,19/01/2019,07:53:34,15,1,29.1,1.0,441.4,441.2,2,1,1.00,CYCLE,N
IND,208,6592,59452,19/01/2019,07:53:39,15,1,26.0,1.1,5.0,4.9,2,1,1.00,CYCLE,N
IND,208,6592,59453,19/01/2019,07:53:48,15,0,17.1,1.0,64.2,64.0,2,1,0.83,CYCLE,S
IND,208,6592,59453,19/01/2019,07:53:48,15,0,17.1,1.0,0.0,0.0,2,1,0.83,CYCLE,S
IND,208,6592,59453,19/01/2019,07:54:32,15,0,28.7,1.0,44.3,43.5,2,1,1.00,CYCLE,S
IND,208,6592,59453,19/01/2019,07:54:45,15,0,15.3,1.0,13.1,13.0,2,1,1.00,CYCLE,S
IND,208,6592,59453,19/01/2019,07:54:46,15,0,15.8,1.0,0.8,0.6,2,1,1.00,CYCLE,S
IND,208,6592,59453,19/01/2019,07:54:50,15,0,16.5,1.0,3.2,3.0,2,1,1.00,CYCLE,S
IND,208,6592,59452,19/01/2019,07:55:29,15,1,28.5,1.0,109.8,109.7,2,1,1.00,CYCLE,N
IND,208,6592,59453,19/01/2019,07:56:01,15,0,29.4,1.1,58.9,58.7,2,1,1.00,CYCLE,S
IND,208,6592,59453,19/01/2019,07:56:02,15,0,31.9,1.0,0.9,0.7,2,1,1.00,CYCLE,S
IND,208,6592,59453,19/01/2019,07:56:05,15,0,23.2,1.0,3.5,3.4,2,1,1.00,CYCLE,S
IND,208,6592,59453,19/01/2019,07:56:06,15,0,22.7,1.1,0.6,0.4,2,1,1.00,CYCLE,S
IND,208,6592,59453,19/01/2019,07:56:22,15,0,19.4,1.1,15.8,15.7,2,1,1.00,CYCLE,S
IND,208,6592,59452,19/01/2019,07:57:04,15,1,22.8,1.0,95.7,95.6,2,1,1.00,CYCLE,N
IND,208,6592,59452,19/01/2019,07:57:04,15,1,22.8,1.0,0.0,0.0,2,1,1.00,CYCLE,N
IND,208,6592,59452,19/01/2019,07:57:05,15,1,24.3,1.0,0.6,0.4,2,1,1.00,CYCLE,N
IND,208,6592,59452,19/01/2019,07:57:09,15,1,24.9,1.0,4.2,4.0,2,1,1.00,CYCLE,N
IND,208,6592,59452,19/01/2019,07:57:09,15,1,24.9,1.0,0.0,0.0,2,1,1.00,CYCLE,N
IND,208,6592,59453,19/01/2019,07:57:33,15,0,22.2,1.1,70.9,70.7,2,1,1.00,CYCLE,S
IND,208,6592,59453,19/01/2019,07:57:33,15,0,21.7,1.0,0.5,0.4,2,1,1.00,CYCLE,S
IND,208,6592,59452,19/01/2019,07:58:25,15,1,26.9,1.0,76.2,76.0,2,1,1.00,CYCLE,N
IND,208,6592,59452,19/01/2019,07:58:54,15,1,17.4,1.0,28.9,28.8,2,1,1.00,CYCLE,N
IND,208,6592,59452,19/01/2019,07:58:54,15,1,17.4,1.0,0.0,0.0,2,1,1.00,CYCLE,N
IND,208,6592,59453,19/01/2019,07:59:16,15,0,18.5,1.0,102.7,102.5,2,1,1.00,CYCLE,S
IND,208,6592,59453,19/01/2019,07:59:16,15,0,18.5,1.0,0.0,0.0,2,1,1.00,CYCLE,S
IND,208,6592,59453,19/01/2019,07:59:26,15,0,24.9,1.1,9.7,9.4,2,1,1.00,CYCLE,S
IND,208,6592,59452,19/01/2019,07:59:49,15,1,25.2,1.0,54.9,54.5,2,1,1.00,CYCLE,N
IND,208,6592,59453,19/01/2019,08:00:16,15,0,23.4,1.0,50.2,50.0,2,1,1.00,CYCLE,S
IND,208,6592,59453,19/01/2019,08:00:16,15,0,25.6,1.0,0.7,0.6,2,1,1.00,CYCLE,S
IND,208,6592,59452,19/01/2019,08:00:17,15,1,25.2,1.0,28.2,28.1,2,1,1.00,CYCLE,N
IND,208,6592,59453,19/01/2019,08:00:26,15,0,16.9,1.0,9.8,9.6,2,1,1.00,CYCLE,S
IND,208,6592,59453,19/01/2019,08:00:27,15,0,19.5,1.1,0.3,0.1,2,1,1.00,CYCLE,S
IND,208,6592,59453,19/01/2019,08:00:28,15,0,20.1,1.0,1.7,1.5,2,1,1.00,CYCLE,S
IND,208,6592,59452,19/01/2019,08:01:45,15,1,22.8,1.0,88.2,88.1,2,1,1.00,CYCLE,N
IND,208,6592,59452,19/01/2019,08:01:47,15,1,22.9,1.0,1.8,1.6,2,1,1.00,CYCLE,N
IND,208,6592,59453,19/01/2019,08:02:09,15,0,28.0,1.0,101.1,100.9,2,1,1.00,CYCLE,S
IND,208,6592,59453,19/01/2019,08:02:54,15,0,34.0,1.0,44.5,44.4,2,1,1.00,CYCLE,S
IND,208,6592,59453,19/01/2019,08:03:02,15,0,20.4,1.1,8.5,8.3,2,1,1.00,CYCLE,S
IND,208,6592,59453,19/01/2019,08:03:08,15,0,23.3,1.0,5.9,5.7,2,1,1.00,CYCLE,S
IND,208,6592,59452,19/01/2019,08:04:05,15,1,29.0,1.0,138.1,137.9,2,1,1.00,CYCLE,N
IND,208,6592,59453,19/01/2019,08:04:36,15,0,27.2,1.0,87.9,87.7,2,1,1.00,CYCLE,S
IND,208,6592,59453,19/01/2019,08:04:38,15,0,22.2,1.1,2.2,2.0,2,1,1.00,CYCLE,S
IND,208,6592,59453,19/01/2019,08:05:03,15,0,26.6,1.0,25.0,24.8,2,1,1.00,CYCLE,S
IND,208,6592,59452,19/01/2019,08:05:10,15,1,18.8,1.1,64.3,64.2,2,1,1.00,CYCLE,N
IND,208,6592,59452,19/01/2019,08:05:29,15,1,28.1,1.0,19.9,19.7,2,1,1.00,CYCLE,N
IND,208,6592,59453,19/01/2019,08:07:00,15,0,29.7,1.0,116.7,116.6,2,1,1.00,CYCLE,S
IND,208,6592,59453,19/01/2019,08:07:02,15,0,30.9,1.0,1.6,1.5,2,1,1.00,CYCLE,S
IND,208,6592,59453,19/01/2019,08:07:06,15,0,27.6,1.0,4.4,4.2,2,1,1.00,CYCLE,S
IND,208,6592,59453,19/01/2019,08:07:12,15,0,19.4,1.1,6.5,6.4,2,1,1.00,CYCLE,S
IND,208,6592,59453,19/01/2019,08:07:32,15,0,28.3,1.0,19.7,19.5,2,1,1.00,CYCLE,S
IND,208,6592,59453,19/01/2019,08:07:33,15,0,27.6,1.0,0.4,0.3,2,1,1.00,CYCLE,S
IND,208,6592,59453,19/01/2019,08:07:35,15,0,26.8,1.1,2.0,1.9,2,1,1.00,CYCLE,S
IND,208,6592,59452,19/01/2019,08:09:27,15,1,21.0,1.0,237.4,237.3,2,1,1.00,CYCLE,N
IND,208,6592,59452,19/01/2019,08:09:29,15,1,23.1,1.1,2.2,2.0,2,1,1.00,CYCLE,N
IND,208,6592,59453,19/01/2019,08:11:48,15,0,23.6,1.0,0.4,0.1,2,1,1.00,CYCLE,S
IND,208,6592,59453,19/01/2019,08:11:49,15,0,16.7,1.0,0.9,0.8,2,1,1.00,CYCLE,S
IND,208,6592,59453,19/01/2019,08:11:54,15,0,14.6,1.1,5.2,5.0,2,1,1.00,CYCLE,S
IND,208,6592,59453,19/01/2019,08:12:00,15,0,15.1,1.0,6.5,6.2,2,1,1.00,CYCLE,S
IND,208,6592,59453,19/01/2019,08:12:02,15,0,15.2,1.1,1.8,1.5,2,1,1.00,CYCLE,S
IND,208,6592,59453,19/01/2019,08:12:57,15,0,24.5,1.2,54.3,54.1,2,1,1.00,CYCLE,S
IND,208,6592,59453,19/01/2019,08:13:00,15,0,25.6,1.0,3.3,3.1,2,1,1.00,CYCLE,S
IND,208,6592,59452,19/01/2019,08:13:24,15,1,28.7,1.0,235.2,235.0,2,1,1.00,CYCLE,N
IND,208,6592,59452,19/01/2019,08:13:26,15,1,28.8,1.0,1.4,1.3,2,1,1.00,CYCLE,N
IND,208,6592,59452,19/01/2019,08:13:29,15,1,28.2,1.0,3.0,2.9,2,1,1.00,CYCLE,N
IND,208,6592,59452,19/01/2019,08:13:29,15,1,27.4,1.0,0.3,0.2,2,1,1.00,CYCLE,N
IND,208,6592,59452,19/01/2019,08:13:36,15,1,22.8,1.0,6.8,6.6,2,1,1.00,CYCLE,N
IND,208,6592,59452,19/01/2019,08:14:07,15,1,15.6,1.0,31.1,31.0,2,1,1.00,CYCLE,N
IND,208,6592,59452,19/01/2019,08:14:07,15,1,15.6,1.0,0.0,0.0,2,1,1.00,CYCLE,N
IND,208,6592,59453,19/01/2019,08:14:53,15,0,31.9,1.0,112.9,112.8,2,1,1.00,CYCLE,S
IND,208,6592,59453,19/01/2019,08:14:58,15,0,27.5,1.0,4.8,4.7,2,1,1.00,CYCLE,S
IND,208,6592,59452,19/01/2019,08:16:44,15,1,20.8,1.1,156.9,156.6,2,1,1.00,CYCLE,N
IND,208,6592,59453,19/01/2019,08:18:14,15,0,20.3,1.1,188.7,188.6,2,1,1.00,CYCLE,S
IND,208,6592,59452,19/01/2019,08:18:15,15,1,30.1,1.0,91.4,91.2,2,1,1.00,CYCLE,N
IND,208,6592,59452,19/01/2019,08:18:19,15,1,26.4,1.1,3.5,3.3,2,1,1.00,CYCLE,N
IND,208,6592,59453,19/01/2019,08:18:52,15,0,24.9,1.1,38.3,38.1,2,1,1.00,CYCLE,S
IND,208,6592,59452,19/01/2019,08:19:11,15,1,22.7,1.0,52.2,52.0,2,1,1.00,CYCLE,N
IND,208,6592,59453,19/01/2019,08:19:12,15,0,25.7,1.0,19.5,19.4,2,1,1.00,CYCLE,S
IND,208,6592,59453,19/01/2019,08:19:16,15,0,25.1,1.1,4.4,4.3,2,1,1.00,CYCLE,S
IND,208,6592,59453,19/01/2019,08:19:25,15,0,22.7,1.0,9.2,9.1,2,1,1.00,CYCLE,S
IND,208,6592,59453,19/01/2019,08:19:25,15,0,22.7,1.0,0.0,0.0,2,1,1.00,CYCLE,S
IND,208,6592,59453,19/01/2019,08:21:35,15,0,29.3,1.0,129.3,129.1,2,1,1.00,CYCLE,S
IND,208,6592,59453,19/01/2019,08:21:55,15,0,27.3,1.0,20.3,20.2,2,1,1.00,CYCLE,S
IND,208,6592,59453,19/01/2019,08:22:46,15,0,25.0,1.0,51.4,51.3,2,1,1.00,CYCLE,S
IND,208,6592,59453,19/01/2019,08:23:06,15,0,18.0,1.0,20.0,19.8,2,1,1.00,CYCLE,S
IND,208,6592,59452,19/01/2019,08:23:41,15,1,22.9,1.1,270.5,270.4,2,1,1.00,CYCLE,N
IND,208,6592,59452,19/01/2019,08:23:46,15,1,21.6,1.1,4.3,4.2,2,1,1.00,CYCLE,N
IND,208,6592,59452,19/01/2019,08:23:46,15,1,22.2,1.0,0.7,0.6,2,1,1.00,CYCLE,N
IND,208,6592,59453,19/01/2019,08:23:54,15,0,24.5,1.1,47.2,47.0,2,1,1.00,CYCLE,S
IND,208,6592,59453,19/01/2019,08:24:17,15,0,23.0,1.1,23.3,23.1,2,1,1.00,CYCLE,S
IND,208,6592,59452,19/01/2019,08:26:19,15,1,32.3,1.0,152.7,152.5,2,1,1.00,CYCLE,N
IND,208,6592,59452,19/01/2019,08:26:47,15,1,27.6,1.0,28.2,28.1,2,1,1.00,CYCLE,N
IND,208,6592,59452,19/01/2019,08:26:49,15,1,28.0,1.2,2.0,1.9,2,1,1.00,CYCLE,N
IND,208,6592,59453,19/01/2019,08:27:02,15,0,20.9,1.2,164.7,164.5,2,1,1.00,CYCLE,S
IND,208,6592,59452,19/01/2019,08:27:31,15,1,17.8,1.0,41.9,41.8,2,1,0.86,CYCLE,N
IND,208,6592,59452,19/01/2019,08:27:33,15,1,18.5,1.0,1.9,1.6,2,1,1.00,CYCLE,N
IND,208,6592,59452,19/01/2019,08:27:33,15,1,18.5,1.0,0.0,0.0,2,1,1.00,CYCLE,N
IND,208,6592,59452,19/01/2019,08:27:34,15,1,18.8,1.0,1.0,0.7,2,1,1.00,CYCLE,N
IND,208,6592,59452,19/01/2019,08:28:44,15,1,29.0,1.0,69.4,69.2,2,1,1.00,CYCLE,N
IND,208,6592,59453,19/01/2019,08:29:28,15,0,24.8,1.1,146.8,146.6,2,1,1.00,CYCLE,S
IND,208,6592,59453,19/01/2019,08:30:53,15,0,24.8,1.1,84.7,84.6,2,1,1.00,CYCLE,S
IND,208,6592,59453,19/01/2019,08:31:47,15,0,23.5,1.0,54.2,54.0,2,1,1.00,CYCLE,S
IND,208,6592,59453,19/01/2019,08:32:25,15,0,21.4,1.0,37.2,37.1,2,1,1.00,CYCLE,S
IND,208,6592,59453,19/01/2019,08:32:25,15,0,21.4,1.0,0.0,0.0,2,1,1.00,CYCLE,S
IND,208,6592,59453,19/01/2019,08:32:27,15,0,20.7,1.0,2.6,2.3,2,1,1.00,CYCLE,S
IND,208,6592,59453,19/01/2019,08:32:29,15,0,19.1,1.0,1.7,1.5,2,1,1.00,CYCLE,S
IND,208,6592,59453,19/01/2019,08:32:30,15,0,20.3,1.0,1.4,1.2,2,1,1.00,CYCLE,S
IND,208,6592,59452,19/01/2019,08:33:12,15,1,29.7,1.0,268.3,268.1,2,1,1.00,CYCLE,N
IND,208,6592,59452,19/01/2019,08:33:12,15,1,22.7,1.1,0.6,0.5,2,1,1.00,CYCLE,N
IND,208,6592,59452,19/01/2019,08:33:51,15,1,27.3,1.0,38.6,38.4,2,1,1.00,CYCLE,N
IND,208,6592,59453,19/01/2019,08:34:16,15,0,17.2,1.1,106.0,105.8,2,1,1.00,CYCLE,S
IND,208,6592,59453,19/01/2019,08:34:17,15,0,19.9,1.1,0.6,0.4,2,1,1.00,CYCLE,S
IND,208,6592,59452,19/01/2019,08:35:07,15,1,33.1,1.0,75.7,75.6,2,1,1.00,CYCLE,N
IND,208,6592,59452,19/01/2019,08:35:11,15,1,32.0,1.0,4.2,4.1,2,1,1.00,CYCLE,N
IND,208,6592,59452,19/01/2019,08:35:42,15,1,23.2,1.0,30.7,30.6,2,1,1.00,CYCLE,N
IND,208,6592,59452,19/01/2019,08:35:42,15,1,23.2,1.0,0.0,0.0,2,1,1.00,CYCLE,N
IND,208,6592,59452,19/01/2019,08:35:44,15,1,27.3,1.1,2.6,2.4,2,1,1.00,CYCLE,N
IND,208,6592,59452,19/01/2019,08:35:45,15,1,23.3,1.1,0.4,0.2,2,1,1.00,CYCLE,N
IND,208,6592,59452,19/01/2019,08:37:06,15,1,31.8,1.0,81.0,80.8,2,1,1.00,CYCLE,N
IND,208,6592,59452,19/01/2019,08:37:19,15,1,28.1,1.0,13.8,13.7,2,1,0.80,CYCLE,N
IND,208,6592,59452,19/01/2019,08:37:20,15,1,30.3,1.0,0.5,0.4,2,1,1.00,CYCLE,N
IND,208,6592,59452,19/01/2019,08:37:24,15,1,23.2,1.0,4.0,3.9,2,1,1.00,CYCLE,N
IND,208,6592,59453,19/01/2019,08:37:39,15,0,22.1,1.0,201.9,201.7,2,1,1.00,CYCLE,S
IND,208,6592,59453,19/01/2019,08:40:01,15,0,21.5,1.0,142.4,142.2,2,1,1.00,CYCLE,S
IND,208,6592,59453,19/01/2019,08:40:09,15,0,17.6,1.1,8.4,8.3,2,1,1.00,CYCLE,S
IND,208,6592,59452,19/01/2019,08:40:15,15,1,28.6,1.0,171.6,171.4,2,1,1.00,CYCLE,N
IND,208,6592,59452,19/01/2019,08:41:59,15,1,20.1,1.0,103.6,103.4,2,1,1.00,CYCLE,N
IND,208,6592,59452,19/01/2019,08:42:29,15,1,30.3,1.0,30.0,29.8,2,1,1.00,CYCLE,N
IND,208,6592,59452,19/01/2019,08:42:30,15,1,32.4,1.1,0.9,0.8,2,1,1.00,CYCLE,N
IND,208,6592,59452,19/01/2019,08:42:34,15,1,26.4,0.9,4.0,3.9,2,1,1.00,CYCLE,N
IND,208,6592,59452,19/01/2019,08:42:35,15,1,25.2,1.1,1.6,1.4,2,1,1.00,CYCLE,N
IND,208,6592,59452,19/01/2019,08:43:49,15,1,28.3,1.0,73.6,73.4,2,1,1.00,CYCLE,N
IND,208,6592,59453,19/01/2019,08:45:26,15,0,24.9,1.0,316.5,316.3,2,1,1.00,CYCLE,S
IND,208,6592,59452,19/01/2019,08:45:53,15,1,22.8,1.0,124.0,123.9,2,1,1.00,CYCLE,N
IND,208,6592,59453,19/01/2019,08:46:10,15,0,21.9,1.0,44.1,44.0,2,1,1.00,CYCLE,S
IND,208,6592,59453,19/01/2019,08:46:55,15,0,18.0,1.1,44.8,44.6,2,1,1.00,CYCLE,S
IND,208,6592,59453,19/01/2019,08:48:12,15,0,27.8,1.0,77.0,76.8,2,1,1.00,CYCLE,S
IND,208,6592,59453,19/01/2019,08:48:12,15,0,27.8,1.0,0.0,0.0,2,1,1.00,CYCLE,S
IND,208,6592,59453,19/01/2019,08:48:17,15,0,14.5,1.1,4.9,4.7,2,1,1.00,CYCLE,S
IND,208,6592,59453,19/01/2019,08:48:43,15,0,28.8,1.1,25.8,25.5,2,1,1.00,CYCLE,S
IND,208,6592,59452,19/01/2019,08:49:00,15,1,37.8,1.0,187.0,186.8,2,1,1.00,CYCLE,N
IND,208,6592,59452,19/01/2019,08:49:01,15,1,28.6,1.0,0.5,0.4,2,1,1.00,CYCLE,N
IND,208,6592,59452,19/01/2019,08:49:01,15,1,30.3,1.0,0.4,0.3,2,1,1.00,CYCLE,N
IND,208,6592,59453,19/01/2019,08:49:16,15,0,22.1,1.0,30.9,30.7,2,1,1.00,CYCLE,S
IND,208,6592,59452,19/01/2019,08:50:46,15,1,27.9,1.0,105.4,105.3,2,1,1.00,CYCLE,N
IND,208,6592,59452,19/01/2019,08:50:47,15,1,27.4,1.0,0.6,0.5,2,1,1.00,CYCLE,N
IND,208,6592,59452,19/01/2019,08:50:47,15,1,28.2,1.0,0.3,0.1,2,1,1.00,CYCLE,N
IND,208,6592,59453,19/01/2019,08:51:39,15,0,26.3,1.1,143.4,143.2,2,1,1.00,CYCLE,S
IND,208,6592,59452,19/01/2019,08:52:17,15,1,25.0,1.0,83.9,83.7,2,1,1.00,CYCLE,N
IND,208,6592,59452,19/01/2019,08:52:17,15,1,25.0,1.0,0.0,0.0,2,1,1.00,CYCLE,N
IND,208,6592,59452,19/01/2019,08:52:20,15,1,26.6,1.0,2.5,2.3,2,1,1.00,CYCLE,N
IND,208,6592,59453,19/01/2019,08:52:40,15,0,30.7,1.0,61.0,60.9,2,1,1.00,CYCLE,S
IND,208,6592,59453,19/01/2019,08:52:43,15,0,22.5,1.1,2.7,2.6,2,1,1.00,CYCLE,S
IND,208,6592,59453,19/01/2019,08:53:26,15,0,24.1,1.0,43.6,43.4,2,1,1.00,CYCLE,S
IND,208,6592,59453,19/01/2019,08:54:09,15,0,19.0,1.1,42.7,42.6,2,1,1.00,CYCLE,S
IND,208,6592,59452,19/01/2019,08:54:32,15,1,29.8,1.0,132.6,132.5,2,1,1.00,CYCLE,N
IND,208,6592,59452,19/01/2019,08:54:32,15,1,30.3,1.0,0.2,0.1,2,1,1.00,CYCLE,N
IND,208,6592,59452,19/01/2019,08:54:34,15,1,28.4,1.0,2.0,1.9,2,1,1.00,CYCLE,N
IND,208,6592,59452,19/01/2019,08:54:35,15,1,29.7,1.0,0.6,0.5,2,1,1.00,CYCLE,N
IND,208,6592,59453,19/01/2019,08:54:42,15,0,21.7,1.0,33.0,32.8,2,1,1.00,CYCLE,S
IND,208,6592,59452,19/01/2019,08:54:46,15,1,18.4,1.0,11.1,11.0,2,1,1.00,CYCLE,N
IND,208,6592,59452,19/01/2019,08:54:46,15,1,18.5,1.0,0.5,0.3,2,1,1.00,CYCLE,N
IND,208,6592,59452,19/01/2019,08:54:46,15,1,18.5,1.0,0.0,0.0,2,1,1.00,CYCLE,N
IND,208,6592,59453,19/01/2019,08:55:17,15,0,26.6,1.0,34.6,34.5,2,1,1.00,CYCLE,S
IND,208,6592,59453,19/01/2019,08:55:18,15,0,25.9,1.0,0.9,0.8,2,1,1.00,CYCLE,S
IND,208,6592,59453,19/01/2019,08:55:22,15,0,22.5,1.0,4.2,4.1,2,1,1.00,CYCLE,S
IND,208,6592,59452,19/01/2019,08:55:57,15,1,22.3,1.0,70.2,69.8,2,1,1.00,CYCLE,N
IND,208,6592,59452,19/01/2019,08:55:58,15,1,23.6,1.1,1.8,1.7,2,1,1.00,CYCLE,N
IND,208,6592,59452,19/01/2019,08:56:02,15,1,20.2,1.1,3.9,3.7,2,1,1.00,CYCLE,N
IND,208,6592,59453,19/01/2019,08:56:56,15,0,19.9,1.0,93.8,93.6,2,1,1.00,CYCLE,S
IND,208,6592,59453,19/01/2019,08:56:56,15,0,19.9,1.0,0.7,0.5,2,1,1.00,CYCLE,S
IND,208,6592,59453,19/01/2019,08:56:57,15,0,20.6,1.1,1.2,1.0,2,1,1.00,CYCLE,S
IND,208,6592,59452,19/01/2019,08:58:40,15,1,30.3,1.0,157.5,157.3,2,1,1.00,CYCLE,N
IND,208,6592,59452,19/01/2019,08:59:02,15,1,32.5,1.0,22.2,22.1,2,1,1.00,CYCLE,N
IND,208,6592,59452,19/01/2019,08:59:05,15,1,28.8,1.0,3.2,3.1,2,1,1.00,CYCLE,N
IND,208,6592,59452,19/01/2019,08:59:11,15,1,28.7,1.0,5.7,5.6,2,1,1.00,CYCLE,N
IND,208,6592,59452,19/01/2019,09:01:01,15,1,26.8,1.0,109.5,109.4,2,1,1.00,CYCLE,N
IND,208,6592,59452,19/01/2019,09:01:02,15,1,26.2,1.0,1.1,0.9,2,1,1.00,CYCLE,N
IND,208,6592,59453,19/01/2019,09:01:41,15,0,30.0,1.0,283.9,283.7,2,1,1.00,CYCLE,S
IND,208,6592,59453,19/01/2019,09:01:53,15,0,25.1,1.1,11.3,11.2,2,1,1.00,CYCLE,S
IND,208,6592,59452,19/01/2019,09:02:33,15,1,28.7,1.0,91.4,91.3,2,1,1.00,CYCLE,N
IND,208,6592,59452,19/01/2019,09:02:48,15,1,14.4,1.0,15.2,15.1,2,1,0.86,CYCLE,N
IND,208,6592,59453,19/01/2019,09:03:32,15,0,23.8,1.0,99.8,99.6,2,1,1.00,CYCLE,S
IND,208,6592,59453,19/01/2019,09:03:33,15,0,22.2,1.0,0.7,0.5,2,1,1.00,CYCLE,S
IND,208,6592,59452,19/01/2019,09:04:01,15,1,26.4,1.0,72.3,72.0,2,1,1.00,CYCLE,N
IND,208,6592,59453,19/01/2019,09:05:45,15,0,29.0,1.0,131.5,131.3,2,1,1.00,CYCLE,S
IND,208,6592,59453,19/01/2019,09:05:45,15,0,29.0,1.0,0.0,0.0,2,1,1.00,CYCLE,S
IND,208,6592,59453,19/01/2019,09:05:48,15,0,20.6,1.1,3.0,2.8,2,1,1.00,CYCLE,S
IND,208,6592,59453,19/01/2019,09:07:00,15,0,26.5,1.0,72.8,72.6,2,1,1.00,CYCLE,S
IND,208,6592,59452,19/01/2019,09:07:27,15,1,19.4,1.2,206.4,206.3,2,1,1.00,CYCLE,N
IND,208,6592,59452,19/01/2019,09:07:35,15,1,16.2,1.1,8.4,8.2,2,1,1.00,CYCLE,N
IND,208,6592,59452,19/01/2019,09:07:53,15,1,31.6,1.1,17.2,16.9,2,1,1.00,CYCLE,N
IND,208,6592,59452,19/01/2019,09:08:55,15,1,28.1,1.0,62.2,62.1,2,1,1.00,CYCLE,N
IND,208,6592,59452,19/01/2019,09:08:57,15,1,24.6,1.0,2.3,2.2,2,1,1.00,CYCLE,N
IND,208,6592,59452,19/01/2019,09:08:58,15,1,21.9,1.0,1.0,0.9,2,1,1.00,CYCLE,N
IND,208,6592,59452,19/01/2019,09:10:04,15,1,30.2,1.1,65.7,65.5,2,1,1.00,CYCLE,N
IND,208,6592,59452,19/01/2019,09:11:45,15,1,28.1,1.0,101.4,101.3,2,1,1.00,CYCLE,N
IND,208,6592,59452,19/01/2019,09:13:09,15,1,15.6,0.9,83.6,83.5,2,1,1.00,CYCLE,N
IND,208,6592,59452,19/01/2019,09:13:15,15,1,16.1,1.0,6.4,6.2,2,1,1.00,CYCLE,N
IND,208,6592,59453,19/01/2019,09:13:48,15,0,22.9,1.0,407.7,407.6,2,1,1.00,CYCLE,S
IND,208,6592,59453,19/01/2019,09:15:20,15,0,28.1,1.0,91.4,91.3,2,1,1.00,CYCLE,S
IND,208,6592,59452,19/01/2019,09:16:11,15,1,25.4,1.0,176.2,175.9,2,1,1.00,CYCLE,N
IND,208,6592,59452,19/01/2019,09:16:12,15,1,27.9,1.0,0.3,0.2,2,1,1.00,CYCLE,N
IND,208,6592,59452,19/01/2019,09:16:13,15,1,29.0,1.0,1.2,1.1,2,1,1.00,CYCLE,N
IND,208,6592,59453,19/01/2019,09:16:45,15,0,19.1,1.1,85.5,85.3,2,1,1.00,CYCLE,S
IND,208,6592,59452,19/01/2019,09:17:09,15,1,32.5,1.0,56.0,55.8,2,1,1.00,CYCLE,N
IND,208,6592,59452,19/01/2019,09:17:13,15,1,27.1,1.1,4.0,3.9,2,1,1.00,CYCLE,N
IND,208,6592,59452,19/01/2019,09:17:14,15,1,25.8,1.0,1.3,1.1,2,1,1.00,CYCLE,N
IND,208,6592,59452,19/01/2019,09:17:21,15,1,20.3,1.0,6.8,6.7,2,1,0.67,CYCLE,N
IND,208,6592,59452,19/01/2019,09:18:40,15,1,21.3,1.0,79.4,79.2,2,1,1.00,CYCLE,N
IND,208,6592,59453,19/01/2019,09:19:27,15,0,28.7,1.0,161.6,161.4,2,1,1.00,CYCLE,S
IND,208,6592,59453,19/01/2019,09:19:28,15,0,31.4,1.0,1.6,1.4,2,1,1.00,CYCLE,S
IND,208,6592,59453,19/01/2019,09:19:32,15,0,24.9,1.0,3.3,3.2,2,1,1.00,CYCLE,S
IND,208,6592,59453,19/01/2019,09:19:36,15,0,20.3,1.0,4.8,4.6,2,1,1.00,CYCLE,S
IND,208,6592,59453,19/01/2019,09:19:37,15,0,21.9,1.1,1.0,0.8,2,1,1.00,CYCLE,S
IND,208,6592,59452,19/01/2019,09:20:58,15,1,16.0,1.1,137.7,137.6,2,1,1.00,CYCLE,N
IND,208,6592,59452,19/01/2019,09:22:17,15,1,27.5,1.0,78.6,78.4,2,1,1.00,CYCLE,N
IND,208,6592,59452,19/01/2019,09:22:19,15,1,22.7,1.0,2.0,1.9,2,1,1.00,CYCLE,N
IND,208,6592,59452,19/01/2019,09:22:19,15,1,22.7,1.0,0.0,0.0,2,1,1.00,CYCLE,N
IND,208,6592,59452,19/01/2019,09:22:31,15,1,15.2,1.0,12.8,12.6,2,1,1.00,CYCLE,N
IND,208,6592,59452,19/01/2019,09:22:32,15,1,14.0,1.1,0.9,0.7,2,1,1.00,CYCLE,N
IND,208,6592,59452,19/01/2019,09:22:33,15,1,14.9,1.1,0.5,0.2,2,1,1.00,CYCLE,N
IND,208,6592,59453,19/01/2019,09:23:07,15,0,27.8,1.0,209.8,209.6,2,1,1.00,CYCLE,S
IND,208,6592,59452,19/01/2019,09:23:40,15,1,28.6,1.1,67.6,67.3,2,1,1.00,CYCLE,N
IND,208,6592,59453,19/01/2019,09:24:10,15,0,24.9,1.1,62.8,62.7,2,1,1.00,CYCLE,S
IND,208,6592,59453,19/01/2019,09:24:39,15,0,20.2,1.0,29.3,29.2,2,1,1.00,CYCLE,S
IND,208,6592,59453,19/01/2019,09:24:39,15,0,20.2,1.0,0.0,0.0,2,1,1.00,CYCLE,S
IND,208,6592,59452,19/01/2019,09:25:27,15,1,31.1,1.0,106.7,106.5,2,1,1.00,CYCLE,N
IND,208,6592,59452,19/01/2019,09:25:33,15,1,30.3,1.0,6.0,5.9,2,1,1.00,CYCLE,N
IND,208,6592,59452,19/01/2019,09:25:33,15,1,28.7,1.0,0.3,0.2,2,1,1.00,CYCLE,N
IND,208,6592,59452,19/01/2019,09:25:35,15,1,23.7,1.0,1.4,1.3,2,1,1.00,CYCLE,N
IND,208,6592,59453,19/01/2019,09:26:02,15,0,18.9,1.1,82.6,82.3,2,1,1.00,CYCLE,S
IND,208,6592,59453,19/01/2019,09:26:14,15,0,16.5,1.0,12.1,11.9,2,1,0.86,CYCLE,S
IND,208,6592,59453,19/01/2019,09:26:37,15,0,19.8,1.1,23.3,23.1,2,1,1.00,CYCLE,S
IND,208,6592,59452,19/01/2019,09:28:19,15,1,20.4,1.0,164.0,163.8,2,1,1.00,CYCLE,N
IND,208,6592,59452,19/01/2019,09:28:20,15,1,20.3,1.1,0.8,0.6,2,1,1.00,CYCLE,N
IND,208,6592,59452,19/01/2019,09:29:28,15,1,28.7,1.0,68.1,67.9,2,1,1.00,CYCLE,N
IND,208,6592,59453,19/01/2019,09:29:38,15,0,17.0,1.0,181.1,180.9,2,1,1.00,CYCLE,S
IND,208,6592,59453,19/01/2019,09:29:57,15,0,22.1,1.1,18.5,18.3,2,1,1.00,CYCLE,S
IND,208,6592,59453,19/01/2019,09:30:52,15,0,10.4,1.0,55.1,54.9,2,1,1.00,CYCLE,S
IND,208,6592,59453,19/01/2019,09:30:53,15,0,11.4,1.1,0.6,0.2,2,1,1.00,CYCLE,S
IND,208,6592,59453,19/01/2019,09:32:20,15,0,18.1,1.1,87.1,86.7,2,1,1.00,CYCLE,S
IND,208,6592,59452,19/01/2019,09:32:53,15,1,23.5,1.0,204.9,204.8,2,1,1.00,CYCLE,N
IND,208,6592,59452,19/01/2019,09:32:54,15,1,22.6,1.0,1.9,1.7,2,1,1.00,CYCLE,N
IND,208,6592,59453,19/01/2019,09:33:17,15,0,24.0,1.1,57.3,57.1,2,1,1.00,CYCLE,S
IND,208,6592,59452,19/01/2019,09:33:22,15,1,25.2,1.0,28.0,27.8,2,1,1.00,CYCLE,N
IND,208,6592,59453,19/01/2019,09:33:43,15,0,13.6,1.0,26.2,26.1,2,1,1.00,CYCLE,S
IND,208,6592,59453,19/01/2019,09:33:44,15,0,13.5,1.0,0.6,0.3,2,1,1.00,CYCLE,S
IND,208,6592,59453,19/01/2019,09:34:46,15,0,20.3,1.0,62.6,62.4,2,1,1.00,CYCLE,S
IND,208,6592,59452,19/01/2019,09:34:53,15,1,28.4,1.0,90.5,90.3,2,1,1.00,CYCLE,N
IND,208,6592,59452,19/01/2019,09:34:56,15,1,27.5,1.0,2.9,2.8,2,1,1.00,CYCLE,N
IND,208,6592,59453,19/01/2019,09:34:58,15,0,26.1,1.0,11.5,11.3,2,1,1.00,CYCLE,S
IND,208,6592,59452,19/01/2019,09:35:00,15,1,23.7,1.0,3.9,3.8,2,1,1.00,CYCLE,N
IND,208,6592,59452,19/01/2019,09:35:00,15,1,23.7,1.0,0.0,0.0,2,1,1.00,CYCLE,N
IND,208,6592,59453,19/01/2019,09:35:37,15,0,16.3,1.1,39.5,39.4,2,1,1.00,CYCLE,S
IND,208,6592,59453,19/01/2019,09:35:39,15,0,17.4,1.1,1.5,1.3,2,1,1.00,CYCLE,S
IND,208,6592,59453,19/01/2019,09:35:49,15,0,20.8,1.1,10.0,9.7,2,1,1.00,CYCLE,S
IND,208,6592,59453,19/01/2019,09:36:00,15,0,29.6,1.0,10.7,10.5,2,1,1.00,CYCLE,S
IND,208,6592,59452,19/01/2019,09:36:08,15,1,29.7,1.0,67.9,67.7,2,1,1.00,CYCLE,N
IND,208,6592,59453,19/01/2019,09:36:12,15,0,21.2,1.1,12.1,12.0,2,1,1.00,CYCLE,S
IND,208,6592,59453,19/01/2019,09:36:21,15,0,22.3,1.1,9.2,9.0,2,1,1.00,CYCLE,S
IND,208,6592,59453,19/01/2019,09:36:27,15,0,16.9,1.1,6.0,5.8,2,1,1.00,CYCLE,S
IND,208,6592,59453,19/01/2019,09:36:27,15,0,19.1,1.1,0.3,0.1,2,1,1.00,CYCLE,S
IND,208,6592,59452,19/01/2019,09:36:41,15,1,24.5,1.1,33.7,33.6,2,1,1.00,CYCLE,N
IND,208,6592,59453,19/01/2019,09:37:44,15,0,18.1,1.1,76.8,76.6,2,1,1.00,CYCLE,S
IND,208,6592,59453,19/01/2019,09:37:47,15,0,18.3,1.1,2.9,2.7,2,1,1.00,CYCLE,S
IND,208,6592,59452,19/01/2019,09:37:59,15,1,26.3,1.1,77.3,77.1,2,1,1.00,CYCLE,N
IND,208,6592,59452,19/01/2019,09:38:00,15,1,28.5,1.0,1.1,1.0,2,1,1.00,CYCLE,N
IND,208,6592,59453,19/01/2019,09:39:07,15,0,23.1,1.1,79.7,79.5,2,1,1.00,CYCLE,S
IND,208,6592,59453,19/01/2019,09:39:14,15,0,27.5,1.0,7.8,7.6,2,1,1.00,CYCLE,S
IND,208,6592,59452,19/01/2019,09:39:16,15,1,23.6,1.1,76.3,76.1,2,1,1.00,CYCLE,N
IND,208,6592,59453,19/01/2019,09:39:20,15,0,18.5,1.0,5.9,5.7,2,1,1.00,CYCLE,S
IND,208,6592,59453,19/01/2019,09:39:21,15,0,20.4,1.0,0.6,0.4,2,1,0.57,CYCLE,S
IND,208,6592,59453,19/01/2019,09:39:21,15,0,20.4,1.0,0.0,0.0,2,1,0.57,CYCLE,S
IND,208,6592,59453,19/01/2019,09:40:56,15,0,25.1,1.1,94.7,94.4,2,1,1.00,CYCLE,S
IND,208,6592,59452,19/01/2019,09:40:56,15,1,28.4,1.1,100.3,100.1,2,1,1.00,CYCLE,N
IND,208,6592,59452,19/01/2019,09:41:02,15,1,21.8,1.1,5.6,5.4,2,1,1.00,CYCLE,N
IND,208,6592,59453,19/01/2019,09:41:27,15,0,24.7,1.0,31.7,31.6,2,1,1.00,CYCLE,S
IND,208,6592,59453,19/01/2019,09:41:36,15,0,23.8,1.0,9.1,8.9,2,1,1.00,CYCLE,S
IND,208,6592,59452,19/01/2019,09:41:47,15,1,21.6,1.0,45.5,45.3,2,1,1.00,CYCLE,N
IND,208,6592,59452,19/01/2019,09:41:47,15,1,21.6,1.0,0.0,0.0,2,1,1.00,CYCLE,N
IND,208,6592,59453,19/01/2019,09:42:09,15,0,29.0,1.0,33.0,32.9,2,1,1.00,CYCLE,S
IND,208,6592,59453,19/01/2019,09:42:09,15,0,29.0,1.0,0.0,0.0,2,1,1.00,CYCLE,S
IND,208,6592,59453,19/01/2019,09:42:48,15,0,21.7,1.0,38.1,37.9,2,1,1.00,CYCLE,S
IND,208,6592,59453,19/01/2019,09:44:27,15,0,24.4,1.1,99.4,99.2,2,1,1.00,CYCLE,S
IND,208,6592,59452,19/01/2019,09:45:23,15,1,17.3,1.0,215.6,215.4,2,1,1.00,CYCLE,N
IND,208,6592,59452,19/01/2019,09:45:37,15,1,29.8,1.1,13.9,13.7,2,1,1.00,CYCLE,N
IND,208,6592,59452,19/01/2019,09:45:38,15,1,28.2,1.0,1.6,1.5,2,1,1.00,CYCLE,N
IND,208,6592,59452,19/01/2019,09:45:38,15,1,28.2,1.0,0.0,0.0,2,1,1.00,CYCLE,N
IND,208,6592,59452,19/01/2019,09:45:44,15,1,25.9,1.1,5.3,5.1,2,1,1.00,CYCLE,N
IND,208,6592,59452,19/01/2019,09:46:49,15,1,18.3,1.0,65.3,65.2,2,1,0.86,CYCLE,N
IND,208,6592,59452,19/01/2019,09:46:51,15,1,16.2,1.0,2.4,2.1,2,1,1.00,CYCLE,N
IND,208,6592,59452,19/01/2019,09:46:51,15,1,16.2,1.0,0.0,0.0,2,1,1.00,CYCLE,N
IND,208,6592,59453,19/01/2019,09:48:27,15,0,24.9,1.0,240.2,240.0,2,1,1.00,CYCLE,S
IND,208,6592,59452,19/01/2019,09:49:32,15,1,21.9,1.0,160.8,160.5,2,1,1.00,CYCLE,N
IND,208,6592,59452,19/01/2019,09:49:32,15,1,21.9,1.0,0.0,0.0,2,1,1.00,CYCLE,N
IND,208,6592,59453,19/01/2019,09:52:38,15,0,28.8,1.2,251.4,251.3,2,1,1.00,CYCLE,S
IND,208,6592,59452,19/01/2019,09:52:39,15,1,30.0,1.0,187.1,186.9,2,1,1.00,CYCLE,N
IND,208,6592,59453,19/01/2019,09:53:21,15,0,27.2,1.0,42.4,42.3,2,1,1.00,CYCLE,S
IND,208,6592,59453,19/01/2019,09:53:27,15,0,20.8,1.1,6.3,6.2,2,1,1.00,CYCLE,S
IND,208,6592,59453,19/01/2019,09:55:17,15,0,28.1,1.0,109.4,109.2,2,1,1.00,CYCLE,S
IND,208,6592,59453,19/01/2019,09:55:30,15,0,19.9,1.1,13.5,13.3,2,1,1.00,CYCLE,S
IND,208,6592,59453,19/01/2019,09:55:32,15,0,19.8,1.0,2.3,2.2,2,1,1.00,CYCLE,S
IND,208,6592,59452,19/01/2019,09:55:56,15,1,29.4,1.0,196.8,196.7,2,1,1.00,CYCLE,N
IND,208,6592,59452,19/01/2019,09:56:01,15,1,24.9,1.0,4.5,4.4,2,1,1.00,CYCLE,N
IND,208,6592,59452,19/01/2019,09:56:28,15,1,26.3,1.0,27.0,26.8,2,1,1.00,CYCLE,N
IND,208,6592,59453,19/01/2019,09:56:38,15,0,23.8,1.1,65.6,65.4,2,1,1.00,CYCLE,S
IND,208,6592,59453,19/01/2019,09:59:49,15,0,24.0,1.0,191.2,191.0,2,1,1.00,CYCLE,S
IND,208,6592,59453,19/01/2019,10:00:24,15,0,23.1,1.0,34.5,34.4,2,1,1.00,CYCLE,S
IND,208,6592,59453,19/01/2019,10:01:34,15,0,26.0,1.0,70.2,70.0,2,1,1.00,CYCLE,S
IND,208,6592,59453,19/01/2019,10:01:35,15,0,28.4,1.0,1.0,0.8,2,1,1.00,CYCLE,S
IND,208,6592,59453,19/01/2019,10:01:35,15,0,28.4,1.0,0.0,0.0,2,1,1.00,CYCLE,S
IND,208,6592,59453,19/01/2019,10:01:39,15,0,29.3,1.0,4.0,3.8,2,1,1.00,CYCLE,S
IND,208,6592,59452,19/01/2019,10:01:52,15,1,27.7,1.0,324.5,324.3,2,1,1.00,CYCLE,N
IND,208,6592,59452,19/01/2019,10:01:52,15,1,27.7,1.0,0.0,0.0,2,1,1.00,CYCLE,N
IND,208,6592,59452,19/01/2019,10:01:53,15,1,27.6,1.0,0.7,0.5,2,1,1.00,CYCLE,N
IND,208,6592,59452,19/01/2019,10:01:56,15,1,27.6,1.0,3.5,3.4,2,1,1.00,CYCLE,N
IND,208,6592,59452,19/01/2019,10:01:59,15,1,30.1,1.0,2.9,2.8,2,1,1.00,CYCLE,N
IND,208,6592,59452,19/01/2019,10:02:02,15,1,20.1,1.1,2.6,2.5,2,1,1.00,CYCLE,N
IND,208,6592,59452,19/01/2019,10:03:30,15,1,37.6,1.0,88.6,88.4,2,1,1.00,CYCLE,N
IND,208,6592,59452,19/01/2019,10:04:04,15,1,23.4,1.0,33.9,33.8,2,1,1.00,CYCLE,N
IND,208,6592,59452,19/01/2019,10:04:08,15,1,21.0,1.1,3.4,3.3,2,1,1.00,CYCLE,N
IND,208,6592,59453,19/01/2019,10:04:08,15,0,22.6,1.0,149.7,149.6,2,1,1.00,CYCLE,S
IND,208,6592,59453,19/01/2019,10:04:12,15,0,20.9,1.1,3.7,3.6,2,1,1.00,CYCLE,S
IND,208,6592,59453,19/01/2019,10:04:17,15,0,19.7,1.1,4.4,4.2,2,1,1.00,CYCLE,S
IND,208,6592,59453,19/01/2019,10:05:19,15,0,21.9,1.0,62.0,61.8,2,1,1.00,CYCLE,S
IND,208,6592,59453,19/01/2019,10:05:19,15,0,21.9,1.0,0.0,0.0,2,1,1.00,CYCLE,S
IND,208,6592,59453,19/01/2019,10:05:53,15,0,29.7,1.0,34.7,34.4,2,1,1.00,CYCLE,S
IND,208,6592,59453,19/01/2019,10:06:00,15,0,22.0,1.0,6.9,6.8,2,1,1.00,CYCLE,S
IND,208,6592,59453,19/01/2019,10:06:02,15,0,22.5,1.1,1.7,1.5,2,1,1.00,CYCLE,S
IND,208,6592,59453,19/01/2019,10:07:32,15,0,20.0,1.1,90.3,90.1,2,1,1.00,CYCLE,S
IND,208,6592,59452,19/01/2019,10:07:38,15,1,28.5,1.0,210.2,210.0,2,1,1.00,CYCLE,N
IND,208,6592,59452,19/01/2019,10:07:39,15,1,27.8,1.0,1.2,1.1,2,1,1.00,CYCLE,N
IND,208,6592,59452,19/01/2019,10:07:45,15,1,21.4,1.1,5.6,5.5,2,1,1.00,CYCLE,N
IND,208,6592,59452,19/01/2019,10:08:58,15,1,28.6,1.0,72.7,72.5,2,1,1.00,CYCLE,N
IND,208,6592,59452,19/01/2019,10:09:00,15,1,30.6,1.0,2.1,2.0,2,1,1.00,CYCLE,N
IND,208,6592,59452,19/01/2019,10:09:06,15,1,27.1,1.1,6.3,6.2,2,1,1.00,CYCLE,N
IND,208,6592,59452,19/01/2019,10:09:10,15,1,28.1,1.0,4.2,4.1,2,1,1.00,CYCLE,N
IND,208,6592,59453,19/01/2019,10:10:33,15,0,22.7,1.1,180.4,180.2,2,1,1.00,CYCLE,S
IND,208,6592,59453,19/01/2019,10:11:19,15,0,14.0,1.1,46.5,46.3,2,1,1.00,CYCLE,S
IND,208,6592,59453,19/01/2019,10:11:20,15,0,13.4,0.7,1.4,1.1,2,1,1.00,CYCLE,S
IND,208,6592,59452,19/01/2019,10:11:35,15,1,28.3,1.0,145.1,145.0,2,1,1.00,CYCLE,N
IND,208,6592,59452,19/01/2019,10:11:36,15,1,27.5,1.0,0.8,0.7,2,1,1.00,CYCLE,N
IND,208,6592,59453,19/01/2019,10:12:33,15,0,19.7,1.1,72.1,71.9,2,1,1.00,CYCLE,S
IND,208,6592,59452,19/01/2019,10:13:09,15,1,27.3,1.0,93.3,93.1,2,1,1.00,CYCLE,N
IND,208,6592,59452,19/01/2019,10:13:10,15,1,27.8,1.0,0.4,0.2,2,1,1.00,CYCLE,N
IND,208,6592,59452,19/01/2019,10:13:12,15,1,26.9,1.0,1.9,1.7,2,1,1.00,CYCLE,N
IND,208,6592,59452,19/01/2019,10:13:13,15,1,23.4,1.0,1.2,1.1,2,1,1.00,CYCLE,N
IND,208,6592,59453,19/01/2019,10:13:34,15,0,18.8,1.0,61.2,61.0,2,1,1.00,CYCLE,S
IND,208,6592,59453,19/01/2019,10:13:46,15,0,30.0,1.0,11.9,11.7,2,1,1.00,CYCLE,S
IND,208,6592,59453,19/01/2019,10:13:46,15,0,11.9,1.1,0.6,0.5,2,1,1.00,CYCLE,S
IND,208,6592,59453,19/01/2019,10:13:47,15,0,30.8,1.0,0.5,0.1,2,1,1.00,CYCLE,S
IND,208,6592,59453,19/01/2019,10:13:49,15,0,13.0,1.1,2.3,2.2,2,1,1.00,CYCLE,S
IND,208,6592,59453,19/01/2019,10:13:55,15,0,27.5,1.0,5.9,5.6,2,1,1.00,CYCLE,S
IND,208,6592,59453,19/01/2019,10:13:55,15,0,28.0,1.0,0.4,0.2,2,1,1.00,CYCLE,S
IND,208,6592,59453,19/01/2019,10:13:58,15,0,21.5,1.1,2.8,2.7,2,1,1.00,CYCLE,S
IND,208,6592,59453,19/01/2019,10:14:12,15,0,15.3,1.1,6.2,6.0,2,1,1.00,CYCLE,S
IND,208,6592,59453,19/01/2019,10:15:21,15,0,23.0,1.1,69.8,69.6,2,1,1.00,CYCLE,S
IND,208,6592,59452,19/01/2019,10:15:32,15,1,27.0,1.0,139.7,139.6,2,1,1.00,CYCLE,N
IND,208,6592,59452,19/01/2019,10:15:34,15,1,30.3,1.0,1.9,1.8,2,1,1.00,CYCLE,N
IND,208,6592,59453,19/01/2019,10:16:33,15,0,17.4,1.1,71.3,71.1,2,1,1.00,CYCLE,S
IND,208,6592,59453,19/01/2019,10:16:34,15,0,17.1,1.1,1.7,1.5,2,1,1.00,CYCLE,S
IND,208,6592,59452,19/01/2019,10:16:44,15,1,21.9,1.0,69.7,69.6,2,1,1.00,CYCLE,N
IND,208,6592,59453,19/01/2019,10:17:45,15,0,24.9,1.0,70.8,70.6,2,1,1.00,CYCLE,S
IND,208,6592,59452,19/01/2019,10:18:15,15,1,27.7,1.0,90.8,90.6,2,1,1.00,CYCLE,N
IND,208,6592,59452,19/01/2019,10:18:15,15,1,28.2,1.0,0.4,0.3,2,1,1.00,CYCLE,N
IND,208,6592,59453,19/01/2019,10:18:22,15,0,20.7,1.1,36.5,36.4,2,1,1.00,CYCLE,S
IND,208,6592,59452,19/01/2019,10:20:30,15,1,23.9,1.1,134.4,134.3,2,1,1.00,CYCLE,N
IND,208,6592,59453,19/01/2019,10:21:58,15,0,20.3,1.0,216.6,216.4,2,1,1.00,CYCLE,S
IND,208,6592,59453,19/01/2019,10:21:58,15,0,20.3,1.0,0.0,0.0,2,1,1.00,CYCLE,S
IND,208,6592,59452,19/01/2019,10:22:01,15,1,29.9,1.0,91.3,91.1,2,1,1.00,CYCLE,N
IND,208,6592,59453,19/01/2019,10:22:41,15,0,20.7,1.1,42.8,42.5,2,1,1.00,CYCLE,S
IND,208,6592,59453,19/01/2019,10:22:55,15,0,20.4,1.0,13.5,13.3,2,1,1.00,CYCLE,S
IND,208,6592,59453,19/01/2019,10:23:11,15,0,21.1,1.0,16.9,16.7,2,1,1.00,CYCLE,S
IND,208,6592,59453,19/01/2019,10:23:29,15,0,16.2,1.1,17.4,17.2,2,1,1.00,CYCLE,S
IND,208,6592,59453,19/01/2019,10:23:30,15,0,16.4,1.1,0.8,0.5,2,1,1.00,CYCLE,S
IND,208,6592,59453,19/01/2019,10:23:33,15,0,17.0,1.0,3.5,3.2,2,1,1.00,CYCLE,S
IND,208,6592,59452,19/01/2019,10:24:22,15,1,23.9,1.1,141.3,141.2,2,1,1.00,CYCLE,N
IND,208,6592,59452,19/01/2019,10:26:11,15,1,21.9,1.0,109.0,108.8,2,1,1.00,CYCLE,N
IND,208,6592,59452,19/01/2019,10:26:11,15,1,21.9,1.0,0.0,0.0,2,1,1.00,CYCLE,N
IND,208,6592,59452,19/01/2019,10:26:13,15,1,23.4,1.0,1.2,0.9,2,1,1.00,CYCLE,N
IND,208,6592,59452,19/01/2019,10:26:13,15,1,23.4,1.0,0.0,0.0,2,1,1.00,CYCLE,N
IND,208,6592,59452,19/01/2019,10:26:41,15,1,25.5,1.0,28.1,27.9,2,1,1.00,CYCLE,N
IND,208,6592,59453,19/01/2019,10:26:52,15,0,23.1,1.1,199.4,199.2,2,1,1.00,CYCLE,S
IND,208,6592,59453,19/01/2019,10:26:57,15,0,18.8,1.0,4.7,4.5,2,1,1.00,CYCLE,S
IND,208,6592,59453,19/01/2019,10:26:57,15,0,18.8,1.0,0.0,0.0,2,1,1.00,CYCLE,S
IND,208,6592,59452,19/01/2019,10:27:43,15,1,26.7,1.0,62.0,61.9,2,1,1.00,CYCLE,N
IND,208,6592,59452,19/01/2019,10:27:45,15,1,24.5,1.0,2.4,2.2,2,1,1.00,CYCLE,N
IND,208,6592,59452,19/01/2019,10:27:55,15,1,19.2,1.0,10.0,9.8,2,1,1.00,CYCLE,N
IND,208,6592,59452,19/01/2019,10:27:58,15,1,20.0,1.1,2.8,2.6,2,1,1.00,CYCLE,N
IND,208,6592,59453,19/01/2019,10:28:31,15,0,22.6,1.1,94.0,93.8,2,1,1.00,CYCLE,S
IND,208,6592,59452,19/01/2019,10:29:22,15,1,30.3,1.0,83.7,83.5,2,1,1.00,CYCLE,N
IND,208,6592,59452,19/01/2019,10:29:23,15,1,28.6,1.0,1.3,1.1,2,1,1.00,CYCLE,N
IND,208,6592,59452,19/01/2019,10:29:29,15,1,26.4,1.0,6.3,6.1,2,1,1.00,CYCLE,N
IND,208,6592,59453,19/01/2019,10:29:30,15,0,22.1,1.0,58.3,58.2,2,1,1.00,CYCLE,S
IND,208,6592,59452,19/01/2019,10:30:02,15,1,20.3,1.0,33.1,33.0,2,1,1.00,CYCLE,N
IND,208,6592,59453,19/01/2019,10:30:35,15,0,19.3,1.1,65.6,65.5,2,1,1.00,CYCLE,S
IND,208,6592,59452,19/01/2019,10:31:35,15,1,24.8,1.0,92.6,92.4,2,1,1.00,CYCLE,N
IND,208,6592,59453,19/01/2019,10:32:02,15,0,20.7,1.0,86.9,86.7,2,1,1.00,CYCLE,S
IND,208,6592,59453,19/01/2019,10:32:03,15,0,20.5,1.0,0.5,0.3,2,1,1.00,CYCLE,S
IND,208,6592,59453,19/01/2019,10:33:22,15,0,17.9,1.1,79.4,79.2,2,1,1.00,CYCLE,S
IND,208,6592,59453,19/01/2019,10:33:25,15,0,16.3,1.1,2.6,2.3,2,1,1.00,CYCLE,S
IND,208,6592,59453,19/01/2019,10:33:27,15,0,16.8,1.1,2.1,1.9,2,1,1.00,CYCLE,S
IND,208,6592,59452,19/01/2019,10:35:13,15,1,20.2,1.0,218.6,218.5,2,1,1.00,CYCLE,N
IND,208,6592,59453,19/01/2019,10:35:54,15,0,20.8,1.0,147.4,147.2,2,1,1.00,CYCLE,S
IND,208,6592,59453,19/01/2019,10:35:57,15,0,16.0,1.1,3.2,3.0,2,1,1.00,CYCLE,S
IND,208,6592,59452,19/01/2019,10:36:27,15,1,34.9,1.0,73.8,73.6,2,1,1.00,CYCLE,N
IND,208,6592,59452,19/01/2019,10:37:11,15,1,26.1,1.1,44.0,43.9,2,1,1.00,CYCLE,N
IND,208,6592,59453,19/01/2019,10:37:28,15,0,21.3,1.0,90.8,90.6,2,1,1.00,CYCLE,S
IND,208,6592,59453,19/01/2019,10:37:28,15,0,21.3,1.0,0.0,0.0,2,1,1.00,CYCLE,S
IND,208,6592,59453,19/01/2019,10:37:32,15,0,24.0,1.1,4.3,4.0,2,1,1.00,CYCLE,S
IND,208,6592,59452,19/01/2019,10:38:48,15,1,22.5,1.0,96.5,96.3,2,1,1.00,CYCLE,N
IND,208,6592,59452,19/01/2019,10:38:48,15,1,23.7,1.0,0.9,0.7,2,1,1.00,CYCLE,N
IND,208,6592,59453,19/01/2019,10:39:19,15,0,25.2,1.1,106.2,106.1,2,1,1.00,CYCLE,S
IND,208,6592,59453,19/01/2019,10:41:18,15,0,21.0,1.1,119.7,119.5,2,1,1.00,CYCLE,S
IND,208,6592,59453,19/01/2019,10:41:20,15,0,22.0,1.1,1.4,1.2,2,1,1.00,CYCLE,S
IND,208,6592,59453,19/01/2019,10:41:25,15,0,19.7,1.0,5.6,5.4,2,1,1.00,CYCLE,S
IND,208,6592,59453,19/01/2019,10:41:25,15,0,19.7,1.0,0.0,0.0,2,1,1.00,CYCLE,S
IND,208,6592,59453,19/01/2019,10:41:27,15,0,19.8,1.1,1.4,1.1,2,1,1.00,CYCLE,S
IND,208,6592,59453,19/01/2019,10:41:56,15,0,20.5,1.0,29.4,29.2,2,1,1.00,CYCLE,S
IND,208,6592,59453,19/01/2019,10:41:57,15,0,20.7,1.1,0.7,0.5,2,1,1.00,CYCLE,S
IND,208,6592,59453,19/01/2019,10:42:02,15,0,18.7,1.1,5.3,5.1,2,1,1.00,CYCLE,S
IND,208,6592,59452,19/01/2019,10:42:35,15,1,12.4,1.1,226.6,226.5,2,1,1.00,CYCLE,N
IND,208,6592,59452,19/01/2019,10:42:36,15,1,12.5,1.1,1.0,0.6,2,1,1.00,CYCLE,N
IND,208,6592,59452,19/01/2019,10:42:38,15,1,13.2,1.0,1.8,1.5,2,1,1.00,CYCLE,N
IND,208,6592,59452,19/01/2019,10:43:44,15,1,25.5,1.1,66.0,65.7,2,1,1.00,CYCLE,N
IND,208,6592,59452,19/01/2019,10:43:45,15,1,29.3,1.0,1.6,1.4,2,1,1.00,CYCLE,N
IND,208,6592,59452,19/01/2019,10:43:47,15,1,18.2,1.1,1.8,1.7,2,1,1.00,CYCLE,N
IND,208,6592,59452,19/01/2019,10:44:17,15,1,31.5,1.0,29.6,29.3,2,1,1.00,CYCLE,N
IND,208,6592,59453,19/01/2019,10:44:19,15,0,25.3,1.1,137.4,137.2,2,1,1.00,CYCLE,S
IND,208,6592,59452,19/01/2019,10:44:49,15,1,24.0,1.1,32.4,32.3,2,1,1.00,CYCLE,N
IND,208,6592,59453,19/01/2019,10:45:07,15,0,26.8,1.0,47.5,47.4,2,1,1.00,CYCLE,S
IND,208,6592,59452,19/01/2019,10:46:49,15,1,15.7,1.0,119.4,119.3,2,1,0.86,CYCLE,N
IND,208,6592,59453,19/01/2019,10:47:09,15,0,20.2,1.1,121.8,121.7,2,1,1.00,CYCLE,S
IND,208,6592,59453,19/01/2019,10:47:12,15,0,20.2,1.1,3.0,2.8,2,1,1.00,CYCLE,S
IND,208,6592,59452,19/01/2019,10:47:26,15,1,30.3,1.0,37.0,36.7,2,1,1.00,CYCLE,N
IND,208,6592,59452,19/01/2019,10:47:35,15,1,30.5,1.0,9.7,9.6,2,1,1.00,CYCLE,N
IND,208,6592,59452,19/01/2019,10:47:36,15,1,29.1,1.0,1.0,0.9,2,1,1.00,CYCLE,N
IND,208,6592,59453,19/01/2019,10:47:54,15,0,21.9,1.1,42.1,41.9,2,1,1.00,CYCLE,S
IND,208,6592,59453,19/01/2019,10:47:54,15,0,24.2,1.1,0.5,0.3,2,1,1.00,CYCLE,S
IND,208,6592,59452,19/01/2019,10:48:42,15,1,30.4,1.0,66.0,65.9,2,1,1.00,CYCLE,N
IND,208,6592,59452,19/01/2019,10:48:43,15,1,30.3,1.0,0.3,0.2,2,1,1.00,CYCLE,N
IND,208,6592,59453,19/01/2019,10:49:00,15,0,13.0,1.0,65.3,65.2,2,1,1.00,CYCLE,S
IND,208,6592,59453,19/01/2019,10:49:00,15,0,14.4,1.1,0.9,0.6,2,1,1.00,CYCLE,S
IND,208,6592,59453,19/01/2019,10:49:53,15,0,22.7,1.0,52.8,52.5,2,1,1.00,CYCLE,S
IND,208,6592,59453,19/01/2019,10:50:31,15,0,29.8,1.0,38.1,37.9,2,1,1.00,CYCLE,S
IND,208,6592,59453,19/01/2019,10:51:55,15,0,22.2,1.1,83.3,83.2,2,1,1.00,CYCLE,S
IND,208,6592,59453,19/01/2019,10:51:56,15,0,15.8,1.0,1.2,1.0,2,1,1.00,CYCLE,S
IND,208,6592,59452,19/01/2019,10:53:20,15,1,28.6,1.2,146.2,144.2,2,1,1.00,CYCLE,N
IND,208,6592,59452,19/01/2019,10:53:32,15,1,19.6,1.0,12.1,12.0,2,1,1.00,CYCLE,N
IND,208,6592,59452,19/01/2019,10:53:32,15,1,19.4,1.0,0.6,0.4,2,1,1.00,CYCLE,N
IND,208,6592,59452,19/01/2019,10:53:37,15,1,15.2,1.0,4.6,4.4,2,1,1.00,CYCLE,N
IND,208,6592,59452,19/01/2019,10:53:39,15,1,25.1,1.0,1.8,1.5,2,1,1.00,CYCLE,N
IND,208,6592,59452,19/01/2019,10:54:44,15,1,29.4,1.0,65.5,65.3,2,1,1.00,CYCLE,N
IND,208,6592,59453,19/01/2019,10:54:59,15,0,26.3,1.0,183.3,183.0,2,1,1.00,CYCLE,S
IND,208,6592,59453,19/01/2019,10:55:05,15,0,23.5,1.0,5.9,5.7,2,1,1.00,CYCLE,S
IND,208,6592,59453,19/01/2019,10:55:10,15,0,21.0,1.0,4.8,4.7,2,1,1.00,CYCLE,S
IND,208,6592,59452,19/01/2019,10:56:24,15,1,31.7,1.0,100.1,99.9,2,1,1.00,CYCLE,N
IND,208,6592,59453,19/01/2019,10:56:28,15,0,22.0,1.0,78.5,78.4,2,1,1.00,CYCLE,S
IND,208,6592,59453,19/01/2019,10:57:23,15,0,24.0,1.1,55.0,54.8,2,1,1.00,CYCLE,S
IND,208,6592,59453,19/01/2019,10:58:09,15,0,24.2,1.0,45.8,45.6,2,1,1.00,CYCLE,S
IND,208,6592,59452,19/01/2019,10:58:33,15,1,24.6,1.0,128.9,128.8,2,1,1.00,CYCLE,N
IND,208,6592,59452,19/01/2019,10:59:09,15,1,17.6,1.0,35.7,35.6,2,1,1.00,CYCLE,N
IND,208,6592,59453,19/01/2019,11:00:27,15,0,18.0,1.1,137.8,137.6,2,1,1.00,CYCLE,S
IND,208,6592,59453,19/01/2019,11:00:29,15,0,29.1,1.0,2.3,2.0,2,1,1.00,CYCLE,S
IND,208,6592,59452,19/01/2019,11:00:40,15,1,31.6,1.0,91.2,91.0,2,1,1.00,CYCLE,N
IND,208,6592,59452,19/01/2019,11:00:46,15,1,26.0,1.1,5.7,5.5,2,1,1.00,CYCLE,N
IND,208,6592,59452,19/01/2019,11:02:10,15,1,22.7,1.1,84.5,84.4,2,1,1.00,CYCLE,N
IND,208,6592,59452,19/01/2019,11:06:17,15,1,24.9,1.0,246.5,246.3,2,1,1.00,CYCLE,N
IND,208,6592,59453,19/01/2019,11:07:55,15,0,16.8,1.0,446.3,446.2,2,1,1.00,CYCLE,S
IND,208,6592,59452,19/01/2019,11:08:11,15,1,16.3,1.0,114.6,114.5,2,1,1.00,CYCLE,N
IND,208,6592,59452,19/01/2019,11:08:12,15,1,14.5,0.9,1.0,0.8,2,1,1.00,CYCLE,N
IND,208,6592,59453,19/01/2019,11:08:26,15,0,24.4,1.0,30.4,30.2,2,1,1.00,CYCLE,S
IND,208,6592,59452,19/01/2019,11:08:27,15,1,23.0,1.0,15.0,14.7,2,1,1.00,CYCLE,N
IND,208,6592,59452,19/01/2019,11:08:29,15,1,23.0,1.1,1.3,1.1,2,1,1.00,CYCLE,N
IND,208,6592,59452,19/01/2019,11:09:32,15,1,29.9,1.0,63.8,63.7,2,1,1.00,CYCLE,N
IND,208,6592,59452,19/01/2019,11:09:37,15,1,30.0,0.9,4.9,4.8,2,1,1.00,CYCLE,N
IND,208,6592,59453,19/01/2019,11:10:18,15,0,22.5,1.1,111.7,111.6,2,1,1.00,CYCLE,S
IND,208,6592,59452,19/01/2019,11:11:20,15,1,32.1,1.0,103.1,103.0,2,1,1.00,CYCLE,N
IND,208,6592,59452,19/01/2019,11:11:26,15,1,24.9,1.0,5.1,5.0,2,1,1.00,CYCLE,N
IND,208,6592,59452,19/01/2019,11:13:49,15,1,16.7,1.1,143.7,143.5,2,1,1.00,CYCLE,N
IND,208,6592,59453,19/01/2019,11:13:58,15,0,24.0,1.1,220.1,219.9,2,1,1.00,CYCLE,S
IND,208,6592,59453,19/01/2019,11:14:57,15,0,25.3,1.1,59.4,59.2,2,1,1.00,CYCLE,S
IND,208,6592,59452,19/01/2019,11:14:58,15,1,28.2,1.0,68.7,68.5,2,1,1.00,CYCLE,N
IND,208,6592,59453,19/01/2019,11:15:07,15,0,16.8,1.0,10.0,9.8,2,1,1.00,CYCLE,S
IND,208,6592,59453,19/01/2019,11:15:09,15,0,15.2,1.1,2.2,2.0,2,1,1.00,CYCLE,S
IND,208,6592,59453,19/01/2019,11:15:50,15,0,20.5,1.0,41.0,40.8,2,1,1.00,CYCLE,S
IND,208,6592,59453,19/01/2019,11:15:57,15,0,31.6,1.1,6.5,6.3,2,1,1.00,CYCLE,S
IND,208,6592,59453,19/01/2019,11:16:01,15,0,25.9,1.0,4.2,4.0,2,1,1.00,CYCLE,S
IND,208,6592,59453,19/01/2019,11:16:41,15,0,17.3,1.0,40.1,40.0,2,1,1.00,CYCLE,S
IND,208,6592,59453,19/01/2019,11:16:42,15,0,18.0,1.0,0.6,0.4,2,1,1.00,CYCLE,S
IND,208,6592,59453,19/01/2019,11:16:44,15,0,21.5,1.1,2.3,2.1,2,1,1.00,CYCLE,S
IND,208,6592,59453,19/01/2019,11:16:50,15,0,16.7,1.1,5.9,5.8,2,1,1.00,CYCLE,S
IND,208,6592,59452,19/01/2019,11:17:35,15,1,28.7,1.0,156.8,156.7,2,1,1.00,CYCLE,N
IND,208,6592,59452,19/01/2019,11:17:35,15,1,28.7,1.0,0.0,0.0,2,1,1.00,CYCLE,N
IND,208,6592,59452,19/01/2019,11:17:44,15,1,18.7,1.0,9.7,9.5,2,1,1.00,CYCLE,N
IND,208,6592,59452,19/01/2019,11:17:48,15,1,16.9,1.1,3.5,3.3,2,1,1.00,CYCLE,N
IND,208,6592,59453,19/01/2019,11:19:08,15,0,29.4,1.0,72.4,72.1,2,1,1.00,CYCLE,S
IND,208,6592,59453,19/01/2019,11:19:28,15,0,23.5,1.1,19.8,19.7,2,1,1.00,CYCLE,S
IND,208,6592,59452,19/01/2019,11:19:41,15,1,19.1,1.0,113.4,113.1,2,1,1.00,CYCLE,N
IND,208,6592,59453,19/01/2019,11:19:56,15,0,24.9,1.0,27.7,27.5,2,1,1.00,CYCLE,S
IND,208,6592,59453,19/01/2019,11:20:46,15,0,24.9,1.0,49.8,49.6,2,1,1.00,CYCLE,S
IND,208,6592,59452,19/01/2019,11:21:10,15,1,26.7,1.0,88.6,88.4,2,1,1.00,CYCLE,N
IND,208,6592,59452,19/01/2019,11:21:15,15,1,22.2,1.0,5.5,5.4,2,1,1.00,CYCLE,N
IND,208,6592,59453,19/01/2019,11:22:57,15,0,19.9,1.1,131.6,131.5,2,1,1.00,CYCLE,S
IND,208,6592,59452,19/01/2019,11:23:37,15,1,31.1,1.0,141.7,141.5,2,1,1.00,CYCLE,N
IND,208,6592,59453,19/01/2019,11:23:38,15,0,24.7,1.0,40.6,40.4,2,1,1.00,CYCLE,S
IND,208,6592,59452,19/01/2019,11:23:38,15,1,29.3,1.1,0.9,0.8,2,1,1.00,CYCLE,N
IND,208,6592,59452,19/01/2019,11:23:39,15,1,24.6,1.0,1.0,0.9,2,1,1.00,CYCLE,N
IND,208,6592,59453,19/01/2019,11:23:43,15,0,24.3,1.0,5.4,5.3,2,1,1.00,CYCLE,S
IND,208,6592,59452,19/01/2019,11:23:44,15,1,24.3,1.1,4.5,4.4,2,1,1.00,CYCLE,N
IND,208,6592,59453,19/01/2019,11:23:52,15,0,19.1,1.1,8.9,8.7,2,1,1.00,CYCLE,S
IND,208,6592,59452,19/01/2019,11:24:12,15,1,28.4,1.0,28.1,28.0,2,1,1.00,CYCLE,N
IND,208,6592,59453,19/01/2019,11:24:56,15,0,16.2,1.1,63.7,63.4,2,1,1.00,CYCLE,S
IND,208,6592,59452,19/01/2019,11:24:58,15,1,24.7,1.0,46.4,46.3,2,1,1.00,CYCLE,N
IND,208,6592,59452,19/01/2019,11:25:53,15,1,27.2,1.0,55.1,54.9,2,1,1.00,CYCLE,N
IND,208,6592,59453,19/01/2019,11:26:48,15,0,24.1,1.0,112.4,112.2,2,1,1.00,CYCLE,S
IND,208,6592,59452,19/01/2019,11:27:00,15,1,20.2,1.1,66.9,66.8,2,1,1.00,CYCLE,N
IND,208,6592,59452,19/01/2019,11:27:07,15,1,17.6,1.1,7.5,7.3,2,1,1.00,CYCLE,N
IND,208,6592,59453,19/01/2019,11:28:22,15,0,17.9,1.0,93.7,93.5,2,1,1.00,CYCLE,S
IND,208,6592,59453,19/01/2019,11:28:23,15,0,18.1,1.0,0.7,0.5,2,1,1.00,CYCLE,S
IND,208,6592,59453,19/01/2019,11:28:24,15,0,17.7,1.0,1.1,0.9,2,1,1.00,CYCLE,S
IND,208,6592,59453,19/01/2019,11:28:26,15,0,18.4,1.0,2.1,1.9,2,1,1.00,CYCLE,S
IND,208,6592,59453,19/01/2019,11:28:26,15,0,18.4,1.0,0.0,0.0,2,1,1.00,CYCLE,S
IND,208,6592,59453,19/01/2019,11:28:44,15,0,25.7,1.0,18.5,18.2,2,1,1.00,CYCLE,S
IND,208,6592,59453,19/01/2019,11:30:14,15,0,19.6,1.1,89.5,89.3,2,1,1.00,CYCLE,S
IND,208,6592,59453,19/01/2019,11:30:29,15,0,14.3,1.2,15.7,15.5,2,1,1.00,CYCLE,S
IND,208,6592,59453,19/01/2019,11:30:31,15,0,28.9,1.0,1.5,1.2,2,1,0.25,CYCLE,S
IND,208,6592,59453,19/01/2019,11:30:31,15,0,28.9,1.0,0.0,0.0,2,1,0.25,CYCLE,S
IND,208,6592,59452,19/01/2019,11:30:40,15,1,22.3,1.2,212.7,212.4,2,1,1.00,CYCLE,N
IND,208,6592,59453,19/01/2019,11:31:30,15,0,23.5,1.1,59.0,58.7,2,1,1.00,CYCLE,S
IND,208,6592,59453,19/01/2019,11:31:36,15,0,23.6,1.1,6.2,6.0,2,1,1.00,CYCLE,S
IND,208,6592,59452,19/01/2019,11:31:59,15,1,18.6,1.1,79.2,79.0,2,1,1.00,CYCLE,N
IND,208,6592,59452,19/01/2019,11:32:04,15,1,19.8,1.1,4.1,3.9,2,1,1.00,CYCLE,N
IND,208,6592,59452,19/01/2019,11:32:04,15,1,18.0,1.1,0.6,0.4,2,1,1.00,CYCLE,N
IND,208,6592,59452,19/01/2019,11:32:05,15,1,18.2,1.1,0.9,0.6,2,1,1.00,CYCLE,N
IND,208,6592,59453,19/01/2019,11:32:52,15,0,27.5,1.0,75.5,75.3,2,1,1.00,CYCLE,S
IND,208,6592,59453,19/01/2019,11:32:52,15,0,27.5,1.0,0.0,0.0,2,1,1.00,CYCLE,S
IND,208,6592,59452,19/01/2019,11:33:58,15,1,27.5,1.0,113.1,112.9,2,1,1.00,CYCLE,N
IND,208,6592,59452,19/01/2019,11:35:00,15,1,15.6,1.1,61.7,61.6,2,1,1.00,CYCLE,N
IND,208,6592,59453,19/01/2019,11:35:23,15,0,25.8,1.0,151.1,150.9,2,1,1.00,CYCLE,S
IND,208,6592,59453,19/01/2019,11:36:06,15,0,25.8,1.0,43.8,43.7,2,1,1.00,CYCLE,S
IND,208,6592,59452,19/01/2019,11:36:24,15,1,24.3,1.0,84.5,84.3,2,1,1.00,CYCLE,N
IND,208,6592,59452,19/01/2019,11:36:25,15,1,24.7,1.0,0.7,0.6,2,1,1.00,CYCLE,N
IND,208,6592,59453,19/01/2019,11:36:35,15,0,18.3,1.0,28.7,28.6,2,1,1.00,CYCLE,S
IND,208,6592,59453,19/01/2019,11:38:50,15,0,16.7,1.0,134.6,134.4,2,1,1.00,CYCLE,S
IND,208,6592,59452,19/01/2019,11:39:04,15,1,14.8,1.1,158.6,158.5,2,1,1.00,CYCLE,N
IND,208,6592,59453,19/01/2019,11:39:20,15,0,19.9,0.8,30.0,29.8,2,1,1.00,CYCLE,S
IND,208,6592,59453,19/01/2019,11:39:37,15,0,38.7,1.0,17.7,17.6,2,1,1.00,CYCLE,S
IND,208,6592,59453,19/01/2019,11:39:39,15,0,31.7,1.0,1.7,1.6,2,1,1.00,CYCLE,S
IND,208,6592,59452,19/01/2019,11:39:50,15,1,27.9,1.0,46.4,46.1,2,1,1.00,CYCLE,N
IND,208,6592,59453,19/01/2019,11:39:56,15,0,18.8,1.1,16.8,16.7,2,1,1.00,CYCLE,S
IND,208,6592,59453,19/01/2019,11:39:57,15,0,19.8,1.1,0.8,0.6,2,1,1.00,CYCLE,S
IND,208,6592,59453,19/01/2019,11:39:58,15,0,19.2,1.0,1.4,1.2,2,1,1.00,CYCLE,S
IND,208,6592,59453,19/01/2019,11:40:26,15,0,25.7,1.0,27.4,27.2,2,1,1.00,CYCLE,S
IND,208,6592,59452,19/01/2019,11:41:04,15,1,24.5,1.0,73.7,73.5,2,1,1.00,CYCLE,N
IND,208,6592,59452,19/01/2019,11:41:11,15,1,34.3,1.1,7.7,7.6,2,1,1.00,CYCLE,N
IND,208,6592,59453,19/01/2019,11:41:18,15,0,20.2,1.1,52.0,51.8,2,1,1.00,CYCLE,S
IND,208,6592,59452,19/01/2019,11:41:38,15,1,23.3,1.0,26.1,26.1,2,1,1.00,CYCLE,N
IND,208,6592,59453,19/01/2019,11:42:05,15,0,23.5,1.1,47.1,46.9,2,1,1.00,CYCLE,S
IND,208,6592,59452,19/01/2019,11:42:22,15,1,17.6,1.1,44.9,44.8,2,1,1.00,CYCLE,N
IND,208,6592,59453,19/01/2019,11:42:52,15,0,19.8,1.0,47.0,46.9,2,1,1.00,CYCLE,S
IND,208,6592,59452,19/01/2019,11:44:11,15,1,27.6,1.1,108.4,108.2,2,1,1.00,CYCLE,N
IND,208,6592,59452,19/01/2019,11:44:44,15,1,17.8,1.0,33.1,33.0,2,1,1.00,CYCLE,N
IND,208,6592,59452,19/01/2019,11:44:47,15,1,16.0,1.1,2.8,2.6,2,1,1.00,CYCLE,N
IND,208,6592,59453,19/01/2019,11:46:19,15,0,25.9,1.1,207.6,207.4,2,1,1.00,CYCLE,S
IND,208,6592,59452,19/01/2019,11:47:27,15,1,22.3,1.1,160.2,159.9,2,1,1.00,CYCLE,N
IND,208,6592,59452,19/01/2019,11:47:39,15,1,18.5,1.1,5.5,5.2,2,1,1.00,CYCLE,N
IND,208,6592,59452,19/01/2019,11:49:33,15,1,24.3,1.1,114.3,114.1,2,1,1.00,CYCLE,N
IND,208,6592,59452,19/01/2019,11:49:34,15,1,21.9,1.0,0.6,0.4,2,1,1.00,CYCLE,N
IND,208,6592,59453,19/01/2019,11:49:36,15,0,22.5,1.1,197.1,197.0,2,1,1.00,CYCLE,S
IND,208,6592,59452,19/01/2019,11:49:39,15,1,22.7,1.0,5.2,5.0,2,1,1.00,CYCLE,N
IND,208,6592,59453,19/01/2019,11:51:08,15,0,17.3,1.0,92.0,91.8,2,1,1.00,CYCLE,S
IND,208,6592,59453,19/01/2019,11:51:08,15,0,17.3,1.0,0.0,0.0,2,1,1.00,CYCLE,S
IND,208,6592,59452,19/01/2019,11:51:21,15,1,33.9,1.0,101.9,101.7,2,1,1.00,CYCLE,N
IND,208,6592,59452,19/01/2019,11:51:27,15,1,25.0,1.0,5.9,5.8,2,1,1.00,CYCLE,N
IND,208,6592,59452,19/01/2019,11:51:32,15,1,23.6,1.0,5.3,5.2,2,1,1.00,CYCLE,N
IND,208,6592,59453,19/01/2019,11:52:49,15,0,19.2,1.0,100.1,99.7,2,1,1.00,CYCLE,S
IND,208,6592,59453,19/01/2019,11:52:49,15,0,19.0,1.1,0.9,0.7,2,1,1.00,CYCLE,S
IND,208,6592,59453,19/01/2019,11:52:56,15,0,13.8,1.1,6.8,6.6,2,1,1.00,CYCLE,S
IND,208,6592,59453,19/01/2019,11:52:57,15,0,13.1,1.1,1.1,0.8,2,1,1.00,CYCLE,S
IND,208,6592,59453,19/01/2019,11:52:58,15,0,14.1,1.0,0.6,0.3,2,1,1.00,CYCLE,S
IND,208,6592,59453,19/01/2019,11:52:59,15,0,14.2,1.0,0.8,0.6,2,1,1.00,CYCLE,S
IND,208,6592,59452,19/01/2019,11:53:04,15,1,27.7,1.1,91.6,91.4,2,1,1.00,CYCLE,N
IND,208,6592,59452,19/01/2019,11:53:09,15,1,28.1,1.0,5.5,5.4,2,1,1.00,CYCLE,N
IND,208,6592,59453,19/01/2019,11:53:28,15,0,18.9,1.2,28.8,28.5,2,1,1.00,CYCLE,S
IND,208,6592,59453,19/01/2019,11:54:21,15,0,4.1,0.6,14.3,14.0,2,1,1.00,CYCLE,S
IND,208,6592,59453,19/01/2019,11:55:07,15,0,24.2,1.1,46.5,45.9,2,1,1.00,CYCLE,S
IND,208,6592,59453,19/01/2019,11:55:11,15,0,24.4,1.0,4.3,4.1,2,1,0.40,CYCLE,S
IND,208,6592,59453,19/01/2019,11:55:13,15,0,16.5,1.0,2.1,1.5,2,1,1.00,CYCLE,S
IND,208,6592,59453,19/01/2019,11:55:13,15,0,16.5,1.0,0.0,0.0,2,1,1.00,CYCLE,S
IND,208,6592,59453,19/01/2019,11:55:15,15,0,14.5,1.0,1.3,0.8,2,1,1.00,CYCLE,S
IND,208,6592,59453,19/01/2019,11:55:20,15,0,15.0,1.0,5.0,4.8,2,1,1.00,CYCLE,S
IND,208,6592,59452,19/01/2019,11:55:25,15,1,36.5,1.0,135.5,135.4,2,1,1.00,CYCLE,N
IND,208,6592,59452,19/01/2019,11:55:26,15,1,30.5,1.1,1.5,1.4,2,1,1.00,CYCLE,N
IND,208,6592,59452,19/01/2019,11:55:36,15,1,22.3,1.0,9.6,9.5,2,1,1.00,CYCLE,N
IND,208,6592,59452,19/01/2019,11:55:41,15,1,17.9,1.0,5.3,5.2,2,1,1.00,CYCLE,N
IND,208,6592,59452,19/01/2019,11:55:43,15,1,19.6,1.1,1.6,1.4,2,1,1.00,CYCLE,N
IND,208,6592,59453,19/01/2019,11:57:10,15,0,22.8,1.1,110.4,110.2,2,1,1.00,CYCLE,S
IND,208,6592,59453,19/01/2019,11:58:11,15,0,18.5,1.0,60.6,60.4,2,1,1.00,CYCLE,S
IND,208,6592,59453,19/01/2019,11:58:11,15,0,18.5,1.0,0.0,0.0,2,1,1.00,CYCLE,S
IND,208,6592,59452,19/01/2019,11:59:15,15,1,21.8,1.0,212.1,211.9,2,1,1.00,CYCLE,N
IND,208,6592,59452,19/01/2019,12:01:01,15,1,14.9,1.1,105.8,105.7,2,1,1.00,CYCLE,N
IND,208,6592,59453,19/01/2019,12:01:53,15,0,26.5,1.0,221.7,221.2,2,1,1.00,CYCLE,S
IND,208,6592,59452,19/01/2019,12:02:58,15,1,31.4,1.0,117.8,117.5,2,1,1.00,CYCLE,N
IND,208,6592,59452,19/01/2019,12:03:54,15,1,29.6,1.0,55.1,55.0,2,1,1.00,CYCLE,N
IND,208,6592,59452,19/01/2019,12:03:55,15,1,27.8,1.1,1.9,1.7,2,1,1.00,CYCLE,N
IND,208,6592,59452,19/01/2019,12:04:48,15,1,17.1,1.1,52.9,52.8,2,1,1.00,CYCLE,N
IND,208,6592,59452,19/01/2019,12:04:56,15,1,22.1,1.0,8.1,7.9,2,1,1.00,CYCLE,N
IND,208,6592,59453,19/01/2019,12:05:06,15,0,11.7,1.1,193.7,193.6,2,1,1.00,CYCLE,S
IND,208,6592,59452,19/01/2019,12:05:29,15,1,24.6,1.1,32.4,32.2,2,1,1.00,CYCLE,N
IND,208,6592,59453,19/01/2019,12:05:35,15,0,15.5,1.0,29.3,28.9,2,1,1.00,CYCLE,S
IND,208,6592,59453,19/01/2019,12:05:41,15,0,16.6,1.1,5.4,5.2,2,1,1.00,CYCLE,S
IND,208,6592,59453,19/01/2019,12:06:32,15,0,26.9,1.0,51.1,50.8,2,1,1.00,CYCLE,S
IND,208,6592,59453,19/01/2019,12:06:35,15,0,24.0,1.1,3.5,3.4,2,1,1.00,CYCLE,S
IND,208,6592,59452,19/01/2019,12:06:38,15,1,24.9,1.1,68.9,68.8,2,1,1.00,CYCLE,N
IND,208,6592,59453,19/01/2019,12:08:09,15,0,29.1,1.0,93.9,93.7,2,1,1.00,CYCLE,S
IND,208,6592,59453,19/01/2019,12:08:11,15,0,25.2,1.0,2.1,1.9,2,1,1.00,CYCLE,S
IND,208,6592,59452,19/01/2019,12:08:15,15,1,25.9,1.1,96.8,96.6,2,1,1.00,CYCLE,N
IND,208,6592,59453,19/01/2019,12:08:52,15,0,18.5,1.1,41.0,40.9,2,1,1.00,CYCLE,S
IND,208,6592,59452,19/01/2019,12:09:07,15,1,15.0,1.0,52.9,52.8,2,1,1.00,CYCLE,N
IND,208,6592,59453,19/01/2019,12:09:44,15,0,20.5,1.1,51.7,51.5,2,1,1.00,CYCLE,S
IND,208,6592,59452,19/01/2019,12:09:46,15,1,37.3,1.0,38.2,37.9,2,1,1.00,CYCLE,N
IND,208,6592,59453,19/01/2019,12:09:46,15,0,18.8,1.0,2.3,2.2,2,1,1.00,CYCLE,S
IND,208,6592,59452,19/01/2019,12:09:54,15,1,22.2,1.1,8.7,8.6,2,1,1.00,CYCLE,N
IND,208,6592,59452,19/01/2019,12:09:56,15,1,22.0,1.0,1.6,1.4,2,1,1.00,CYCLE,N
IND,208,6592,59452,19/01/2019,12:09:57,15,1,21.9,1.1,0.9,0.7,2,1,1.00,CYCLE,N
IND,208,6592,59452,19/01/2019,12:11:20,15,1,29.5,1.0,83.1,82.9,2,1,1.00,CYCLE,N
IND,208,6592,59453,19/01/2019,12:11:42,15,0,19.2,1.1,115.5,115.3,2,1,1.00,CYCLE,S
IND,208,6592,59453,19/01/2019,12:12:18,15,0,17.6,1.0,36.1,35.9,2,1,1.00,CYCLE,S
IND,208,6592,59452,19/01/2019,12:14:27,15,1,18.1,1.0,187.2,187.1,2,1,1.00,CYCLE,N
IND,208,6592,59453,19/01/2019,12:14:49,15,0,29.3,1.1,150.5,150.3,2,1,1.00,CYCLE,S
IND,208,6592,59452,19/01/2019,12:14:50,15,1,21.8,1.0,22.7,22.5,2,1,1.00,CYCLE,N
IND,208,6592,59452,19/01/2019,12:14:51,15,1,22.7,1.0,1.7,1.5,2,1,1.00,CYCLE,N
IND,208,6592,59452,19/01/2019,12:15:01,15,1,29.5,1.0,9.8,9.6,2,1,1.00,CYCLE,N
IND,208,6592,59453,19/01/2019,12:15:07,15,0,20.8,1.0,18.3,18.2,2,1,1.00,CYCLE,S
IND,208,6592,59452,19/01/2019,12:16:19,15,1,23.5,1.0,77.6,77.5,2,1,1.00,CYCLE,N
IND,208,6592,59452,19/01/2019,12:16:20,15,1,23.2,1.1,0.6,0.5,2,1,1.00,CYCLE,N
IND,208,6592,59452,19/01/2019,12:16:20,15,1,23.8,1.1,0.5,0.3,2,1,1.00,CYCLE,N
IND,208,6592,59453,19/01/2019,12:16:30,15,0,17.2,1.0,82.9,82.7,2,1,1.00,CYCLE,S
IND,208,6592,59453,19/01/2019,12:17:03,15,0,14.1,0.9,33.7,33.5,2,1,1.00,CYCLE,S
IND,208,6592,59453,19/01/2019,12:17:06,15,0,15.4,1.1,2.7,2.4,2,1,1.00,CYCLE,S
IND,208,6592,59453,19/01/2019,12:17:43,15,0,28.5,1.0,37.1,36.8,2,1,1.00,CYCLE,S
IND,208,6592,59453,19/01/2019,12:18:07,15,0,18.5,1.1,23.7,23.6,2,1,1.00,CYCLE,S
IND,208,6592,59452,19/01/2019,12:19:38,15,1,31.4,1.0,198.0,197.8,2,1,1.00,CYCLE,N
IND,208,6592,59452,19/01/2019,12:20:11,15,1,18.4,1.1,33.4,33.3,2,1,1.00,CYCLE,N
IND,208,6592,59452,19/01/2019,12:20:12,15,1,18.2,1.0,0.8,0.5,2,1,1.00,CYCLE,N
IND,208,6592,59452,19/01/2019,12:20:39,15,1,28.4,1.0,27.4,27.1,2,1,1.00,CYCLE,N
IND,208,6592,59452,19/01/2019,12:20:41,15,1,29.1,1.0,1.2,1.1,2,1,1.00,CYCLE,N
IND,208,6592,59452,19/01/2019,12:20:42,15,1,23.8,1.1,1.2,1.1,2,1,1.00,CYCLE,N
IND,208,6592,59453,19/01/2019,12:21:55,15,0,23.4,1.1,228.6,228.4,2,1,1.00,CYCLE,S
IND,208,6592,59452,19/01/2019,12:23:18,15,1,20.6,1.0,155.8,155.6,2,1,1.00,CYCLE,N
IND,208,6592,59452,19/01/2019,12:23:45,15,1,34.5,1.0,27.1,26.9,2,1,1.00,CYCLE,N
IND,208,6592,59452,19/01/2019,12:24:40,15,1,19.3,1.1,55.1,55.1,2,1,1.00,CYCLE,N
IND,208,6592,59452,19/01/2019,12:24:43,15,1,17.8,1.1,2.8,2.6,2,1,1.00,CYCLE,N
IND,208,6592,59453,19/01/2019,12:24:52,15,0,19.1,1.0,177.0,176.8,2,1,1.00,CYCLE,S
IND,208,6592,59453,19/01/2019,12:24:53,15,0,19.6,1.1,0.5,0.3,2,1,1.00,CYCLE,S
IND,208,6592,59452,19/01/2019,12:25:46,15,1,27.4,1.0,62.9,62.7,2,1,1.00,CYCLE,N
IND,208,6592,59453,19/01/2019,12:26:54,15,0,23.0,1.0,121.3,121.1,2,1,1.00,CYCLE,S
IND,208,6592,59452,19/01/2019,12:27:37,15,1,15.8,1.0,111.5,111.4,2,1,1.00,CYCLE,N
IND,208,6592,59452,19/01/2019,12:27:44,15,1,22.4,1.1,6.5,6.3,2,1,1.00,CYCLE,N
IND,208,6592,59453,19/01/2019,12:29:01,15,0,26.7,1.0,127.1,127.0,2,1,1.00,CYCLE,S
IND,208,6592,59452,19/01/2019,12:30:25,15,1,33.5,1.1,161.0,160.8,2,1,1.00,CYCLE,N
IND,208,6592,59452,19/01/2019,12:30:27,15,1,28.0,1.1,1.9,1.8,2,1,1.00,CYCLE,N
IND,208,6592,59453,19/01/2019,12:30:53,15,0,25.8,1.0,112.0,111.9,2,1,1.00,CYCLE,S
IND,208,6592,59453,19/01/2019,12:30:57,15,0,14.9,0.9,3.4,3.3,2,1,1.00,CYCLE,S
IND,208,6592,59453,19/01/2019,12:30:57,15,0,13.0,1.1,0.7,0.5,2,1,1.00,CYCLE,S
IND,208,6592,59453,19/01/2019,12:31:14,15,0,22.0,1.1,16.6,16.4,2,1,1.00,CYCLE,S
IND,208,6592,59453,19/01/2019,12:31:16,15,0,21.3,1.1,1.4,1.2,2,1,1.00,CYCLE,S
IND,208,6592,59453,19/01/2019,12:31:48,15,0,25.9,1.0,32.4,32.2,2,1,1.00,CYCLE,S
IND,208,6592,59452,19/01/2019,12:31:50,15,1,22.7,1.1,83.2,83.1,2,1,1.00,CYCLE,N
IND,208,6592,59453,19/01/2019,12:31:55,15,0,21.2,1.0,7.1,7.0,2,1,1.00,CYCLE,S
IND,208,6592,59453,19/01/2019,12:32:15,15,0,22.4,1.0,19.9,19.7,2,1,1.00,CYCLE,S
IND,208,6592,59452,19/01/2019,12:32:55,15,1,23.6,1.0,65.6,65.4,2,1,1.00,CYCLE,N
IND,208,6592,59452,19/01/2019,12:32:59,15,1,22.6,1.1,3.3,3.1,2,1,1.00,CYCLE,N
IND,208,6592,59452,19/01/2019,12:33:21,15,1,36.1,1.0,22.5,22.3,2,1,1.00,CYCLE,N
IND,208,6592,59453,19/01/2019,12:33:45,15,0,20.4,1.1,89.6,89.5,2,1,1.00,CYCLE,S
IND,208,6592,59452,19/01/2019,12:33:54,15,1,20.0,1.0,32.4,32.4,2,1,1.00,CYCLE,N
IND,208,6592,59452,19/01/2019,12:33:56,15,1,18.0,1.0,2.3,2.1,2,1,1.00,CYCLE,N
IND,208,6592,59452,19/01/2019,12:33:56,15,1,18.0,1.0,0.0,0.0,2,1,1.00,CYCLE,N
IND,208,6592,59453,19/01/2019,12:34:14,15,0,24.9,1.0,29.3,29.1,2,1,1.00,CYCLE,S
IND,208,6592,59453,19/01/2019,12:34:56,15,0,16.9,1.1,41.9,41.7,2,1,1.00,CYCLE,S
IND,208,6592,59452,19/01/2019,12:36:13,15,1,23.9,1.1,137.1,136.7,2,1,1.00,CYCLE,N
IND,208,6592,59453,19/01/2019,12:36:45,15,0,16.3,1.0,109.8,109.6,2,1,1.00,CYCLE,S
IND,208,6592,59453,19/01/2019,12:36:45,15,0,16.3,1.0,0.0,0.0,2,1,1.00,CYCLE,S
IND,208,6592,59452,19/01/2019,12:37:47,15,1,21.1,1.0,94.1,94.0,2,1,1.00,CYCLE,N
IND,208,6592,59452,19/01/2019,12:37:48,15,1,20.5,1.0,1.0,0.8,2,1,1.00,CYCLE,N
IND,208,6592,59452,19/01/2019,12:38:09,15,1,28.9,1.0,20.8,20.6,2,1,1.00,CYCLE,N
IND,208,6592,59452,19/01/2019,12:38:16,15,1,31.2,1.0,6.8,6.7,2,1,1.00,CYCLE,N
IND,208,6592,59452,19/01/2019,12:38:44,15,1,21.9,1.0,28.7,28.6,2,1,1.00,CYCLE,N
IND,208,6592,59453,19/01/2019,12:38:49,15,0,16.9,1.0,123.8,123.5,2,1,1.00,CYCLE,S
IND,208,6592,59453,19/01/2019,12:38:49,15,0,16.9,1.0,0.0,0.0,2,1,1.00,CYCLE,S
IND,208,6592,59452,19/01/2019,12:39:46,15,1,31.4,1.0,61.6,61.4,2,1,1.00,CYCLE,N
IND,208,6592,59452,19/01/2019,12:40:21,15,1,25.5,1.0,35.1,35.0,2,1,1.00,CYCLE,N
IND,208,6592,59452,19/01/2019,12:40:30,15,1,17.8,1.0,9.3,9.2,2,1,1.00,CYCLE,N
IND,208,6592,59452,19/01/2019,12:40:30,15,1,17.8,1.0,0.0,0.0,2,1,1.00,CYCLE,N
IND,208,6592,59453,19/01/2019,12:40:43,15,0,19.6,1.1,113.6,113.3,2,1,1.00,CYCLE,S
IND,208,6592,59453,19/01/2019,12:40:46,15,0,18.4,1.1,3.1,2.9,2,1,1.00,CYCLE,S
IND,208,6592,59452,19/01/2019,12:40:58,15,1,24.4,1.0,27.6,27.3,2,1,1.00,CYCLE,N
IND,208,6592,59452,19/01/2019,12:41:19,15,1,29.9,1.0,20.8,20.7,2,1,1.00,CYCLE,N
IND,208,6592,59452,19/01/2019,12:42:26,15,1,24.0,1.0,67.1,67.0,2,1,1.00,CYCLE,N
IND,208,6592,59453,19/01/2019,12:42:30,15,0,22.2,1.0,104.6,104.4,2,1,1.00,CYCLE,S
IND,208,6592,59453,19/01/2019,12:42:31,15,0,22.4,1.0,0.3,0.2,2,1,1.00,CYCLE,S
IND,208,6592,59453,19/01/2019,12:42:38,15,0,16.8,1.1,7.1,7.0,2,1,1.00,CYCLE,S
IND,208,6592,59452,19/01/2019,12:43:41,15,1,28.5,1.0,75.1,75.0,2,1,1.00,CYCLE,N
IND,208,6592,59453,19/01/2019,12:45:02,15,0,22.1,1.1,143.8,143.6,2,1,1.00,CYCLE,S
IND,208,6592,59452,19/01/2019,12:46:17,15,1,24.7,1.0,156.3,156.2,2,1,1.00,CYCLE,N
IND,208,6592,59452,19/01/2019,12:46:19,15,1,25.3,1.1,1.6,1.5,2,1,1.00,CYCLE,N
IND,208,6592,59453,19/01/2019,12:46:32,15,0,20.9,1.1,89.9,89.8,2,1,1.00,CYCLE,S
IND,208,6592,59453,19/01/2019,12:48:14,15,0,18.0,1.0,102.1,101.9,2,1,1.00,CYCLE,S
IND,208,6592,59453,19/01/2019,12:48:14,15,0,18.0,1.0,0.0,0.0,2,1,1.00,CYCLE,S
IND,208,6592,59453,19/01/2019,12:48:14,15,0,18.0,1.0,0.0,0.0,2,1,1.00,CYCLE,S
IND,208,6592,59453,19/01/2019,12:48:52,15,0,18.2,1.0,37.7,36.8,2,1,1.00,CYCLE,S
IND,208,6592,59453,19/01/2019,12:48:52,15,0,19.0,1.1,0.4,0.2,2,1,1.00,CYCLE,S
IND,208,6592,59452,19/01/2019,12:49:42,15,1,6.1,0.6,203.1,203.1,2,1,0.80,CYCLE,N
IND,208,6592,59452,19/01/2019,12:49:51,15,1,23.2,1.1,9.2,8.7,2,1,1.00,CYCLE,N
IND,208,6592,59452,19/01/2019,12:49:52,15,1,22.1,1.1,0.2,0.1,2,1,1.00,CYCLE,N
IND,208,6592,59452,19/01/2019,12:49:57,15,1,18.8,1.1,5.8,5.6,2,1,1.00,CYCLE,N
IND,208,6592,59452,19/01/2019,12:49:59,15,1,18.1,1.0,1.6,1.4,2,1,1.00,CYCLE,N
IND,208,6592,59453,19/01/2019,12:50:03,15,0,23.4,1.1,71.1,70.9,2,1,1.00,CYCLE,S
IND,208,6592,59453,19/01/2019,12:53:42,15,0,19.1,1.0,218.8,218.6,2,1,0.50,CYCLE,S
IND,208,6592,59452,19/01/2019,12:53:42,15,1,19.1,1.0,0.0,0.0,2,1,0.50,CYCLE,N
IND,208,6592,59453,19/01/2019,12:54:00,15,0,14.6,1.0,18.2,17.9,2,1,1.00,CYCLE,S
IND,208,6592,59453,19/01/2019,12:54:12,15,0,17.4,1.0,11.9,11.6,2,1,1.00,CYCLE,S
IND,208,6592,59453,19/01/2019,12:54:40,15,0,23.5,1.0,28.0,27.8,2,1,1.00,CYCLE,S
IND,208,6592,59453,19/01/2019,12:56:26,15,0,23.9,1.0,106.0,105.9,2,1,1.00,CYCLE,S
IND,208,6592,59453,19/01/2019,12:56:26,15,0,23.9,1.0,0.0,0.0,2,1,1.00,CYCLE,S
IND,208,6592,59453,19/01/2019,12:56:44,15,0,22.3,1.0,17.7,17.5,2,1,1.00,CYCLE,S
IND,208,6592,59452,19/01/2019,12:56:49,15,1,29.7,1.1,409.9,409.6,2,1,1.00,CYCLE,N
IND,208,6592,59452,19/01/2019,12:56:53,15,1,26.2,1.0,4.4,4.2,2,1,1.00,CYCLE,N
IND,208,6592,59452,19/01/2019,12:56:55,15,1,24.4,1.1,1.9,1.7,2,1,1.00,CYCLE,N
IND,208,6592,59452,19/01/2019,12:56:56,15,1,22.5,1.1,1.3,1.2,2,1,1.00,CYCLE,N
IND,208,6592,59452,19/01/2019,12:57:00,15,1,22.1,1.1,3.2,3.1,2,1,1.00,CYCLE,N
IND,208,6592,59452,19/01/2019,12:57:01,15,1,20.2,1.1,1.5,1.3,2,1,1.00,CYCLE,N
IND,208,6592,59453,19/01/2019,12:57:48,15,0,14.4,1.0,64.0,63.9,2,1,1.00,CYCLE,S
IND,208,6592,59453,19/01/2019,12:57:48,15,0,14.4,1.0,0.0,0.0,2,1,1.00,CYCLE,S
IND,208,6592,59452,19/01/2019,12:59:21,15,1,20.2,1.0,140.3,140.2,2,1,0.86,CYCLE,N
IND,208,6592,59453,19/01/2019,12:59:31,15,0,24.1,1.0,103.5,103.1,2,1,1.00,CYCLE,S
IND,208,6592,59452,19/01/2019,12:59:46,15,1,29.5,1.1,24.6,24.3,2,1,1.00,CYCLE,N
IND,208,6592,59452,19/01/2019,12:59:47,15,1,33.7,1.1,0.7,0.5,2,1,1.00,CYCLE,N
IND,208,6592,59452,19/01/2019,12:59:55,15,1,21.0,1.0,8.7,8.6,2,1,1.00,CYCLE,N
IND,208,6592,59452,19/01/2019,12:59:57,15,1,23.4,1.2,1.8,1.7,2,1,1.00,CYCLE,N
IND,208,6592,59452,19/01/2019,12:59:59,15,1,20.7,1.1,2.3,2.2,2,1,1.00,CYCLE,N
IND,208,6592,59453,19/01/2019,13:00:03,15,0,14.2,1.1,32.3,32.1,2,1,1.00,CYCLE,S
IND,208,6592,59453,19/01/2019,13:00:19,15,0,20.4,1.0,15.7,15.5,2,1,1.00,CYCLE,S
IND,208,6592,59453,19/01/2019,13:00:19,15,0,20.4,1.0,0.0,0.0,2,1,1.00,CYCLE,S
IND,208,6592,59453,19/01/2019,13:00:42,15,0,22.9,1.2,23.3,23.0,2,1,1.00,CYCLE,S
IND,208,6592,59453,19/01/2019,13:00:43,15,0,22.5,1.0,0.3,0.1,2,1,1.00,CYCLE,S
IND,208,6592,59452,19/01/2019,13:00:44,15,1,27.2,1.1,44.7,44.5,2,1,1.00,CYCLE,N
IND,208,6592,59452,19/01/2019,13:00:52,15,1,20.5,1.1,7.8,7.7,2,1,1.00,CYCLE,N
IND,208,6592,59453,19/01/2019,13:01:06,15,0,14.6,1.0,23.2,23.0,2,1,1.00,CYCLE,S
IND,208,6592,59453,19/01/2019,13:01:07,15,0,14.1,1.0,0.8,0.5,2,1,1.00,CYCLE,S
IND,208,6592,59453,19/01/2019,13:01:09,15,0,14.7,1.1,2.6,2.3,2,1,1.00,CYCLE,S
IND,208,6592,59452,19/01/2019,13:02:21,15,1,21.4,1.0,89.4,89.3,2,1,1.00,CYCLE,N
IND,208,6592,59452,19/01/2019,13:02:22,15,1,22.3,1.1,0.7,0.5,2,1,1.00,CYCLE,N
IND,208,6592,59453,19/01/2019,13:02:49,15,0,23.8,1.1,100.1,99.9,2,1,1.00,CYCLE,S
IND,208,6592,59452,19/01/2019,13:03:09,15,1,28.4,1.0,47.0,46.8,2,1,1.00,CYCLE,N
IND,208,6592,59452,19/01/2019,13:03:11,15,1,28.3,1.0,1.9,1.8,2,1,1.00,CYCLE,N
IND,208,6592,59452,19/01/2019,13:03:28,15,1,24.0,1.0,17.0,16.9,2,1,1.00,CYCLE,N
IND,208,6592,59452,19/01/2019,13:03:29,15,1,21.3,1.0,1.1,1.0,2,1,1.00,CYCLE,N
IND,208,6592,59453,19/01/2019,13:04:46,15,0,17.9,1.1,117.0,116.8,2,1,1.00,CYCLE,S
IND,208,6592,59452,19/01/2019,13:06:04,15,1,19.2,1.1,154.6,154.4,2,1,1.00,CYCLE,N
IND,208,6592,59453,19/01/2019,13:06:05,15,0,24.1,1.0,78.3,78.1,2,1,1.00,CYCLE,S
IND,208,6592,59453,19/01/2019,13:07:42,15,0,16.8,1.0,97.2,97.0,2,1,1.00,CYCLE,S
IND,208,6592,59453,19/01/2019,13:07:42,15,0,16.8,1.0,0.0,0.0,2,1,1.00,CYCLE,S
IND,208,6592,59452,19/01/2019,13:08:30,15,1,24.1,1.0,85.6,85.4,2,1,1.00,CYCLE,N
IND,208,6592,59452,19/01/2019,13:08:34,15,1,22.3,1.0,3.2,3.0,2,1,1.00,CYCLE,N
IND,208,6592,59453,19/01/2019,13:08:40,15,0,15.8,1.1,57.8,57.5,2,1,1.00,CYCLE,S
IND,208,6592,59453,19/01/2019,13:09:05,15,0,22.7,1.1,25.3,25.1,2,1,1.00,CYCLE,S
IND,208,6592,59453,19/01/2019,13:09:05,15,0,23.2,1.1,0.3,0.1,2,1,1.00,CYCLE,S
IND,208,6592,59452,19/01/2019,13:09:50,15,1,15.7,1.0,76.5,76.4,2,1,1.00,CYCLE,N
IND,208,6592,59452,19/01/2019,13:09:50,15,1,15.7,1.0,0.0,0.0,2,1,1.00,CYCLE,N
IND,208,6592,59452,19/01/2019,13:11:24,15,1,29.7,1.1,94.2,93.8,2,1,1.00,CYCLE,N
IND,208,6592,59452,19/01/2019,13:11:26,15,1,30.2,1.0,1.5,1.3,2,1,1.00,CYCLE,N
IND,208,6592,59452,19/01/2019,13:11:28,15,1,25.7,1.2,2.2,2.1,2,1,1.00,CYCLE,N
IND,208,6592,59452,19/01/2019,13:12:21,15,1,18.2,1.1,53.0,52.9,2,1,1.00,CYCLE,N
IND,208,6592,59453,19/01/2019,13:13:51,15,0,18.5,1.0,285.4,285.2,2,1,1.00,CYCLE,S
IND,208,6592,59453,19/01/2019,13:13:55,15,0,19.6,1.1,4.1,3.9,2,1,1.00,CYCLE,S
IND,208,6592,59453,19/01/2019,13:14:42,15,0,19.6,1.0,47.4,47.2,2,1,1.00,CYCLE,S
IND,208,6592,59452,19/01/2019,13:15:14,15,1,28.6,1.0,173.1,172.9,2,1,1.00,CYCLE,N
IND,208,6592,59452,19/01/2019,13:15:19,15,1,22.9,1.1,5.2,5.1,2,1,1.00,CYCLE,N
IND,208,6592,59453,19/01/2019,13:16:55,15,0,12.2,1.0,133.1,132.9,2,1,1.00,CYCLE,S
IND,208,6592,59453,19/01/2019,13:16:55,15,0,12.2,1.0,0.0,0.0,2,1,1.00,CYCLE,S
IND,208,6592,59453,19/01/2019,13:22:10,15,0,21.6,1.0,314.5,313.8,2,1,1.00,CYCLE,S
IND,208,6592,59453,19/01/2019,13:23:28,15,0,16.6,1.1,78.2,78.1,2,1,1.00,CYCLE,S
IND,208,6592,59453,19/01/2019,13:25:10,15,0,26.3,1.0,102.0,101.7,2,1,1.00,CYCLE,S
IND,208,6592,59453,19/01/2019,13:25:40,15,0,16.0,1.0,29.8,29.6,2,1,1.00,CYCLE,S
IND,208,6592,59453,19/01/2019,13:25:46,15,0,16.6,1.1,6.0,5.7,2,1,1.00,CYCLE,S
IND,208,6592,59453,19/01/2019,13:25:47,15,0,17.0,1.0,1.2,0.9,2,1,1.00,CYCLE,S
IND,208,6592,59453,19/01/2019,13:26:00,15,0,11.9,1.1,13.1,12.9,2,1,1.00,CYCLE,S
IND,208,6592,59453,19/01/2019,13:26:10,15,0,9.9,1.1,9.8,9.5,2,1,1.00,CYCLE,S
IND,208,6592,59453,19/01/2019,13:26:11,15,0,10.1,1.0,0.9,0.5,2,1,1.00,CYCLE,S
IND,208,6592,59453,19/01/2019,13:26:26,15,0,29.0,1.0,14.9,14.5,2,1,1.00,CYCLE,S
IND,208,6592,59452,19/01/2019,13:26:44,15,1,24.3,1.0,245.3,244.8,2,1,1.00,CYCLE,N
IND,208,6592,59453,19/01/2019,13:27:12,15,0,18.3,1.1,46.0,45.8,2,1,1.00,CYCLE,S
IND,208,6592,59453,19/01/2019,13:27:42,15,0,21.7,1.0,30.6,30.4,2,1,1.00,CYCLE,S
IND,208,6592,59452,19/01/2019,13:27:46,15,1,29.4,1.2,62.2,62.0,2,1,1.00,CYCLE,N
IND,208,6592,59452,19/01/2019,13:28:11,15,1,27.3,1.0,25.6,25.5,2,1,1.00,CYCLE,N
IND,208,6592,59453,19/01/2019,13:28:45,15,0,19.1,1.1,62.6,62.5,2,1,1.00,CYCLE,S
IND,208,6592,59453,19/01/2019,13:28:47,15,0,18.3,1.1,2.2,2.0,2,1,1.00,CYCLE,S
IND,208,6592,59453,19/01/2019,13:29:19,15,0,18.3,1.0,31.5,31.3,2,1,1.00,CYCLE,S
IND,208,6592,59453,19/01/2019,13:30:43,15,0,21.4,1.1,84.7,84.5,2,1,1.00,CYCLE,S
IND,208,6592,59452,19/01/2019,13:31:42,15,1,23.5,1.0,70.3,70.3,2,1,1.00,CYCLE,N
IND,208,6592,59452,19/01/2019,13:32:01,15,1,20.0,1.0,19.5,19.3,2,1,0.86,CYCLE,N
IND,208,6592,59453,19/01/2019,13:32:23,15,0,27.9,1.0,99.5,99.3,2,1,1.00,CYCLE,S
IND,208,6592,59453,19/01/2019,13:34:50,15,0,23.5,1.1,147.1,147.0,2,1,1.00,CYCLE,S
IND,208,6592,59453,19/01/2019,13:34:53,15,0,21.8,1.1,3.2,3.0,2,1,1.00,CYCLE,S
IND,208,6592,59452,19/01/2019,13:34:59,15,1,32.1,1.0,177.8,177.5,2,1,1.00,CYCLE,N
IND,208,6592,59452,19/01/2019,13:36:14,15,1,24.0,1.0,74.6,74.5,2,1,1.00,CYCLE,N
IND,208,6592,59452,19/01/2019,13:36:16,15,1,23.3,1.0,2.4,2.2,2,1,1.00,CYCLE,N
IND,208,6592,59453,19/01/2019,13:36:24,15,0,16.8,1.0,90.9,90.7,2,1,1.00,CYCLE,S
IND,208,6592,59453,19/01/2019,13:36:24,15,0,16.8,1.0,0.0,0.0,2,1,1.00,CYCLE,S
IND,208,6592,59453,19/01/2019,13:36:31,15,0,19.9,1.0,6.5,6.2,2,1,1.00,CYCLE,S
IND,208,6592,59452,19/01/2019,13:36:40,15,1,26.0,1.0,23.5,23.3,2,1,1.00,CYCLE,N
IND,208,6592,59452,19/01/2019,13:36:40,15,1,26.5,1.0,0.2,0.1,2,1,1.00,CYCLE,N
IND,208,6592,59453,19/01/2019,13:37:48,15,0,18.9,1.0,77.1,76.9,2,1,1.00,CYCLE,S
IND,208,6592,59452,19/01/2019,13:37:56,15,1,5.2,1.1,75.9,76.0,2,1,0.80,CYCLE,N
IND,208,6592,59452,19/01/2019,13:38:07,15,1,17.9,0.9,11.6,11.1,2,1,1.00,CYCLE,N
IND,208,6592,59452,19/01/2019,13:38:09,15,1,19.6,1.0,1.4,1.2,2,1,1.00,CYCLE,N
IND,208,6592,59453,19/01/2019,13:38:21,15,0,26.4,1.0,33.6,33.4,2,1,1.00,CYCLE,S
IND,208,6592,59453,19/01/2019,13:38:23,15,0,29.3,1.0,1.5,1.4,2,1,1.00,CYCLE,S
IND,208,6592,59452,19/01/2019,13:38:35,15,1,31.1,1.0,25.8,25.6,2,1,1.00,CYCLE,N
IND,208,6592,59452,19/01/2019,13:38:37,15,1,26.6,1.0,2.3,2.2,2,1,1.00,CYCLE,N
IND,208,6592,59452,19/01/2019,13:38:43,15,1,21.8,1.1,5.9,5.8,2,1,1.00,CYCLE,N
IND,208,6592,59453,19/01/2019,13:39:44,15,0,12.1,1.0,81.3,81.2,2,1,1.00,CYCLE,S
IND,208,6592,59453,19/01/2019,13:39:44,15,0,12.1,1.0,0.0,0.0,2,1,1.00,CYCLE,S
IND,208,6592,59452,19/01/2019,13:40:03,15,1,16.8,1.1,80.5,80.3,2,1,1.00,CYCLE,N
IND,208,6592,59452,19/01/2019,13:40:04,15,1,17.7,1.1,0.4,0.1,2,1,1.00,CYCLE,N
IND,208,6592,59452,19/01/2019,13:40:17,15,1,29.7,1.1,13.4,13.2,2,1,1.00,CYCLE,N
IND,208,6592,59453,19/01/2019,13:41:08,15,0,21.0,1.0,84.3,83.9,2,1,1.00,CYCLE,S
IND,208,6592,59452,19/01/2019,13:43:08,15,1,23.3,1.0,170.9,170.8,2,1,1.00,CYCLE,N
IND,208,6592,59452,19/01/2019,13:43:10,15,1,21.3,1.1,1.9,1.7,2,1,1.00,CYCLE,N
IND,208,6592,59452,19/01/2019,13:43:17,15,1,17.6,1.1,7.6,7.5,2,1,1.00,CYCLE,N
IND,208,6592,59452,19/01/2019,13:44:18,15,1,14.5,1.0,60.4,60.2,2,1,1.00,CYCLE,N
IND,208,6592,59452,19/01/2019,13:44:32,15,1,23.7,1.1,13.7,13.4,2,1,1.00,CYCLE,N
IND,208,6592,59452,19/01/2019,13:44:32,15,1,24.0,1.1,0.5,0.3,2,1,1.00,CYCLE,N
IND,208,6592,59452,19/01/2019,13:44:39,15,1,10.7,1.1,7.1,7.0,2,1,1.00,CYCLE,N
IND,208,6592,59452,19/01/2019,13:44:40,15,1,10.8,0.7,1.0,0.6,2,1,1.00,CYCLE,N
IND,208,6592,59453,19/01/2019,13:44:47,15,0,18.2,1.0,218.6,218.4,2,1,1.00,CYCLE,S
IND,208,6592,59453,19/01/2019,13:44:49,15,0,19.2,1.0,2.0,1.8,2,1,1.00,CYCLE,S
IND,208,6592,59453,19/01/2019,13:44:49,15,0,19.2,1.0,0.0,0.0,2,1,1.00,CYCLE,S
IND,208,6592,59453,19/01/2019,13:45:15,15,0,27.8,1.0,26.0,25.7,2,1,1.00,CYCLE,S
IND,208,6592,59453,19/01/2019,13:46:33,15,0,18.2,1.1,78.5,78.4,2,1,1.00,CYCLE,S
IND,208,6592,59453,19/01/2019,13:47:15,15,0,10.4,1.1,41.4,41.2,2,1,1.00,CYCLE,S
IND,208,6592,59453,19/01/2019,13:47:17,15,0,9.1,1.0,2.1,1.7,2,1,1.00,CYCLE,S
IND,208,6592,59453,19/01/2019,13:47:17,15,0,9.1,1.0,0.0,0.0,2,1,1.00,CYCLE,S
IND,208,6592,59452,19/01/2019,13:47:32,15,1,28.1,1.0,172.1,171.8,2,1,1.00,CYCLE,N
IND,208,6592,59453,19/01/2019,13:47:44,15,0,19.4,1.0,27.6,27.2,2,1,1.00,CYCLE,S
IND,208,6592,59453,19/01/2019,13:47:46,15,0,19.6,1.2,2.0,1.8,2,1,1.00,CYCLE,S
IND,208,6592,59452,19/01/2019,13:48:51,15,1,24.5,1.0,78.6,78.5,2,1,1.00,CYCLE,N
IND,208,6592,59452,19/01/2019,13:48:58,15,1,17.9,1.0,6.8,6.7,2,1,1.00,CYCLE,N
IND,208,6592,59452,19/01/2019,13:49:18,15,1,28.2,1.0,19.9,19.6,2,1,1.00,CYCLE,N
IND,208,6592,59452,19/01/2019,13:51:36,15,1,22.1,1.1,138.5,138.4,2,1,1.00,CYCLE,N
IND,208,6592,59453,19/01/2019,13:51:43,15,0,24.4,1.0,236.1,235.9,2,1,1.00,CYCLE,S
IND,208,6592,59453,19/01/2019,13:51:44,15,0,24.7,1.1,1.0,0.8,2,1,1.00,CYCLE,S
IND,208,6592,59453,19/01/2019,13:51:44,15,0,23.6,1.0,0.4,0.3,2,1,1.00,CYCLE,S
IND,208,6592,59453,19/01/2019,13:51:48,15,0,21.0,1.1,3.9,3.7,2,1,1.00,CYCLE,S
IND,208,6592,59453,19/01/2019,13:53:12,15,0,19.0,1.1,84.2,84.0,2,1,1.00,CYCLE,S
IND,208,6592,59452,19/01/2019,13:53:59,15,1,30.5,1.0,142.7,142.5,2,1,1.00,CYCLE,N
IND,208,6592,59453,19/01/2019,13:54:03,15,0,18.6,1.0,50.9,50.7,2,1,1.00,CYCLE,S
IND,208,6592,59453,19/01/2019,13:54:03,15,0,18.6,1.0,0.0,0.0,2,1,1.00,CYCLE,S
IND,208,6592,59453,19/01/2019,13:54:04,15,0,19.5,0.9,0.9,0.6,2,1,1.00,CYCLE,S
IND,208,6592,59453,19/01/2019,13:54:04,15,0,18.4,1.0,0.4,0.2,2,1,1.00,CYCLE,S
IND,208,6592,59453,19/01/2019,13:54:05,15,0,18.9,1.0,0.7,0.5,2,1,1.00,CYCLE,S
IND,208,6592,59453,19/01/2019,13:54:06,15,0,19.1,1.0,0.9,0.7,2,1,1.00,CYCLE,S
IND,208,6592,59453,19/01/2019,13:54:07,15,0,18.9,1.0,1.6,1.4,2,1,1.00,CYCLE,S
IND,208,6592,59453,19/01/2019,13:54:08,15,0,20.4,1.0,0.6,0.4,2,1,1.00,CYCLE,S
IND,208,6592,59453,19/01/2019,13:54:10,15,0,18.5,1.0,2.0,1.8,2,1,1.00,CYCLE,S
IND,208,6592,59452,19/01/2019,13:54:11,15,1,18.7,1.1,11.9,11.9,2,1,1.00,CYCLE,N
IND,208,6592,59452,19/01/2019,13:54:11,15,1,19.4,1.0,0.3,0.1,2,1,1.00,CYCLE,N
IND,208,6592,59452,19/01/2019,13:54:41,15,1,39.4,1.0,30.0,29.8,2,1,1.00,CYCLE,N
IND,208,6592,59453,19/01/2019,13:54:58,15,0,19.3,1.0,48.2,48.0,2,1,1.00,CYCLE,S
IND,208,6592,59452,19/01/2019,13:55:05,15,1,24.9,1.0,24.2,24.1,2,1,1.00,CYCLE,N
IND,208,6592,59453,19/01/2019,13:55:26,15,0,23.2,1.0,28.0,27.8,2,1,1.00,CYCLE,S
IND,208,6592,59453,19/01/2019,13:55:29,15,0,21.2,1.0,2.5,2.3,2,1,1.00,CYCLE,S
IND,208,6592,59453,19/01/2019,13:55:29,15,0,21.2,1.0,0.0,0.0,2,1,1.00,CYCLE,S
IND,208,6592,59452,19/01/2019,13:56:21,15,1,20.2,1.0,75.9,75.8,2,1,1.00,CYCLE,N
IND,208,6592,59453,19/01/2019,13:56:23,15,0,19.4,1.0,54.4,54.2,2,1,1.00,CYCLE,S
IND,208,6592,59452,19/01/2019,13:58:03,15,1,22.3,1.1,101.6,101.4,2,1,1.00,CYCLE,N
IND,208,6592,59452,19/01/2019,13:58:08,15,1,15.6,1.0,4.8,4.7,2,1,1.00,CYCLE,N
IND,208,6592,59452,19/01/2019,13:58:08,15,1,15.6,1.0,0.0,0.0,2,1,1.00,CYCLE,N
IND,208,6592,59453,19/01/2019,13:59:52,15,0,27.0,1.0,209.0,208.8,2,1,1.00,CYCLE,S
IND,208,6592,59452,19/01/2019,13:59:53,15,1,22.2,1.1,105.0,104.5,2,1,1.00,CYCLE,N
IND,208,6592,59453,19/01/2019,13:59:54,15,0,24.2,1.0,1.9,1.8,2,1,1.00,CYCLE,S
IND,208,6592,59452,19/01/2019,14:01:35,15,1,16.1,1.0,102.3,102.1,2,1,1.00,CYCLE,N
IND,208,6592,59452,19/01/2019,14:02:04,15,1,19.3,1.1,29.7,29.4,2,1,1.00,CYCLE,N
IND,208,6592,59452,19/01/2019,14:02:07,15,1,19.1,1.1,2.6,2.4,2,1,1.00,CYCLE,N
IND,208,6592,59452,19/01/2019,14:02:10,15,1,19.7,1.1,2.4,2.2,2,1,1.00,CYCLE,N
IND,208,6592,59452,19/01/2019,14:02:54,15,1,22.2,1.1,44.2,44.0,2,1,1.00,CYCLE,N
IND,208,6592,59452,19/01/2019,14:03:56,15,1,29.5,1.0,61.8,61.6,2,1,1.00,CYCLE,N
IND,208,6592,59453,19/01/2019,14:04:25,15,0,24.5,1.1,271.4,271.2,2,1,1.00,CYCLE,S
IND,208,6592,59453,19/01/2019,14:04:33,15,0,15.9,1.1,7.8,7.6,2,1,1.00,CYCLE,S
IND,208,6592,59453,19/01/2019,14:04:40,15,0,15.7,1.1,6.9,6.7,2,1,1.00,CYCLE,S
IND,208,6592,59453,19/01/2019,14:05:59,15,0,19.2,1.2,78.9,78.7,2,1,1.00,CYCLE,S
IND,208,6592,59453,19/01/2019,14:06:02,15,0,19.8,1.0,2.6,2.4,2,1,1.00,CYCLE,S
IND,208,6592,59453,19/01/2019,14:06:55,15,0,20.5,1.1,53.6,53.4,2,1,1.00,CYCLE,S
IND,208,6592,59452,19/01/2019,14:08:30,15,1,10.3,1.0,274.8,274.8,2,1,1.00,CYCLE,N
IND,208,6592,59452,19/01/2019,14:08:30,15,1,10.3,1.0,0.0,0.0,2,1,1.00,CYCLE,N
IND,208,6592,59452,19/01/2019,14:09:36,15,1,30.8,1.1,66.0,65.4,2,1,1.00,CYCLE,N
IND,208,6592,59452,19/01/2019,14:09:38,15,1,17.5,1.0,2.1,2.0,2,1,1.00,CYCLE,N
IND,208,6592,59452,19/01/2019,14:09:43,15,1,16.1,1.1,5.1,4.9,2,1,1.00,CYCLE,N
IND,208,6592,59452,19/01/2019,14:09:44,15,1,15.6,1.0,0.7,0.5,2,1,1.00,CYCLE,N
IND,208,6592,59452,19/01/2019,14:09:51,15,1,18.6,1.0,6.7,6.4,2,1,1.00,CYCLE,N
IND,208,6592,59452,19/01/2019,14:10:26,15,1,32.0,1.0,34.9,34.7,2,1,1.00,CYCLE,N
IND,208,6592,59452,19/01/2019,14:10:35,15,1,19.1,1.0,9.2,9.1,2,1,1.00,CYCLE,N
IND,208,6592,59452,19/01/2019,14:10:36,15,1,19.0,1.1,0.5,0.3,2,1,1.00,CYCLE,N
IND,208,6592,59453,19/01/2019,14:10:39,15,0,27.7,1.1,224.1,223.9,2,1,1.00,CYCLE,S
IND,208,6592,59452,19/01/2019,14:12:12,15,1,29.3,1.1,31.3,31.0,2,1,1.00,CYCLE,N
IND,208,6592,59452,19/01/2019,14:12:16,15,1,24.9,1.0,4.0,3.9,2,1,1.00,CYCLE,N
IND,208,6592,59453,19/01/2019,14:12:24,15,0,33.2,1.1,105.1,105.0,2,1,1.00,CYCLE,S
IND,208,6592,59453,19/01/2019,14:12:38,15,0,21.8,1.0,13.3,13.2,2,1,1.00,CYCLE,S
IND,208,6592,59453,19/01/2019,14:12:54,15,0,15.2,1.1,16.1,15.9,2,1,1.00,CYCLE,S
IND,208,6592,59453,19/01/2019,14:13:12,15,0,21.5,1.0,18.6,18.3,2,1,1.00,CYCLE,S
IND,208,6592,59452,19/01/2019,14:15:34,15,1,19.1,1.1,198.1,198.0,2,1,1.00,CYCLE,N
IND,208,6592,59453,19/01/2019,14:16:27,15,0,21.5,1.1,194.8,194.6,2,1,1.00,CYCLE,S
IND,208,6592,59452,19/01/2019,14:16:30,15,1,15.4,1.0,55.6,55.5,2,1,1.00,CYCLE,N
IND,208,6592,59452,19/01/2019,14:16:30,15,1,15.4,1.0,0.0,0.0,2,1,1.00,CYCLE,N
IND,208,6592,59452,19/01/2019,14:17:37,15,1,32.4,1.1,66.6,66.3,2,1,1.00,CYCLE,N
IND,208,6592,59452,19/01/2019,14:18:36,15,1,25.3,1.1,59.2,59.1,2,1,1.00,CYCLE,N
IND,208,6592,59452,19/01/2019,14:18:40,15,1,22.4,1.1,3.6,3.5,2,1,1.00,CYCLE,N
IND,208,6592,59452,19/01/2019,14:18:47,15,1,18.8,1.0,7.6,7.4,2,1,1.00,CYCLE,N
IND,208,6592,59452,19/01/2019,14:18:48,15,1,18.3,1.0,1.1,0.9,2,1,1.00,CYCLE,N
IND,208,6592,59453,19/01/2019,14:19:01,15,0,22.3,1.2,154.2,154.1,2,1,1.00,CYCLE,S
IND,208,6592,59453,19/01/2019,14:20:10,15,0,20.1,1.1,68.5,68.3,2,1,1.00,CYCLE,S
IND,208,6592,59452,19/01/2019,14:22:28,15,1,23.6,1.1,220.1,219.9,2,1,1.00,CYCLE,N
IND,208,6592,59452,19/01/2019,14:22:32,15,1,25.6,0.9,3.4,3.2,2,1,1.00,CYCLE,N
IND,208,6592,59452,19/01/2019,14:22:35,15,1,24.9,1.0,3.6,3.5,2,1,1.00,CYCLE,N
IND,208,6592,59452,19/01/2019,14:22:35,15,1,24.9,1.0,0.0,0.0,2,1,1.00,CYCLE,N
IND,208,6592,59452,19/01/2019,14:22:40,15,1,19.1,1.0,4.5,4.3,2,1,1.00,CYCLE,N
IND,208,6592,59452,19/01/2019,14:22:41,15,1,17.6,1.1,1.4,1.2,2,1,1.00,CYCLE,N
IND,208,6592,59452,19/01/2019,14:22:44,15,1,17.9,1.1,2.4,2.2,2,1,1.00,CYCLE,N
IND,208,6592,59452,19/01/2019,14:23:28,15,1,20.3,1.1,44.2,44.0,2,1,1.00,CYCLE,N
IND,208,6592,59452,19/01/2019,14:24:43,15,1,28.9,1.0,74.9,74.7,2,1,1.00,CYCLE,N
IND,208,6592,59453,19/01/2019,14:25:05,15,0,23.3,1.1,295.1,294.9,2,1,1.00,CYCLE,S
IND,208,6592,59452,19/01/2019,14:26:30,15,1,26.9,1.0,107.2,107.1,2,1,1.00,CYCLE,N
IND,208,6592,59452,19/01/2019,14:27:53,15,1,24.6,1.0,83.2,83.1,2,1,1.00,CYCLE,N
IND,208,6592,59452,19/01/2019,14:27:55,15,1,19.6,0.9,1.8,1.7,2,1,1.00,CYCLE,N
IND,208,6592,59452,19/01/2019,14:27:56,15,1,21.6,1.1,1.0,0.8,2,1,1.00,CYCLE,N
IND,208,6592,59452,19/01/2019,14:28:00,15,1,17.4,1.1,3.6,3.4,2,1,1.00,CYCLE,N
IND,208,6592,59452,19/01/2019,14:28:31,15,1,30.3,1.0,31.2,30.9,2,1,1.00,CYCLE,N
IND,208,6592,59452,19/01/2019,14:28:34,15,1,28.0,1.0,2.8,2.7,2,1,1.00,CYCLE,N
IND,208,6592,59452,19/01/2019,14:30:48,15,1,23.7,1.1,134.3,134.2,2,1,1.00,CYCLE,N
IND,208,6592,59453,19/01/2019,14:30:54,15,0,31.4,1.0,348.6,348.4,2,1,1.00,CYCLE,S
IND,208,6592,59453,19/01/2019,14:31:12,15,0,17.3,1.1,18.7,18.6,2,1,1.00,CYCLE,S
IND,208,6592,59453,19/01/2019,14:32:17,15,0,18.3,1.0,65.0,64.7,2,1,1.00,CYCLE,S
IND,208,6592,59452,19/01/2019,14:33:13,15,1,12.7,1.0,144.8,144.7,2,1,1.00,CYCLE,N
IND,208,6592,59452,19/01/2019,14:33:40,15,1,29.6,1.0,26.9,26.5,2,1,1.00,CYCLE,N
IND,208,6592,59452,19/01/2019,14:33:41,15,1,30.7,1.0,1.1,1.0,2,1,1.00,CYCLE,N
IND,208,6592,59452,19/01/2019,14:35:00,15,1,28.1,1.0,78.8,78.7,2,1,1.00,CYCLE,N
IND,208,6592,59452,19/01/2019,14:35:07,15,1,20.7,1.1,7.4,7.3,2,1,1.00,CYCLE,N
IND,208,6592,59452,19/01/2019,14:35:09,15,1,8.7,1.0,2.3,2.2,2,1,1.00,CYCLE,N
IND,208,6592,59452,19/01/2019,14:35:09,15,1,8.7,1.0,0.0,0.0,2,1,1.00,CYCLE,N
IND,208,6592,59452,19/01/2019,14:35:13,15,1,10.3,1.0,3.5,2.8,2,1,1.00,CYCLE,N
IND,208,6592,59452,19/01/2019,14:35:13,15,1,8.7,0.9,0.6,0.3,2,1,1.00,CYCLE,N
IND,208,6592,59453,19/01/2019,14:35:25,15,0,21.4,1.0,187.5,187.3,2,1,1.00,CYCLE,S
IND,208,6592,59453,19/01/2019,14:35:25,15,0,21.4,1.0,0.0,0.0,2,1,1.00,CYCLE,S
IND,208,6592,59453,19/01/2019,14:35:25,15,0,21.4,1.0,0.0,0.0,2,1,1.00,CYCLE,S
IND,208,6592,59453,19/01/2019,14:35:25,15,0,21.4,1.0,0.0,0.0,2,1,1.00,CYCLE,S
IND,208,6592,59453,19/01/2019,14:36:49,15,0,15.8,1.0,84.2,83.1,2,1,1.00,CYCLE,S
IND,208,6592,59453,19/01/2019,14:36:49,15,0,15.8,1.0,0.0,0.0,2,1,1.00,CYCLE,S
IND,208,6592,59452,19/01/2019,14:38:13,15,1,35.0,1.0,179.3,178.8,2,1,1.00,CYCLE,N
IND,208,6592,59452,19/01/2019,14:38:22,15,1,18.6,1.0,9.6,9.5,2,1,1.00,CYCLE,N
IND,208,6592,59453,19/01/2019,14:39:41,15,0,18.1,1.1,171.8,171.5,2,1,1.00,CYCLE,S
IND,208,6592,59453,19/01/2019,14:39:42,15,0,18.6,1.0,0.8,0.5,2,1,1.00,CYCLE,S
IND,208,6592,59453,19/01/2019,14:40:57,15,0,27.5,1.0,75.3,75.1,2,1,1.00,CYCLE,S
IND,208,6592,59453,19/01/2019,14:41:04,15,0,16.7,1.0,7.2,7.0,2,1,1.00,CYCLE,S
IND,208,6592,59453,19/01/2019,14:41:04,15,0,16.7,1.0,0.0,0.0,2,1,1.00,CYCLE,S
IND,208,6592,59452,19/01/2019,14:42:06,15,1,18.6,1.1,223.9,223.7,2,1,1.00,CYCLE,N
IND,208,6592,59452,19/01/2019,14:42:07,15,1,18.8,1.1,0.6,0.4,2,1,1.00,CYCLE,N
IND,208,6592,59452,19/01/2019,14:43:19,15,1,26.9,1.0,72.2,71.9,2,1,1.00,CYCLE,N
IND,208,6592,59452,19/01/2019,14:43:21,15,1,26.1,1.0,1.9,1.8,2,1,1.00,CYCLE,N
IND,208,6592,59453,19/01/2019,14:43:51,15,0,27.9,1.0,167.0,166.7,2,1,1.00,CYCLE,S
IND,208,6592,59452,19/01/2019,14:44:55,15,1,30.3,1.1,93.8,93.7,2,1,1.00,CYCLE,N
IND,208,6592,59453,19/01/2019,14:45:21,15,0,15.5,1.1,90.2,90.0,2,1,1.00,CYCLE,S
IND,208,6592,59452,19/01/2019,14:48:42,15,1,32.6,1.0,227.3,227.1,2,1,1.00,CYCLE,N
IND,208,6592,59452,19/01/2019,14:48:49,15,1,22.6,1.0,7.3,7.3,2,1,1.00,CYCLE,N
IND,208,6592,59452,19/01/2019,14:51:01,15,1,20.9,1.1,131.3,131.1,2,1,1.00,CYCLE,N
IND,208,6592,59452,19/01/2019,14:51:09,15,1,29.3,1.0,8.0,7.8,2,1,1.00,CYCLE,N
IND,208,6592,59452,19/01/2019,14:51:16,15,1,21.1,1.1,7.6,7.5,2,1,1.00,CYCLE,N
IND,208,6592,59453,19/01/2019,14:52:04,15,0,28.4,1.0,402.8,402.5,2,1,1.00,CYCLE,S
IND,208,6592,59453,19/01/2019,14:52:41,15,0,17.9,1.0,37.3,37.2,2,1,1.00,CYCLE,S
IND,208,6592,59453,19/01/2019,14:53:13,15,0,21.2,1.1,31.6,31.4,2,1,1.00,CYCLE,S
IND,208,6592,59452,19/01/2019,14:53:41,15,1,19.6,1.1,145.0,144.8,2,1,1.00,CYCLE,N
IND,208,6592,59452,19/01/2019,14:53:42,15,1,18.0,1.0,1.1,0.9,2,1,1.00,CYCLE,N
IND,208,6592,59453,19/01/2019,14:55:03,15,0,17.4,1.1,110.5,110.3,2,1,1.00,CYCLE,S
IND,208,6592,59453,19/01/2019,14:55:05,15,0,21.2,1.0,1.2,1.0,2,1,1.00,CYCLE,S
IND,208,6592,59452,19/01/2019,14:55:06,15,1,20.2,1.0,83.4,83.2,2,1,1.00,CYCLE,N
IND,208,6592,59452,19/01/2019,14:55:07,15,1,20.4,1.1,0.9,0.7,2,1,1.00,CYCLE,N
IND,208,6592,59452,19/01/2019,14:55:10,15,1,19.3,1.1,3.2,3.0,2,1,1.00,CYCLE,N
IND,208,6592,59453,19/01/2019,14:55:25,15,0,28.4,1.1,20.5,20.3,2,1,1.00,CYCLE,S
IND,208,6592,59452,19/01/2019,14:56:16,15,1,26.1,1.1,65.8,65.6,2,1,1.00,CYCLE,N
IND,208,6592,59452,19/01/2019,14:56:21,15,1,21.7,1.0,5.1,5.0,2,1,1.00,CYCLE,N
IND,208,6592,59452,19/01/2019,14:58:27,15,1,26.8,1.0,126.0,125.8,2,1,1.00,CYCLE,N
IND,208,6592,59452,19/01/2019,14:58:28,15,1,25.6,1.1,1.0,0.8,2,1,1.00,CYCLE,N
IND,208,6592,59452,19/01/2019,14:58:32,15,1,23.7,1.1,4.6,4.5,2,1,1.00,CYCLE,N
IND,208,6592,59453,19/01/2019,15:01:55,15,0,20.1,1.0,389.6,389.4,2,1,1.00,CYCLE,S
IND,208,6592,59452,19/01/2019,15:01:55,15,1,25.7,1.0,203.1,202.9,2,1,1.00,CYCLE,N
IND,208,6592,59453,19/01/2019,15:03:32,15,0,19.8,1.0,97.4,97.2,2,1,1.00,CYCLE,S
IND,208,6592,59453,19/01/2019,15:03:34,15,0,20.2,1.0,1.6,1.5,2,1,1.00,CYCLE,S
IND,208,6592,59452,19/01/2019,15:03:54,15,1,21.7,1.0,118.5,118.4,2,1,1.00,CYCLE,N
IND,208,6592,59452,19/01/2019,15:03:58,15,1,19.5,1.1,4.1,4.0,2,1,1.00,CYCLE,N
IND,208,6592,59452,19/01/2019,15:05:21,15,1,24.3,1.1,82.7,82.4,2,1,1.00,CYCLE,N
IND,208,6592,59452,19/01/2019,15:05:25,15,1,21.6,1.0,4.4,4.2,2,1,1.00,CYCLE,N
IND,208,6592,59452,19/01/2019,15:05:28,15,1,19.8,1.0,3.0,2.8,2,1,1.00,CYCLE,N
IND,208,6592,59453,19/01/2019,15:06:12,15,0,23.5,1.1,158.2,158.0,2,1,1.00,CYCLE,S
IND,208,6592,59453,19/01/2019,15:06:59,15,0,21.3,1.0,47.3,47.1,2,1,1.00,CYCLE,S
IND,208,6592,59453,19/01/2019,15:07:51,15,0,25.8,1.0,52.1,51.9,2,1,1.00,CYCLE,S
IND,208,6592,59453,19/01/2019,15:08:07,15,0,15.9,1.1,16.1,16.0,2,1,1.00,CYCLE,S
IND,208,6592,59453,19/01/2019,15:08:08,15,0,12.8,1.1,0.5,0.3,2,1,1.00,CYCLE,S
IND,208,6592,59452,19/01/2019,15:09:02,15,1,24.4,1.1,213.9,213.7,2,1,1.00,CYCLE,N
IND,208,6592,59452,19/01/2019,15:10:32,15,1,23.8,1.0,90.3,90.1,2,1,1.00,CYCLE,N
IND,208,6592,59452,19/01/2019,15:10:32,15,1,23.8,1.0,0.0,0.0,2,1,1.00,CYCLE,N
IND,208,6592,59452,19/01/2019,15:10:53,15,1,24.0,1.2,20.3,19.9,2,1,1.00,CYCLE,N
IND,208,6592,59453,19/01/2019,15:11:04,15,0,29.9,1.0,84.8,84.6,2,1,1.00,CYCLE,S
IND,208,6592,59452,19/01/2019,15:11:15,15,1,18.7,1.1,22.4,22.3,2,1,1.00,CYCLE,N
IND,208,6592,59453,19/01/2019,15:11:21,15,0,17.4,1.0,16.9,16.7,2,1,1.00,CYCLE,S
IND,208,6592,59453,19/01/2019,15:11:56,15,0,12.4,1.0,34.9,34.7,2,1,1.00,CYCLE,S
IND,208,6592,59453,19/01/2019,15:11:56,15,0,10.9,1.1,0.8,0.5,2,1,1.00,CYCLE,S
IND,208,6592,59453,19/01/2019,15:11:57,15,0,12.0,1.0,0.8,0.5,2,1,1.00,CYCLE,S
IND,208,6592,59453,19/01/2019,15:11:58,15,0,11.3,1.0,0.5,0.2,2,1,1.00,CYCLE,S
IND,208,6592,59453,19/01/2019,15:13:33,15,0,21.4,1.1,95.5,95.2,2,1,1.00,CYCLE,S
IND,208,6592,59452,19/01/2019,15:13:51,15,1,31.2,1.0,155.6,155.4,2,1,1.00,CYCLE,N
IND,208,6592,59452,19/01/2019,15:13:52,15,1,30.1,1.0,1.5,1.4,2,1,1.00,CYCLE,N
IND,208,6592,59453,19/01/2019,15:15:48,15,0,34.1,1.0,134.5,134.3,2,1,1.00,CYCLE,S
IND,208,6592,59453,19/01/2019,15:15:49,15,0,31.6,1.1,1.4,1.3,2,1,1.00,CYCLE,S
IND,208,6592,59452,19/01/2019,15:15:51,15,1,22.2,1.0,119.0,118.9,2,1,1.00,CYCLE,N
IND,208,6592,59453,19/01/2019,15:15:52,15,0,23.5,1.1,2.6,2.5,2,1,1.00,CYCLE,S
IND,208,6592,59452,19/01/2019,15:15:57,15,1,19.3,1.0,5.4,5.3,2,1,1.00,CYCLE,N
IND,208,6592,59453,19/01/2019,15:16:21,15,0,20.3,1.1,29.3,29.1,2,1,1.00,CYCLE,S
IND,208,6592,59453,19/01/2019,15:17:36,15,0,20.7,1.0,74.6,74.4,2,1,1.00,CYCLE,S
IND,208,6592,59453,19/01/2019,15:19:34,15,0,21.2,1.0,118.3,118.2,2,1,1.00,CYCLE,S
IND,208,6592,59453,19/01/2019,15:19:54,15,0,20.7,1.0,20.5,20.4,2,1,1.00,CYCLE,S
IND,208,6592,59453,19/01/2019,15:20:48,15,0,21.2,1.1,53.9,53.7,2,1,1.00,CYCLE,S
IND,208,6592,59453,19/01/2019,15:20:50,15,0,21.6,1.1,1.7,1.5,2,1,1.00,CYCLE,S
IND,208,6592,59453,19/01/2019,15:21:28,15,0,19.9,1.1,38.1,37.9,2,1,1.00,CYCLE,S
IND,208,6592,59453,19/01/2019,15:21:29,15,0,18.4,1.1,1.3,1.1,2,1,1.00,CYCLE,S
IND,208,6592,59452,19/01/2019,15:22:03,15,1,31.9,1.0,366.3,366.1,2,1,1.00,CYCLE,N
IND,208,6592,59452,19/01/2019,15:22:06,15,1,26.5,1.1,2.9,2.8,2,1,1.00,CYCLE,N
IND,208,6592,59452,19/01/2019,15:24:36,15,1,21.7,1.0,149.9,149.7,2,1,1.00,CYCLE,N
IND,208,6592,59452,19/01/2019,15:25:31,15,1,20.0,1.1,55.9,55.7,2,1,1.00,CYCLE,N
IND,208,6592,59453,19/01/2019,15:28:22,15,0,10.6,1.0,413.0,412.8,2,1,1.00,CYCLE,S
IND,208,6592,59452,19/01/2019,15:28:25,15,1,31.3,1.1,173.1,172.8,2,1,1.00,CYCLE,N
IND,208,6592,59453,19/01/2019,15:28:38,15,0,24.6,1.0,15.9,15.6,2,1,1.00,CYCLE,S
IND,208,6592,59453,19/01/2019,15:28:42,15,0,28.2,1.0,3.4,3.3,2,1,1.00,CYCLE,S
IND,208,6592,59452,19/01/2019,15:30:18,15,1,14.0,1.1,113.4,113.3,2,1,1.00,CYCLE,N
IND,208,6592,59452,19/01/2019,15:30:20,15,1,14.2,1.0,2.3,2.1,2,1,1.00,CYCLE,N
IND,208,6592,59452,19/01/2019,15:31:34,15,1,16.1,1.0,74.0,73.8,2,1,1.00,CYCLE,N
IND,208,6592,59452,19/01/2019,15:31:34,15,1,16.1,1.0,0.0,0.0,2,1,1.00,CYCLE,N
IND,208,6592,59452,19/01/2019,15:32:31,15,1,26.0,1.0,56.9,56.5,2,1,1.00,CYCLE,N
IND,208,6592,59452,19/01/2019,15:32:35,15,1,24.3,1.1,3.5,3.3,2,1,1.00,CYCLE,N
IND,208,6592,59452,19/01/2019,15:33:27,15,1,17.2,1.1,52.0,51.9,2,1,1.00,CYCLE,N
IND,208,6592,59453,19/01/2019,15:33:58,15,0,26.2,1.1,315.8,315.7,2,1,1.00,CYCLE,S
IND,208,6592,59453,19/01/2019,15:34:28,15,0,25.3,1.0,30.0,29.8,2,1,1.00,CYCLE,S
IND,208,6592,59453,19/01/2019,15:34:32,15,0,23.0,1.1,4.1,4.0,2,1,1.00,CYCLE,S
IND,208,6592,59452,19/01/2019,15:34:57,15,1,25.0,1.1,90.2,89.9,2,1,1.00,CYCLE,N
IND,208,6592,59453,19/01/2019,15:36:09,15,0,23.2,1.0,97.4,97.2,2,1,1.00,CYCLE,S
IND,208,6592,59453,19/01/2019,15:37:29,15,0,28.2,1.1,79.6,79.5,2,1,1.00,CYCLE,S
IND,208,6592,59452,19/01/2019,15:37:33,15,1,29.9,1.0,156.6,156.4,2,1,1.00,CYCLE,N
IND,208,6592,59452,19/01/2019,15:37:34,15,1,28.8,1.0,0.6,0.4,2,1,1.00,CYCLE,N
IND,208,6592,59452,19/01/2019,15:37:36,15,1,28.2,1.0,1.9,1.8,2,1,1.00,CYCLE,N
IND,208,6592,59452,19/01/2019,15:37:37,15,1,27.9,1.0,1.1,0.9,2,1,1.00,CYCLE,N
IND,208,6592,59453,19/01/2019,15:38:03,15,0,24.2,1.0,34.0,33.9,2,1,1.00,CYCLE,S
IND,208,6592,59452,19/01/2019,15:38:32,15,1,17.8,1.0,54.9,54.8,2,1,1.00,CYCLE,N
IND,208,6592,59452,19/01/2019,15:39:56,15,1,26.7,1.0,84.1,83.8,2,1,1.00,CYCLE,N
IND,208,6592,59453,19/01/2019,15:41:45,15,0,26.9,1.0,222.1,221.9,2,1,1.00,CYCLE,S
IND,208,6592,59453,19/01/2019,15:41:45,15,0,27.4,1.0,0.5,0.4,2,1,1.00,CYCLE,S
IND,208,6592,59452,19/01/2019,15:41:48,15,1,28.3,1.0,111.6,111.5,2,1,1.00,CYCLE,N
IND,208,6592,59452,19/01/2019,15:41:49,15,1,27.9,1.1,1.8,1.6,2,1,1.00,CYCLE,N
IND,208,6592,59453,19/01/2019,15:43:08,15,0,22.2,1.0,83.2,83.0,2,1,1.00,CYCLE,S
IND,208,6592,59452,19/01/2019,15:43:12,15,1,17.1,0.9,82.7,82.6,2,1,1.00,CYCLE,N
IND,208,6592,59452,19/01/2019,15:43:13,15,1,16.3,1.1,1.0,0.8,2,1,1.00,CYCLE,N
IND,208,6592,59453,19/01/2019,15:43:35,15,0,31.5,1.0,26.6,26.5,2,1,1.00,CYCLE,S
IND,208,6592,59452,19/01/2019,15:43:38,15,1,22.4,1.1,25.1,24.9,2,1,1.00,CYCLE,N
IND,208,6592,59453,19/01/2019,15:43:40,15,0,27.9,1.0,4.6,4.5,2,1,1.00,CYCLE,S
IND,208,6592,59453,19/01/2019,15:47:10,15,0,25.4,1.0,210.1,209.9,2,1,1.00,CYCLE,S
IND,208,6592,59452,19/01/2019,15:47:54,15,1,18.5,1.1,255.4,255.2,2,1,1.00,CYCLE,N
IND,208,6592,59452,19/01/2019,15:47:56,15,1,21.2,1.0,2.2,2.0,2,1,1.00,CYCLE,N
IND,208,6592,59452,19/01/2019,15:47:59,15,1,22.5,1.0,3.1,2.9,2,1,1.00,CYCLE,N
IND,208,6592,59452,19/01/2019,15:48:03,15,1,18.2,1.0,4.5,4.4,2,1,1.00,CYCLE,N
IND,208,6592,59452,19/01/2019,15:48:07,15,1,18.1,1.1,3.8,3.6,2,1,1.00,CYCLE,N
IND,208,6592,59452,19/01/2019,15:49:18,15,1,25.7,1.1,71.2,70.9,2,1,1.00,CYCLE,N
IND,208,6592,59452,19/01/2019,15:49:20,15,1,24.8,1.1,1.6,1.5,2,1,1.00,CYCLE,N
IND,208,6592,59452,19/01/2019,15:49:21,15,1,27.0,1.0,1.2,1.0,2,1,1.00,CYCLE,N
IND,208,6592,59452,19/01/2019,15:51:14,15,1,15.7,1.1,112.6,112.5,2,1,1.00,CYCLE,N
IND,208,6592,59452,19/01/2019,15:51:15,15,1,14.5,1.1,1.1,0.8,2,1,1.00,CYCLE,N
IND,208,6592,59453,19/01/2019,15:51:29,15,0,25.8,1.0,258.8,258.6,2,1,1.00,CYCLE,S
IND,208,6592,59452,19/01/2019,15:51:55,15,1,19.2,1.0,40.6,40.3,2,1,1.00,CYCLE,N
IND,208,6592,59452,19/01/2019,15:51:56,15,1,18.6,1.0,1.1,1.0,2,1,1.00,CYCLE,N
IND,208,6592,59452,19/01/2019,15:52:53,15,1,26.2,1.1,56.5,56.3,2,1,1.00,CYCLE,N
IND,208,6592,59452,19/01/2019,15:52:58,15,1,21.9,1.0,4.8,4.7,2,1,1.00,CYCLE,N
IND,208,6592,59452,19/01/2019,15:53:05,15,1,18.5,1.0,6.9,6.8,2,1,1.00,CYCLE,N
IND,208,6592,59453,19/01/2019,15:55:58,15,0,18.1,1.1,269.7,269.5,2,1,1.00,CYCLE,S
IND,208,6592,59452,19/01/2019,15:56:12,15,1,22.7,1.1,187.3,187.1,2,1,1.00,CYCLE,N
IND,208,6592,59452,19/01/2019,15:56:19,15,1,26.1,1.0,6.9,6.7,2,1,1.00,CYCLE,N
IND,208,6592,59452,19/01/2019,15:56:21,15,1,24.9,1.0,2.3,2.1,2,1,1.00,CYCLE,N
IND,208,6592,59453,19/01/2019,15:57:25,15,0,21.3,1.1,86.6,86.4,2,1,1.00,CYCLE,S
IND,208,6592,59452,19/01/2019,15:58:08,15,1,16.8,1.0,1.7,1.5,2,1,1.00,CYCLE,N
IND,208,6592,59453,19/01/2019,15:59:17,15,0,29.4,1.0,111.7,111.5,2,1,1.00,CYCLE,S
IND,208,6592,59453,19/01/2019,15:59:44,15,0,14.8,1.1,27.6,27.5,2,1,1.00,CYCLE,S
IND,208,6592,59453,19/01/2019,15:59:45,15,0,15.7,1.1,0.6,0.3,2,1,1.00,CYCLE,S
IND,208,6592,59453,19/01/2019,16:02:43,15,0,17.7,1.1,178.3,178.0,2,1,1.00,CYCLE,S
IND,208,6592,59453,19/01/2019,16:03:24,15,0,28.0,1.0,41.3,41.1,2,1,1.00,CYCLE,S
IND,208,6592,59452,19/01/2019,16:03:33,15,1,17.3,0.9,325.2,325.0,2,1,1.00,CYCLE,N
IND,208,6592,59452,19/01/2019,16:03:46,15,1,20.7,1.1,12.3,12.0,2,1,1.00,CYCLE,N
IND,208,6592,59452,19/01/2019,16:04:16,15,1,22.7,1.1,30.6,30.5,2,1,1.00,CYCLE,N
IND,208,6592,59452,19/01/2019,16:04:18,15,1,24.4,1.0,1.3,1.1,2,1,1.00,CYCLE,N
IND,208,6592,59452,19/01/2019,16:04:24,15,1,18.6,1.1,6.6,6.5,2,1,1.00,CYCLE,N
IND,208,6592,59452,19/01/2019,16:04:25,15,1,18.3,1.1,0.9,0.7,2,1,1.00,CYCLE,N
IND,208,6592,59453,19/01/2019,16:06:34,15,0,21.8,1.1,189.5,189.3,2,1,1.00,CYCLE,S
IND,208,6592,59452,19/01/2019,16:06:48,15,1,24.4,1.1,142.4,142.2,2,1,1.00,CYCLE,N
IND,208,6592,59453,19/01/2019,16:08:16,15,0,19.3,1.0,101.7,101.5,2,1,1.00,CYCLE,S
IND,208,6592,59453,19/01/2019,16:09:26,15,0,26.2,1.0,70.8,70.6,2,1,1.00,CYCLE,S
IND,208,6592,59453,19/01/2019,16:09:32,15,0,23.7,1.0,5.3,5.2,2,1,1.00,CYCLE,S
IND,208,6592,59453,19/01/2019,16:09:43,15,0,19.5,1.1,11.1,10.9,2,1,1.00,CYCLE,S
IND,208,6592,59453,19/01/2019,16:09:45,15,0,14.8,1.1,1.7,1.6,2,1,1.00,CYCLE,S
IND,208,6592,59453,19/01/2019,16:09:45,15,0,13.1,1.1,0.9,0.6,2,1,1.00,CYCLE,S
IND,208,6592,59452,19/01/2019,16:09:53,15,1,22.5,1.1,184.9,184.8,2,1,1.00,CYCLE,N
IND,208,6592,59452,19/01/2019,16:10:28,15,1,20.7,1.0,35.8,35.7,2,1,1.00,CYCLE,N
IND,208,6592,59452,19/01/2019,16:10:29,15,1,23.5,1.0,0.3,0.1,2,1,1.00,CYCLE,N
IND,208,6592,59452,19/01/2019,16:10:29,15,1,24.2,1.1,0.8,0.7,2,1,1.00,CYCLE,N
IND,208,6592,59452,19/01/2019,16:10:32,15,1,21.3,1.1,2.8,2.6,2,1,1.00,CYCLE,N
IND,208,6592,59452,19/01/2019,16:10:35,15,1,18.8,1.0,3.2,3.0,2,1,1.00,CYCLE,N
IND,208,6592,59453,19/01/2019,16:11:10,15,0,18.8,1.1,85.0,84.7,2,1,1.00,CYCLE,S
IND,208,6592,59453,19/01/2019,16:11:13,15,0,18.4,1.1,2.9,2.7,2,1,1.00,CYCLE,S
IND,208,6592,59453,19/01/2019,16:12:18,15,0,26.3,1.1,64.5,64.3,2,1,1.00,CYCLE,S
IND,208,6592,59452,19/01/2019,16:14:29,15,1,29.2,1.0,233.4,233.1,2,1,1.00,CYCLE,N
IND,208,6592,59452,19/01/2019,16:14:33,15,1,24.4,1.0,4.4,4.3,2,1,1.00,CYCLE,N
IND,208,6592,59452,19/01/2019,16:15:02,15,1,32.9,1.0,29.2,29.1,2,1,1.00,CYCLE,N
IND,208,6592,59452,19/01/2019,16:15:58,15,1,29.2,1.0,55.6,55.5,2,1,1.00,CYCLE,N
IND,208,6592,59452,19/01/2019,16:16:02,15,1,28.3,1.0,3.6,3.4,2,1,1.00,CYCLE,N
IND,208,6592,59453,19/01/2019,16:17:25,15,0,19.9,1.1,307.2,307.0,2,1,1.00,CYCLE,S
IND,208,6592,59453,19/01/2019,16:17:27,15,0,20.2,1.0,1.5,1.3,2,1,1.00,CYCLE,S
IND,208,6592,59452,19/01/2019,16:17:49,15,1,23.2,1.1,107.2,107.1,2,1,1.00,CYCLE,N
IND,208,6592,59452,19/01/2019,16:18:18,15,1,31.8,1.0,29.3,29.1,2,1,1.00,CYCLE,N
IND,208,6592,59453,19/01/2019,16:18:40,15,0,23.1,1.0,73.4,73.2,2,1,1.00,CYCLE,S
IND,208,6592,59452,19/01/2019,16:19:25,15,1,21.3,1.0,66.4,66.3,2,1,1.00,CYCLE,N
IND,208,6592,59452,19/01/2019,16:19:25,15,1,24.0,1.0,0.8,0.6,2,1,1.00,CYCLE,N
IND,208,6592,59452,19/01/2019,16:19:32,15,1,18.5,1.0,6.4,6.3,2,1,1.00,CYCLE,N
IND,208,6592,59452,19/01/2019,16:19:32,15,1,18.5,1.0,0.0,0.0,2,1,1.00,CYCLE,N
IND,208,6592,59452,19/01/2019,16:21:37,15,1,25.7,1.1,125.2,125.0,2,1,1.00,CYCLE,N
IND,208,6592,59453,19/01/2019,16:21:47,15,0,16.8,1.1,187.3,187.1,2,1,1.00,CYCLE,S
IND,208,6592,59453,19/01/2019,16:24:29,15,0,25.8,1.1,162.0,161.8,2,1,1.00,CYCLE,S
IND,208,6592,59452,19/01/2019,16:25:03,15,1,23.5,1.0,205.8,205.7,2,1,1.00,CYCLE,N
IND,208,6592,59452,19/01/2019,16:27:22,15,1,28.7,1.0,139.2,139.1,2,1,1.00,CYCLE,N
IND,208,6592,59452,19/01/2019,16:27:25,15,1,28.7,1.0,3.0,2.9,2,1,1.00,CYCLE,N
IND,208,6592,59452,19/01/2019,16:30:53,15,1,32.1,1.0,208.0,207.9,2,1,1.00,CYCLE,N
IND,208,6592,59452,19/01/2019,16:31:06,15,1,28.4,1.0,12.6,12.5,2,1,1.00,CYCLE,N
IND,208,6592,59452,19/01/2019,16:31:13,15,1,14.5,1.0,7.2,7.1,2,1,1.00,CYCLE,N
IND,208,6592,59452,19/01/2019,16:31:13,15,1,14.5,1.0,0.0,0.0,2,1,1.00,CYCLE,N
IND,208,6592,59452,19/01/2019,16:32:55,15,1,22.1,1.1,102.6,102.1,2,1,1.00,CYCLE,N
IND,208,6592,59452,19/01/2019,16:32:59,15,1,16.7,1.0,3.9,3.7,2,1,1.00,CYCLE,N
IND,208,6592,59453,19/01/2019,16:33:27,15,0,19.5,1.1,538.1,538.0,2,1,1.00,CYCLE,S
IND,208,6592,59453,19/01/2019,16:33:47,15,0,21.4,1.0,19.8,19.6,2,1,1.00,CYCLE,S
IND,208,6592,59452,19/01/2019,16:34:34,15,1,19.8,1.0,94.7,94.5,2,1,1.00,CYCLE,N
IND,208,6592,59452,19/01/2019,16:34:34,15,1,19.8,1.0,0.0,0.0,2,1,1.00,CYCLE,N
IND,208,6592,59453,19/01/2019,16:34:51,15,0,24.1,1.0,64.2,64.0,2,1,1.00,CYCLE,S
IND,208,6592,59452,19/01/2019,16:36:05,15,1,27.0,1.1,91.2,90.9,2,1,1.00,CYCLE,N
IND,208,6592,59452,19/01/2019,16:36:23,15,1,14.5,1.0,18.2,18.1,2,1,1.00,CYCLE,N
IND,208,6592,59452,19/01/2019,16:36:25,15,1,15.0,1.0,1.2,0.9,2,1,1.00,CYCLE,N
IND,208,6592,59452,19/01/2019,16:36:26,15,1,12.8,1.1,1.3,1.1,2,1,1.00,CYCLE,N
IND,208,6592,59452,19/01/2019,16:38:31,15,1,14.9,1.0,124.9,124.6,2,1,1.00,CYCLE,N
IND,208,6592,59452,19/01/2019,16:38:31,15,1,14.9,1.0,0.0,0.0,2,1,1.00,CYCLE,N
IND,208,6592,59452,19/01/2019,16:42:35,15,1,22.0,1.0,244.2,243.9,2,1,1.00,CYCLE,N
IND,208,6592,59452,19/01/2019,16:43:42,15,1,27.0,1.1,67.2,67.0,2,1,1.00,CYCLE,N
IND,208,6592,59452,19/01/2019,16:43:46,15,1,21.8,1.1,3.9,3.8,2,1,1.00,CYCLE,N
IND,208,6592,59453,19/01/2019,16:43:54,15,0,31.4,1.0,542.6,542.5,2,1,1.00,CYCLE,S
IND,208,6592,59452,19/01/2019,16:44:00,15,1,20.8,1.0,13.4,13.2,2,1,1.00,CYCLE,N
IND,208,6592,59453,19/01/2019,16:44:22,15,0,17.9,1.1,27.8,27.7,2,1,1.00,CYCLE,S
IND,208,6592,59453,19/01/2019,16:44:22,15,0,17.2,1.0,0.7,0.5,2,1,1.00,CYCLE,S
IND,208,6592,59453,19/01/2019,16:44:24,15,0,18.5,1.1,1.1,0.9,2,1,1.00,CYCLE,S
IND,208,6592,59453,19/01/2019,16:44:24,15,0,18.8,1.0,0.8,0.6,2,1,1.00,CYCLE,S
IND,208,6592,59453,19/01/2019,16:45:47,15,0,17.1,1.1,82.5,82.3,2,1,1.00,CYCLE,S
IND,208,6592,59453,19/01/2019,16:47:32,15,0,23.8,1.0,105.1,104.9,2,1,1.00,CYCLE,S
IND,208,6592,59452,19/01/2019,16:48:16,15,1,32.7,1.1,256.6,256.4,2,1,1.00,CYCLE,N
IND,208,6592,59452,19/01/2019,16:48:18,15,1,35.2,1.0,2.1,2.0,2,1,1.00,CYCLE,N
IND,208,6592,59453,19/01/2019,16:48:37,15,0,21.9,1.0,65.4,65.3,2,1,1.00,CYCLE,S
IND,208,6592,59452,19/01/2019,16:50:11,15,1,32.5,1.1,112.9,112.8,2,1,1.00,CYCLE,N
IND,208,6592,59452,19/01/2019,16:50:18,15,1,15.5,1.0,7.3,7.3,2,1,0.60,CYCLE,N
IND,208,6592,59452,19/01/2019,16:50:21,15,1,16.9,1.1,2.1,1.6,2,1,1.00,CYCLE,N
IND,208,6592,59453,19/01/2019,16:50:26,15,0,11.5,1.1,108.1,107.9,2,1,1.00,CYCLE,S
IND,208,6592,59452,19/01/2019,16:51:21,15,1,23.7,1.1,60.7,60.5,2,1,1.00,CYCLE,N
IND,208,6592,59452,19/01/2019,16:52:07,15,1,20.4,1.0,45.9,45.8,2,1,0.86,CYCLE,N
IND,208,6592,59452,19/01/2019,16:52:14,15,1,17.2,1.1,6.5,6.1,2,1,1.00,CYCLE,N
IND,208,6592,59452,19/01/2019,16:54:02,15,1,21.0,1.1,108.0,107.7,2,1,1.00,CYCLE,N
IND,208,6592,59452,19/01/2019,16:54:07,15,1,23.8,1.1,5.3,5.1,2,1,1.00,CYCLE,N
IND,208,6592,59452,19/01/2019,16:54:07,15,1,35.9,1.0,0.3,0.1,2,1,1.00,CYCLE,N
IND,208,6592,59452,19/01/2019,16:54:13,15,1,24.0,1.1,5.9,5.8,2,1,1.00,CYCLE,N
IND,208,6592,59452,19/01/2019,16:55:26,15,1,31.2,1.1,72.8,72.6,2,1,1.00,CYCLE,N
IND,208,6592,59452,19/01/2019,16:55:28,15,1,27.6,1.1,1.7,1.6,2,1,1.00,CYCLE,N
IND,208,6592,59452,19/01/2019,16:55:29,15,1,28.1,1.0,1.3,1.2,2,1,1.00,CYCLE,N
IND,208,6592,59452,19/01/2019,16:55:31,15,1,26.0,1.1,2.1,2.0,2,1,1.00,CYCLE,N
IND,208,6592,59452,19/01/2019,16:57:28,15,1,19.9,1.0,116.6,116.4,2,1,1.00,CYCLE,N
IND,208,6592,59453,19/01/2019,16:57:45,15,0,15.0,1.0,439.7,439.4,2,1,1.00,CYCLE,S
IND,208,6592,59452,19/01/2019,17:02:51,15,1,18.4,1.0,323.2,323.0,2,1,1.00,CYCLE,N
IND,208,6592,59452,19/01/2019,17:04:38,15,1,26.5,1.0,107.6,107.4,2,1,1.00,CYCLE,N
IND,208,6592,59453,19/01/2019,17:05:09,15,0,11.9,1.0,443.4,443.2,2,1,1.00,CYCLE,S
IND,208,6592,59453,19/01/2019,17:05:09,15,0,10.5,1.0,0.7,0.4,2,1,1.00,CYCLE,S
IND,208,6592,59453,19/01/2019,17:07:10,15,0,24.0,1.1,120.8,120.5,2,1,1.00,CYCLE,S
IND,208,6592,59452,19/01/2019,17:08:29,15,1,25.2,1.0,112.9,112.7,2,1,1.00,CYCLE,N
IND,208,6592,59452,19/01/2019,17:10:23,15,1,29.4,1.0,114.7,114.5,2,1,1.00,CYCLE,N
IND,208,6592,59452,19/01/2019,17:10:58,15,1,22.6,1.1,35.0,34.9,2,1,1.00,CYCLE,N
IND,208,6592,59453,19/01/2019,17:11:11,15,0,26.7,1.0,241.2,241.0,2,1,1.00,CYCLE,S
IND,208,6592,59452,19/01/2019,17:12:31,15,1,23.9,1.1,92.6,92.4,2,1,1.00,CYCLE,N
IND,208,6592,59452,19/01/2019,17:12:32,15,1,24.0,1.1,1.1,0.9,2,1,1.00,CYCLE,N
IND,208,6592,59453,19/01/2019,17:12:36,15,0,20.5,1.1,84.6,84.5,2,1,1.00,CYCLE,S
IND,208,6592,59452,19/01/2019,17:13:43,15,1,18.7,1.1,70.8,70.7,2,1,1.00,CYCLE,N
IND,208,6592,59453,19/01/2019,17:14:38,15,0,19.5,1.0,122.0,121.8,2,1,1.00,CYCLE,S
IND,208,6592,59453,19/01/2019,17:14:38,15,0,19.5,1.0,0.0,0.0,2,1,1.00,CYCLE,S
IND,208,6592,59453,19/01/2019,17:14:58,15,0,23.2,1.0,19.9,19.7,2,1,1.00,CYCLE,S
IND,208,6592,59452,19/01/2019,17:16:11,15,1,25.7,0.8,148.2,148.0,2,1,1.00,CYCLE,N
IND,208,6592,59452,19/01/2019,17:16:12,15,1,25.6,0.8,0.5,0.4,2,1,1.00,CYCLE,N
IND,208,6592,59453,19/01/2019,17:18:31,15,0,18.0,1.1,213.1,212.9,2,1,1.00,CYCLE,S
IND,208,6592,59452,19/01/2019,17:18:57,15,1,24.0,1.0,165.5,165.4,2,1,1.00,CYCLE,N
IND,208,6592,59452,19/01/2019,17:19:03,15,1,20.8,1.1,6.4,6.2,2,1,1.00,CYCLE,N
IND,208,6592,59452,19/01/2019,17:24:46,15,1,29.4,1.0,342.3,342.1,2,1,1.00,CYCLE,N
IND,208,6592,59452,19/01/2019,17:24:46,15,1,29.4,1.0,0.0,0.0,2,1,1.00,CYCLE,N
IND,208,6592,59453,19/01/2019,17:25:11,15,0,29.2,1.0,400.5,400.2,2,1,1.00,CYCLE,S
IND,208,6592,59452,19/01/2019,17:27:58,15,1,29.1,1.1,192.0,191.8,2,1,1.00,CYCLE,N
IND,208,6592,59452,19/01/2019,17:28:11,15,1,23.2,1.1,13.1,13.0,2,1,1.00,CYCLE,N
IND,208,6592,59452,19/01/2019,17:29:21,15,1,23.2,1.0,69.7,69.6,2,1,1.00,CYCLE,N
IND,208,6592,59452,19/01/2019,17:29:26,15,1,19.2,1.1,5.1,4.9,2,1,1.00,CYCLE,N
IND,208,6592,59452,19/01/2019,17:29:26,15,1,19.8,1.1,0.5,0.2,2,1,1.00,CYCLE,N
IND,208,6592,59452,19/01/2019,17:29:32,15,1,14.9,1.1,6.2,6.0,2,1,1.00,CYCLE,N
IND,208,6592,59452,19/01/2019,17:30:07,15,1,26.2,1.0,35.1,34.8,2,1,1.00,CYCLE,N
IND,208,6592,59452,19/01/2019,17:30:34,15,1,24.8,1.1,26.5,26.3,2,1,1.00,CYCLE,N
IND,208,6592,59452,19/01/2019,17:30:59,15,1,21.9,1.1,24.9,24.7,2,1,1.00,CYCLE,N
IND,208,6592,59452,19/01/2019,17:32:47,15,1,22.9,1.0,107.9,107.8,2,1,1.00,CYCLE,N
IND,208,6592,59452,19/01/2019,17:34:05,15,1,29.1,1.0,78.1,77.9,2,1,1.00,CYCLE,N
IND,208,6592,59452,19/01/2019,17:34:07,15,1,28.5,1.0,2.0,1.9,2,1,1.00,CYCLE,N
IND,208,6592,59452,19/01/2019,17:35:41,15,1,30.0,1.0,94.4,94.2,2,1,1.00,CYCLE,N
IND,208,6592,59452,19/01/2019,17:38:05,15,1,8.8,1.1,144.2,144.2,2,1,1.00,CYCLE,N
IND,208,6592,59452,19/01/2019,17:38:48,15,1,22.9,1.0,42.5,41.9,2,1,1.00,CYCLE,N
IND,208,6592,59452,19/01/2019,17:39:02,15,1,15.5,1.0,14.7,14.6,2,1,1.00,CYCLE,N
IND,208,6592,59453,19/01/2019,17:39:15,15,0,19.0,1.1,843.9,843.8,2,1,1.00,CYCLE,S
IND,208,6592,59453,19/01/2019,17:39:40,15,0,19.5,1.0,24.7,24.5,2,1,1.00,CYCLE,S
IND,208,6592,59452,19/01/2019,17:40:55,15,1,22.7,1.1,112.5,112.2,2,1,1.00,CYCLE,N
IND,208,6592,59453,19/01/2019,17:42:01,15,0,26.5,1.0,141.4,141.2,2,1,1.00,CYCLE,S
IND,208,6592,59452,19/01/2019,17:42:34,15,1,20.7,1.1,99.4,99.2,2,1,1.00,CYCLE,N
IND,208,6592,59452,19/01/2019,17:44:30,15,1,20.7,1.0,115.3,115.1,2,1,1.00,CYCLE,N
IND,208,6592,59453,19/01/2019,17:46:06,15,0,25.4,1.0,244.8,244.6,2,1,1.00,CYCLE,S
IND,208,6592,59452,19/01/2019,17:46:14,15,1,23.6,1.1,104.5,104.3,2,1,1.00,CYCLE,N
IND,208,6592,59453,19/01/2019,17:47:28,15,0,16.0,1.0,81.9,81.7,2,1,1.00,CYCLE,S
IND,208,6592,59453,19/01/2019,17:47:29,15,0,17.4,1.1,0.8,0.6,2,1,1.00,CYCLE,S
IND,208,6592,59452,19/01/2019,17:48:24,15,1,26.4,1.0,129.9,129.7,2,1,1.00,CYCLE,N
IND,208,6592,59453,19/01/2019,17:48:27,15,0,24.1,1.1,57.6,57.4,2,1,1.00,CYCLE,S
IND,208,6592,59452,19/01/2019,17:51:20,15,1,19.3,1.0,175.6,175.5,2,1,1.00,CYCLE,N
IND,208,6592,59452,19/01/2019,17:52:12,15,1,20.0,0.9,52.5,52.3,2,1,1.00,CYCLE,N
IND,208,6592,59453,19/01/2019,17:52:55,15,0,20.5,1.1,268.9,268.8,2,1,1.00,CYCLE,S
IND,208,6592,59452,19/01/2019,17:55:06,15,1,18.9,1.0,174.0,173.8,2,1,1.00,CYCLE,N
IND,208,6592,59452,19/01/2019,17:55:57,15,1,31.7,1.0,51.1,50.9,2,1,1.00,CYCLE,N
IND,208,6592,59453,19/01/2019,17:57:19,15,0,23.6,1.1,263.2,263.0,2,1,1.00,CYCLE,S
IND,208,6592,59453,19/01/2019,17:57:39,15,0,21.9,1.0,20.4,20.2,2,1,1.00,CYCLE,S
IND,208,6592,59452,19/01/2019,17:58:29,15,1,21.3,1.1,151.8,151.7,2,1,1.00,CYCLE,N
IND,208,6592,59452,19/01/2019,18:00:12,15,1,29.0,1.0,102.9,102.7,2,1,1.00,CYCLE,N
IND,208,6592,59452,19/01/2019,18:00:18,15,1,25.5,1.1,6.4,6.3,2,1,1.00,CYCLE,N
IND,208,6592,59452,19/01/2019,18:00:24,15,1,23.4,1.1,5.9,5.8,2,1,1.00,CYCLE,N
IND,208,6592,59452,19/01/2019,18:01:42,15,1,34.2,1.0,77.6,77.4,2,1,1.00,CYCLE,N
IND,208,6592,59452,19/01/2019,18:02:33,15,1,30.2,1.1,50.6,50.5,2,1,1.00,CYCLE,N
IND,208,6592,59453,19/01/2019,18:03:14,15,0,24.2,1.1,335.4,335.2,2,1,1.00,CYCLE,S
IND,208,6592,59453,19/01/2019,18:03:32,15,0,19.2,1.1,17.6,17.4,2,1,1.00,CYCLE,S
IND,208,6592,59452,19/01/2019,18:03:54,15,1,28.2,1.0,81.3,81.1,2,1,1.00,CYCLE,N
IND,208,6592,59453,19/01/2019,18:04:47,15,0,30.0,1.0,75.3,75.1,2,1,1.00,CYCLE,S
IND,208,6592,59453,19/01/2019,18:06:54,15,0,19.1,1.1,126.9,126.8,2,1,1.00,CYCLE,S
IND,208,6592,59453,19/01/2019,18:06:55,15,0,17.5,1.1,0.7,0.5,2,1,1.00,CYCLE,S
IND,208,6592,59453,19/01/2019,18:06:56,15,0,26.8,1.0,1.3,1.1,2,1,1.00,CYCLE,S
IND,208,6592,59452,19/01/2019,18:06:57,15,1,23.3,1.0,183.0,182.9,2,1,1.00,CYCLE,N
IND,208,6592,59452,19/01/2019,18:08:05,15,1,31.0,1.1,68.5,68.3,2,1,1.00,CYCLE,N
IND,208,6592,59452,19/01/2019,18:08:09,15,1,25.4,1.0,3.3,3.2,2,1,1.00,CYCLE,N
IND,208,6592,59452,19/01/2019,18:10:09,15,1,30.4,1.0,119.9,119.8,2,1,1.00,CYCLE,N
IND,208,6592,59452,19/01/2019,18:10:09,15,1,30.2,1.1,0.6,0.5,2,1,1.00,CYCLE,N
IND,208,6592,59453,19/01/2019,18:12:26,15,0,21.7,1.0,329.9,329.7,2,1,1.00,CYCLE,S
IND,208,6592,59453,19/01/2019,18:12:27,15,0,25.4,1.0,0.7,0.5,2,1,1.00,CYCLE,S
IND,208,6592,59452,19/01/2019,18:13:20,15,1,14.9,1.1,190.6,190.5,2,1,1.00,CYCLE,N
IND,208,6592,59453,19/01/2019,18:13:51,15,0,18.1,1.1,84.5,84.4,2,1,1.00,CYCLE,S
IND,208,6592,59452,19/01/2019,18:14:12,15,1,27.4,1.0,52.7,52.4,2,1,1.00,CYCLE,N
IND,208,6592,59453,19/01/2019,18:16:55,15,0,13.8,1.0,183.4,183.2,2,1,1.00,CYCLE,S
IND,208,6592,59453,19/01/2019,18:17:08,15,0,10.8,1.1,13.1,12.8,2,1,1.00,CYCLE,S
IND,208,6592,59452,19/01/2019,18:17:17,15,1,14.4,1.0,184.5,184.4,2,1,1.00,CYCLE,N
IND,208,6592,59452,19/01/2019,18:18:06,15,1,15.9,1.0,49.2,48.9,2,1,1.00,CYCLE,N
IND,208,6592,59453,19/01/2019,18:19:55,15,0,26.4,1.0,167.4,167.0,2,1,1.00,CYCLE,S
IND,208,6592,59452,19/01/2019,18:21:30,15,1,18.1,1.0,204.2,204.0,2,1,1.00,CYCLE,N
IND,208,6592,59452,19/01/2019,18:21:33,15,1,14.4,1.1,2.4,2.2,2,1,1.00,CYCLE,N
IND,208,6592,59452,19/01/2019,18:21:39,15,1,15.1,1.0,6.0,5.7,2,1,1.00,CYCLE,N
IND,208,6592,59452,19/01/2019,18:21:39,15,1,15.1,1.0,0.0,0.0,2,1,1.00,CYCLE,N
IND,208,6592,59452,19/01/2019,18:25:53,15,1,26.1,1.0,254.6,254.3,2,1,1.00,CYCLE,N
IND,208,6592,59453,19/01/2019,18:26:47,15,0,23.6,1.1,411.9,411.8,2,1,1.00,CYCLE,S
IND,208,6592,59453,19/01/2019,18:27:07,15,0,20.3,1.0,20.4,20.2,2,1,1.00,CYCLE,S
IND,208,6592,59453,19/01/2019,18:27:20,15,0,21.1,1.0,12.1,12.0,2,1,1.00,CYCLE,S
IND,208,6592,59452,19/01/2019,18:28:17,15,1,19.6,1.1,144.1,144.0,2,1,1.00,CYCLE,N
IND,208,6592,59452,19/01/2019,18:36:43,15,1,28.6,1.0,505.6,505.4,2,1,1.00,CYCLE,N
IND,208,6592,59453,19/01/2019,18:37:02,15,0,28.3,1.0,582.5,582.3,2,1,1.00,CYCLE,S
IND,208,6592,59452,19/01/2019,18:42:11,15,1,14.8,1.1,327.6,327.5,2,1,1.00,CYCLE,N
IND,208,6592,59452,19/01/2019,18:44:57,15,1,30.0,1.0,166.0,165.7,2,1,1.00,CYCLE,N
IND,208,6592,59453,19/01/2019,18:47:45,15,0,22.3,1.0,642.6,642.5,2,1,1.00,CYCLE,S
IND,208,6592,59453,19/01/2019,18:49:13,15,0,34.2,1.1,88.0,87.8,2,1,1.00,CYCLE,S
IND,208,6592,59453,19/01/2019,18:49:14,15,0,28.0,1.0,1.8,1.7,2,1,1.00,CYCLE,S
IND,208,6592,59452,19/01/2019,18:53:20,15,1,24.7,1.0,502.9,502.8,2,1,1.00,CYCLE,N
IND,208,6592,59452,19/01/2019,18:56:54,15,1,31.9,1.0,214.5,214.3,2,1,1.00,CYCLE,N
IND,208,6592,59452,19/01/2019,18:58:25,15,1,4.4,0.4,90.7,90.9,2,1,1.00,CYCLE,N
IND,208,6592,59452,19/01/2019,18:58:45,15,1,20.1,1.1,20.0,19.4,2,1,1.00,CYCLE,N
IND,208,6592,59452,19/01/2019,18:58:54,15,1,21.8,1.1,9.4,9.2,2,1,1.00,CYCLE,N
IND,208,6592,59453,19/01/2019,18:59:06,15,0,19.3,1.0,591.3,591.1,2,1,1.00,CYCLE,S
IND,208,6592,59452,19/01/2019,18:59:08,15,1,21.2,1.0,13.7,13.5,2,1,1.00,CYCLE,N
IND,208,6592,59452,19/01/2019,19:00:46,15,1,22.0,1.1,97.9,97.7,2,1,1.00,CYCLE,N
IND,208,6592,59453,19/01/2019,19:01:08,15,0,24.7,1.1,122.1,121.9,2,1,1.00,CYCLE,S
IND,208,6592,59453,19/01/2019,19:01:13,15,0,17.0,1.1,5.1,4.9,2,1,1.00,CYCLE,S
IND,208,6592,59452,19/01/2019,19:05:38,15,1,22.0,1.0,292.3,292.1,2,1,1.00,CYCLE,N
IND,208,6592,59452,19/01/2019,19:05:42,15,1,22.4,1.1,3.7,3.5,2,1,1.00,CYCLE,N
IND,208,6592,59453,19/01/2019,19:06:43,15,0,25.4,1.1,330.5,330.3,2,1,1.00,CYCLE,S
IND,208,6592,59452,19/01/2019,19:09:08,15,1,22.5,1.1,205.9,205.7,2,1,1.00,CYCLE,N
IND,208,6592,59453,19/01/2019,19:09:44,15,0,16.7,1.0,180.7,180.6,2,1,1.00,CYCLE,S
IND,208,6592,59452,19/01/2019,19:13:38,15,1,32.5,1.0,270.5,270.3,2,1,1.00,CYCLE,N
IND,208,6592,59453,19/01/2019,19:17:01,15,0,22.8,1.1,148.4,148.2,2,1,1.00,CYCLE,S
IND,208,6592,59453,19/01/2019,19:19:06,15,0,17.8,1.1,125.0,124.9,2,1,1.00,CYCLE,S
IND,208,6592,59452,19/01/2019,19:21:19,15,1,28.5,1.1,460.9,460.8,2,1,1.00,CYCLE,N
IND,208,6592,59453,19/01/2019,19:21:57,15,0,14.4,1.0,170.6,170.4,2,1,1.00,CYCLE,S
IND,208,6592,59452,19/01/2019,19:24:04,15,1,27.7,1.0,165.1,165.0,2,1,1.00,CYCLE,N
IND,208,6592,59452,19/01/2019,19:24:11,15,1,27.1,1.1,6.8,6.7,2,1,1.00,CYCLE,N
IND,208,6592,59452,19/01/2019,19:27:45,15,1,25.5,1.1,213.9,213.7,2,1,1.00,CYCLE,N
IND,208,6592,59453,19/01/2019,19:28:24,15,0,19.8,1.0,387.7,387.4,2,1,1.00,CYCLE,S
IND,208,6592,59452,19/01/2019,19:34:28,15,1,22.2,1.1,402.9,402.8,2,1,1.00,CYCLE,N
IND,208,6592,59453,19/01/2019,19:35:40,15,0,14.0,1.1,435.6,435.4,2,1,1.00,CYCLE,S
IND,208,6592,59453,19/01/2019,19:35:41,15,0,12.9,1.1,1.0,0.8,2,1,1.00,CYCLE,S
IND,208,6592,59452,19/01/2019,19:40:48,15,1,33.0,1.0,379.8,379.6,2,1,1.00,CYCLE,N
IND,208,6592,59453,19/01/2019,19:40:52,15,0,24.2,1.0,310.6,310.3,2,1,1.00,CYCLE,S
IND,208,6592,59452,19/01/2019,19:42:55,15,1,18.9,1.0,127.0,126.9,2,1,1.00,CYCLE,N
IND,208,6592,59453,19/01/2019,19:43:18,15,0,24.8,1.0,146.1,145.9,2,1,1.00,CYCLE,S
IND,208,6592,59452,19/01/2019,19:45:05,15,1,21.7,1.1,130.6,130.4,2,1,1.00,CYCLE,N
IND,208,6592,59452,19/01/2019,19:47:43,15,1,26.5,1.0,157.5,157.3,2,1,1.00,CYCLE,N
IND,208,6592,59452,19/01/2019,19:54:11,15,1,26.6,1.0,388.8,388.6,2,1,1.00,CYCLE,N
IND,208,6592,59452,19/01/2019,19:55:54,15,1,26.7,1.1,102.7,102.6,2,1,1.00,CYCLE,N
IND,208,6592,59452,19/01/2019,19:58:02,15,1,23.9,1.1,127.8,127.7,2,1,1.00,CYCLE,N
IND,208,6592,59452,19/01/2019,19:59:29,15,1,26.8,1.1,86.8,86.7,2,1,1.00,CYCLE,N
IND,208,6592,59453,19/01/2019,19:59:37,15,0,17.6,1.0,978.9,978.8,2,1,1.00,CYCLE,S
IND,208,6592,59453,19/01/2019,19:59:43,15,0,45.6,1.1,5.8,5.6,2,1,1.00,CYCLE,S
IND,208,6592,59452,19/01/2019,20:16:14,15,1,25.0,1.1,1005.0,1004.9,2,1,1.00,CYCLE,N
IND,208,6592,59452,19/01/2019,20:18:37,15,1,20.8,1.1,143.3,143.1,2,1,1.00,CYCLE,N
IND,208,6592,59452,19/01/2019,20:20:20,15,1,21.6,1.1,102.4,102.2,2,1,1.00,CYCLE,N
IND,208,6592,59452,19/01/2019,20:24:21,15,1,25.4,1.1,241.2,241.0,2,1,1.00,CYCLE,N
IND,208,6592,59452,19/01/2019,20:29:16,15,1,23.8,1.1,295.7,295.6,2,1,1.00,CYCLE,N
IND,208,6592,59452,19/01/2019,20:31:05,15,1,24.5,1.0,108.1,108.0,2,1,1.00,CYCLE,N
IND,208,6592,59452,19/01/2019,20:31:13,15,1,20.7,1.0,8.0,7.9,2,1,1.00,CYCLE,N
IND,208,6592,59452,19/01/2019,20:33:33,15,1,28.9,1.0,140.4,140.2,2,1,1.00,CYCLE,N
IND,208,6592,59453,19/01/2019,20:39:49,15,0,13.6,1.0,2406.2,2406.1,2,1,1.00,CYCLE,S
IND,208,6592,59452,19/01/2019,20:44:45,15,1,13.5,1.1,672.3,672.2,2,1,1.00,CYCLE,N
IND,208,6592,59453,19/01/2019,20:44:54,15,0,32.6,1.0,304.8,304.5,2,1,1.00,CYCLE,S
IND,208,6592,59453,19/01/2019,20:47:42,15,0,20.0,1.0,168.3,168.2,2,1,1.00,CYCLE,S
IND,208,6592,59452,19/01/2019,20:48:19,15,1,10.4,1.0,213.6,213.3,2,1,1.00,CYCLE,N
IND,208,6592,59452,19/01/2019,20:48:19,15,1,10.4,1.0,0.0,0.0,2,1,1.00,CYCLE,N
IND,208,6592,59453,19/01/2019,20:49:00,15,0,4.3,1.0,77.8,77.6,2,1,0.67,CYCLE,S
IND,208,6592,59452,19/01/2019,20:50:41,15,1,18.3,1.0,141.9,141.4,2,1,1.00,CYCLE,N
IND,208,6592,59452,19/01/2019,20:51:53,15,1,29.1,1.1,72.4,72.1,2,1,1.00,CYCLE,N
IND,208,6592,59452,19/01/2019,20:52:11,15,1,27.2,1.1,18.2,18.1,2,1,1.00,CYCLE,N
IND,208,6592,59452,19/01/2019,20:54:14,15,1,21.9,1.1,122.3,122.2,2,1,1.00,CYCLE,N
IND,208,6592,59452,19/01/2019,20:57:44,15,1,22.9,1.1,210.2,210.0,2,1,1.00,CYCLE,N
IND,208,6592,59452,19/01/2019,21:01:21,15,1,33.4,1.0,216.9,216.7,2,1,1.00,CYCLE,N
IND,208,6592,59452,19/01/2019,21:01:33,15,1,26.9,1.0,11.9,11.8,2,1,1.00,CYCLE,N
IND,208,6592,59452,19/01/2019,21:01:45,15,1,25.7,1.0,12.1,11.9,2,1,1.00,CYCLE,N
IND,208,6592,59452,19/01/2019,21:02:49,15,1,27.7,1.1,64.7,64.5,2,1,1.00,CYCLE,N
IND,208,6592,59452,19/01/2019,21:05:44,15,1,20.8,1.1,174.5,174.4,2,1,1.00,CYCLE,N
IND,208,6592,59452,19/01/2019,21:05:47,15,1,19.4,1.1,2.6,2.4,2,1,1.00,CYCLE,N
IND,208,6592,59452,19/01/2019,21:07:20,15,1,22.4,1.1,93.8,93.6,2,1,1.00,CYCLE,N
IND,208,6592,59452,19/01/2019,21:11:50,15,1,23.0,1.1,269.7,269.5,2,1,1.00,CYCLE,N
IND,208,6592,59452,19/01/2019,21:12:01,15,1,21.2,1.1,11.2,11.0,2,1,1.00,CYCLE,N
IND,208,6592,59452,19/01/2019,21:12:52,15,1,22.1,1.1,51.0,50.8,2,1,1.00,CYCLE,N
IND,208,6592,59452,19/01/2019,21:14:34,15,1,15.3,1.1,101.6,101.4,2,1,1.00,CYCLE,N
IND,208,6592,59452,19/01/2019,21:18:23,15,1,20.8,1.2,229.2,228.9,2,1,1.00,CYCLE,N
IND,208,6592,59453,19/01/2019,21:19:11,15,0,26.6,1.0,1811.5,1810.8,2,1,1.00,CYCLE,S
IND,208,6592,59452,19/01/2019,21:21:09,15,1,26.9,1.1,165.9,165.7,2,1,1.00,CYCLE,N
IND,208,6592,59452,19/01/2019,21:21:10,15,1,24.0,1.0,0.9,0.7,2,1,1.00,CYCLE,N
IND,208,6592,59452,19/01/2019,21:28:51,15,1,22.3,1.1,461.6,461.5,2,1,1.00,CYCLE,N
IND,208,6592,59452,19/01/2019,21:30:58,15,1,24.7,1.1,126.2,126.0,2,1,1.00,CYCLE,N
IND,208,6592,59453,19/01/2019,21:33:06,15,0,26.3,1.0,834.9,834.8,2,1,1.00,CYCLE,S
IND,208,6592,59452,19/01/2019,21:38:46,15,1,44.1,1.1,468.8,468.7,2,1,1.00,CYCLE,N
IND,208,6592,59452,19/01/2019,21:47:43,15,1,23.7,1.0,536.6,536.5,2,1,1.00,CYCLE,N
IND,208,6592,59453,19/01/2019,21:49:38,15,0,23.8,1.0,991.9,991.8,2,1,1.00,CYCLE,S
IND,208,6592,59452,19/01/2019,21:52:03,15,1,24.3,1.1,260.0,259.8,2,1,1.00,CYCLE,N
IND,208,6592,59452,19/01/2019,21:52:10,15,1,19.9,1.0,7.4,7.2,2,1,1.00,CYCLE,N
IND,208,6592,59453,19/01/2019,21:58:04,15,0,20.5,1.0,505.5,505.3,2,1,0.50,CYCLE,S
IND,208,6592,59452,19/01/2019,21:58:04,15,1,20.5,1.0,0.0,0.0,2,1,0.50,CYCLE,N
IND,208,6592,59452,19/01/2019,22:09:54,15,1,13.9,1.0,1063.4,1063.3,2,1,1.00,CYCLE,N
IND,208,6592,59452,19/01/2019,22:11:03,15,1,18.4,1.0,68.7,68.4,2,1,1.00,CYCLE,N
IND,208,6592,59452,19/01/2019,22:12:57,15,1,14.8,1.0,114.6,114.4,2,1,1.00,CYCLE,N
IND,208,6592,59453,19/01/2019,22:20:48,15,0,27.5,1.0,1364.9,1364.4,2,1,1.00,CYCLE,S
IND,208,6592,59452,19/01/2019,22:24:20,15,1,24.5,0.9,683.3,683.1,2,1,1.00,CYCLE,N
IND,208,6592,59453,19/01/2019,22:25:15,15,0,16.4,1.1,266.9,266.8,2,1,1.00,CYCLE,S
IND,208,6592,59452,19/01/2019,22:42:27,15,1,27.5,1.0,1086.4,1086.3,2,1,1.00,CYCLE,N
IND,208,6592,59452,19/01/2019,22:51:45,15,1,22.1,1.1,557.8,557.6,2,1,1.00,CYCLE,N
IND,208,6592,59452,19/01/2019,22:55:12,15,1,21.9,1.1,207.1,207.0,2,1,1.00,CYCLE,N
IND,208,6592,59452,19/01/2019,22:55:17,15,1,18.7,1.1,4.7,4.5,2,1,1.00,CYCLE,N
IND,208,6592,59452,19/01/2019,22:56:10,15,1,27.8,1.1,52.3,52.0,2,1,1.00,CYCLE,N
IND,208,6592,59452,19/01/2019,22:56:39,15,1,24.9,1.0,29.3,29.2,2,1,1.00,CYCLE,N
IND,208,6592,59452,19/01/2019,22:56:41,15,1,24.6,1.1,2.4,2.2,2,1,1.00,CYCLE,N
IND,208,6592,59452,19/01/2019,23:05:32,15,1,19.3,1.0,530.3,530.2,2,1,1.00,CYCLE,N
IND,208,6592,59453,19/01/2019,23:06:19,15,0,24.2,1.0,2463.7,2463.5,2,1,1.00,CYCLE,S
IND,208,6592,59452,19/01/2019,23:07:26,15,1,20.0,1.1,114.3,114.1,2,1,1.00,CYCLE,N
IND,208,6592,59453,19/01/2019,23:28:44,15,0,18.5,1.0,1344.8,1344.7,2,1,1.00,CYCLE,S
IND,208,6592,59452,19/01/2019,23:28:46,15,1,25.2,1.0,401.4,401.0,2,1,1.00,CYCLE,N
IND,208,6592,59452,19/01/2019,23:37:19,15,1,29.0,0.9,512.3,512.2,2,1,1.00,CYCLE,N
IND,208,6592,59452,19/01/2019,23:47:12,15,1,20.2,1.0,593.4,593.3,2,1,1.00,CYCLE,N
IND,208,6592,59452,19/01/2019,23:57:40,15,1,24.1,1.1,628.4,628.2,2,1,1.00,CYCLE,N
IND,208,6592,59452,20/01/2019,00:05:52,15,1,19.6,1.1,491.9,491.8,2,1,1.00,CYCLE,N
IND,208,6592,59452,20/01/2019,00:22:38,15,1,28.8,1.0,1005.5,1005.3,2,1,1.00,CYCLE,N
IND,208,6592,59453,20/01/2019,00:52:14,15,0,18.0,1.0,5010.3,5010.1,2,1,1.00,CYCLE,S
IND,208,6592,59452,20/01/2019,00:58:00,15,1,26.1,1.0,2121.8,2121.7,2,1,1.00,CYCLE,N
IND,208,6592,59452,20/01/2019,01:04:49,15,1,30.6,1.1,408.8,408.7,2,1,1.00,CYCLE,N
IND,208,6592,59452,20/01/2019,01:13:52,15,1,22.7,1.1,543.1,543.0,2,1,1.00,CYCLE,N
IND,208,6592,59452,20/01/2019,01:36:36,15,1,17.7,1.0,1364.7,1364.5,2,1,1.00,CYCLE,N
IND,208,6592,59452,20/01/2019,02:03:07,15,1,20.2,1.0,1591.0,1590.8,2,1,1.00,CYCLE,N
IND,208,6592,59452,20/01/2019,02:14:22,15,1,17.4,1.0,674.2,674.1,2,1,1.00,CYCLE,N
IND,208,6592,59452,20/01/2019,02:45:56,15,1,21.0,1.1,1894.2,1893.9,2,1,1.00,CYCLE,N
IND,208,6592,59452,20/01/2019,02:57:44,15,1,29.0,1.1,708.7,708.4,2,1,1.00,CYCLE,N
IND,208,6592,59453,20/01/2019,04:26:13,15,0,23.8,1.1,12838.8,12838.6,2,1,1.00,CYCLE,S
IND,208,6592,59453,20/01/2019,04:30:47,15,0,25.6,1.1,273.6,273.4,2,1,1.00,CYCLE,S
IND,208,6592,59453,20/01/2019,04:33:05,15,0,25.5,1.0,139.0,138.8,2,1,1.00,CYCLE,S
IND,208,6592,59452,20/01/2019,04:34:49,15,1,24.8,1.1,5824.7,5824.6,2,1,1.00,CYCLE,N
IND,208,6592,59453,20/01/2019,04:35:10,15,0,32.1,1.0,124.6,124.5,2,1,1.00,CYCLE,S
IND,208,6592,59453,20/01/2019,04:41:13,15,0,32.0,1.0,362.4,362.3,2,1,1.00,CYCLE,S
IND,208,6592,59452,20/01/2019,04:42:00,15,1,19.2,1.1,430.4,430.2,2,1,1.00,CYCLE,N
IND,208,6592,59453,20/01/2019,04:48:08,15,0,16.8,1.0,415.7,415.5,2,1,1.00,CYCLE,S
IND,208,6592,59453,20/01/2019,04:57:44,15,0,23.7,1.0,575.5,575.3,2,1,1.00,CYCLE,S
IND,208,6592,59453,20/01/2019,05:15:10,15,0,21.4,1.1,1046.6,1046.4,2,1,1.00,CYCLE,S
IND,208,6592,59453,20/01/2019,05:21:43,15,0,28.3,1.0,392.5,392.3,2,1,1.00,CYCLE,S
IND,208,6592,59453,20/01/2019,05:22:43,15,0,18.0,1.0,60.5,60.4,2,1,1.00,CYCLE,S
IND,208,6592,59453,20/01/2019,05:23:23,15,0,27.3,1.0,40.0,39.8,2,1,1.00,CYCLE,S
IND,208,6592,59453,20/01/2019,05:25:06,15,0,23.7,1.1,102.7,102.6,2,1,1.00,CYCLE,S
IND,208,6592,59453,20/01/2019,05:25:37,15,0,21.7,1.0,31.0,30.8,2,1,1.00,CYCLE,S
IND,208,6592,59452,20/01/2019,05:31:12,15,1,25.2,1.0,2952.2,2952.0,2,1,1.00,CYCLE,N
IND,208,6592,59452,20/01/2019,05:35:44,15,1,27.1,1.0,272.0,271.8,2,1,1.00,CYCLE,N
IND,208,6592,59452,20/01/2019,05:35:44,15,1,27.1,1.0,0.0,0.0,2,1,1.00,CYCLE,N
IND,208,6592,59453,20/01/2019,05:37:57,15,0,28.3,1.0,739.6,739.5,2,1,1.00,CYCLE,S
IND,208,6592,59453,20/01/2019,05:38:03,15,0,28.7,1.1,6.7,6.6,2,1,1.00,CYCLE,S
IND,208,6592,59453,20/01/2019,05:40:13,15,0,30.0,1.0,129.7,129.6,2,1,1.00,CYCLE,S
IND,208,6592,59453,20/01/2019,05:41:51,15,0,26.4,1.0,97.8,97.7,2,1,1.00,CYCLE,S
IND,208,6592,59453,20/01/2019,05:42:59,15,0,21.4,1.0,68.1,68.0,2,1,1.00,CYCLE,S
IND,208,6592,59453,20/01/2019,05:42:59,15,0,21.4,1.0,0.0,0.0,2,1,1.00,CYCLE,S
IND,208,6592,59453,20/01/2019,05:43:02,15,0,23.4,1.1,2.5,2.3,2,1,1.00,CYCLE,S
IND,208,6592,59453,20/01/2019,05:43:42,15,0,30.7,1.0,40.2,40.0,2,1,1.00,CYCLE,S
IND,208,6592,59453,20/01/2019,05:44:20,15,0,24.5,1.0,37.8,37.7,2,1,1.00,CYCLE,S
IND,208,6592,59453,20/01/2019,05:47:13,15,0,33.4,1.0,173.1,173.0,2,1,1.00,CYCLE,S
IND,208,6592,59453,20/01/2019,05:48:17,15,0,23.3,1.0,64.7,64.6,2,1,1.00,CYCLE,S
IND,208,6592,59453,20/01/2019,05:48:17,15,0,23.3,1.0,0.0,0.0,2,1,1.00,CYCLE,S
IND,208,6592,59453,20/01/2019,05:49:23,15,0,27.7,1.0,65.9,65.6,2,1,1.00,CYCLE,S
IND,208,6592,59453,20/01/2019,05:49:34,15,0,23.9,1.0,10.3,10.1,2,1,1.00,CYCLE,S
IND,208,6592,59453,20/01/2019,05:49:34,15,0,23.9,1.0,0.0,0.0,2,1,1.00,CYCLE,S
IND,208,6592,59452,20/01/2019,05:50:33,15,1,16.6,1.0,888.9,888.8,2,1,1.00,CYCLE,N
IND,208,6592,59453,20/01/2019,05:50:40,15,0,18.0,1.0,26.2,26.1,2,1,1.00,CYCLE,S
IND,208,6592,59453,20/01/2019,05:52:32,15,0,27.9,1.0,111.5,111.3,2,1,1.00,CYCLE,S
IND,208,6592,59453,20/01/2019,05:52:56,15,0,31.3,1.0,24.5,24.4,2,1,1.00,CYCLE,S
IND,208,6592,59453,20/01/2019,05:55:38,15,0,24.9,1.1,162.0,161.9,2,1,1.00,CYCLE,S
IND,208,6592,59453,20/01/2019,05:58:19,15,0,30.8,1.0,160.7,160.6,2,1,1.00,CYCLE,S
IND,208,6592,59453,20/01/2019,05:59:29,15,0,26.2,1.0,70.3,70.2,2,1,1.00,CYCLE,S
IND,208,6592,59453,20/01/2019,05:59:40,15,0,32.1,1.0,10.7,10.6,2,1,1.00,CYCLE,S
IND,208,6592,59453,20/01/2019,05:59:42,15,0,25.8,1.0,1.9,1.8,2,1,1.00,CYCLE,S
IND,208,6592,59453,20/01/2019,05:59:44,15,0,27.0,1.0,2.1,2.0,2,1,1.00,CYCLE,S
IND,208,6592,59453,20/01/2019,05:59:58,15,0,20.3,1.0,14.0,13.9,2,1,1.00,CYCLE,S
IND,208,6592,59453,20/01/2019,06:02:12,15,0,26.4,1.0,134.3,134.2,2,1,1.00,CYCLE,S
IND,208,6592,59453,20/01/2019,06:04:32,15,0,28.1,1.0,139.3,139.1,2,1,1.00,CYCLE,S
IND,208,6592,59453,20/01/2019,06:06:19,15,0,17.3,1.0,107.9,107.8,2,1,1.00,CYCLE,S
IND,208,6592,59453,20/01/2019,06:06:21,15,0,17.8,1.0,1.9,1.6,2,1,1.00,CYCLE,S
IND,208,6592,59453,20/01/2019,06:08:22,15,0,29.7,1.0,120.9,120.7,2,1,1.00,CYCLE,S
IND,208,6592,59453,20/01/2019,06:09:54,15,0,30.0,1.0,91.8,91.7,2,1,1.00,CYCLE,S
IND,208,6592,59452,20/01/2019,06:11:59,15,1,20.6,1.0,1286.6,1286.4,2,1,1.00,CYCLE,N
IND,208,6592,59452,20/01/2019,06:11:59,15,1,20.6,1.0,0.0,0.0,2,1,1.00,CYCLE,N
IND,208,6592,59453,20/01/2019,06:16:02,15,0,30.3,1.0,367.9,367.7,2,1,1.00,CYCLE,S
IND,208,6592,59453,20/01/2019,06:17:33,15,0,19.7,1.1,91.5,91.4,2,1,1.00,CYCLE,S
IND,208,6592,59452,20/01/2019,06:17:37,15,1,26.4,1.1,337.7,337.5,2,1,1.00,CYCLE,N
IND,208,6592,59453,20/01/2019,06:20:42,15,0,24.2,1.1,188.8,188.6,2,1,1.00,CYCLE,S
IND,208,6592,59452,20/01/2019,06:20:46,15,1,29.3,1.0,189.3,189.2,2,1,1.00,CYCLE,N
IND,208,6592,59453,20/01/2019,06:21:31,15,0,26.4,1.0,49.1,48.9,2,1,1.00,CYCLE,S
IND,208,6592,59453,20/01/2019,06:21:32,15,0,25.5,1.0,0.3,0.1,2,1,1.00,CYCLE,S
IND,208,6592,59452,20/01/2019,06:22:02,15,1,24.2,1.0,75.5,75.4,2,1,1.00,CYCLE,N
IND,208,6592,59453,20/01/2019,06:22:38,15,0,22.2,1.1,66.8,66.5,2,1,1.00,CYCLE,S
IND,208,6592,59453,20/01/2019,06:23:23,15,0,21.7,1.1,44.4,44.3,2,1,1.00,CYCLE,S
IND,208,6592,59453,20/01/2019,06:23:52,15,0,23.6,1.1,29.5,29.3,2,1,1.00,CYCLE,S
IND,208,6592,59453,20/01/2019,06:24:06,15,0,36.6,1.0,14.0,13.8,2,1,1.00,CYCLE,S
IND,208,6592,59453,20/01/2019,06:24:54,15,0,22.0,1.0,48.0,47.9,2,1,1.00,CYCLE,S
IND,208,6592,59452,20/01/2019,06:25:35,15,1,16.3,1.1,213.2,213.1,2,1,1.00,CYCLE,N
IND,208,6592,59453,20/01/2019,06:26:17,15,0,22.0,1.0,83.0,82.9,2,1,1.00,CYCLE,S
IND,208,6592,59453,20/01/2019,06:26:36,15,0,20.2,1.0,18.3,18.1,2,1,1.00,CYCLE,S
IND,208,6592,59453,20/01/2019,06:26:54,15,0,21.6,1.0,19.0,18.8,2,1,1.00,CYCLE,S
IND,208,6592,59453,20/01/2019,06:26:54,15,0,21.6,1.0,0.0,0.0,2,1,1.00,CYCLE,S
IND,208,6592,59452,20/01/2019,06:27:24,15,1,28.3,1.0,108.6,108.4,2,1,1.00,CYCLE,N
IND,208,6592,59453,20/01/2019,06:29:44,15,0,24.2,1.0,169.7,169.4,2,1,1.00,CYCLE,S
IND,208,6592,59453,20/01/2019,06:30:54,15,0,32.0,1.0,69.6,69.4,2,1,1.00,CYCLE,S
IND,208,6592,59452,20/01/2019,06:31:04,15,1,24.9,1.1,220.0,219.9,2,1,1.00,CYCLE,N
IND,208,6592,59452,20/01/2019,06:31:35,15,1,22.2,1.0,31.8,31.6,2,1,1.00,CYCLE,N
IND,208,6592,59452,20/01/2019,06:31:35,15,1,22.2,1.0,0.0,0.0,2,1,1.00,CYCLE,N
IND,208,6592,59452,20/01/2019,06:31:50,15,1,20.8,1.0,14.3,14.0,2,1,0.80,CYCLE,N
IND,208,6592,59453,20/01/2019,06:32:00,15,0,25.2,1.0,66.5,66.4,2,1,1.00,CYCLE,S
IND,208,6592,59453,20/01/2019,06:32:37,15,0,26.3,1.0,37.1,37.0,2,1,1.00,CYCLE,S
IND,208,6592,59453,20/01/2019,06:32:40,15,0,28.3,1.0,2.3,2.2,2,1,1.00,CYCLE,S
IND,208,6592,59453,20/01/2019,06:32:41,15,0,28.8,1.0,0.9,0.8,2,1,1.00,CYCLE,S
IND,208,6592,59453,20/01/2019,06:32:46,15,0,24.2,1.0,5.4,5.2,2,1,1.00,CYCLE,S
IND,208,6592,59452,20/01/2019,06:33:01,15,1,25.2,1.1,71.5,71.3,2,1,1.00,CYCLE,N
IND,208,6592,59453,20/01/2019,06:33:19,15,0,25.3,1.0,32.9,32.8,2,1,1.00,CYCLE,S
IND,208,6592,59453,20/01/2019,06:33:32,15,0,24.5,1.0,13.4,13.3,2,1,1.00,CYCLE,S
IND,208,6592,59453,20/01/2019,06:33:33,15,0,26.2,1.0,0.4,0.3,2,1,1.00,CYCLE,S
IND,208,6592,59453,20/01/2019,06:34:18,15,0,25.2,1.0,45.8,45.6,2,1,0.91,CYCLE,S
IND,208,6592,59453,20/01/2019,06:34:18,15,0,25.2,1.0,0.0,0.0,2,1,0.91,CYCLE,S
IND,208,6592,59452,20/01/2019,06:34:29,15,1,26.6,1.1,87.5,87.3,2,1,1.00,CYCLE,N
IND,208,6592,59453,20/01/2019,06:35:32,15,0,22.2,1.1,73.4,73.1,2,1,1.00,CYCLE,S
IND,208,6592,59453,20/01/2019,06:36:04,15,0,22.2,1.0,31.6,31.4,2,1,1.00,CYCLE,S
IND,208,6592,59453,20/01/2019,06:36:14,15,0,21.4,1.0,10.3,10.1,2,1,1.00,CYCLE,S
IND,208,6592,59453,20/01/2019,06:36:14,15,0,21.4,1.0,0.0,0.0,2,1,1.00,CYCLE,S
IND,208,6592,59453,20/01/2019,06:36:14,15,0,21.4,1.0,0.0,0.0,2,1,1.00,CYCLE,S
IND,208,6592,59453,20/01/2019,06:36:31,15,0,24.6,1.1,17.5,16.7,2,1,1.00,CYCLE,S
IND,208,6592,59452,20/01/2019,06:37:00,15,1,27.3,1.0,151.6,151.4,2,1,1.00,CYCLE,N
IND,208,6592,59453,20/01/2019,06:38:07,15,0,25.6,1.0,96.0,95.8,2,1,1.00,CYCLE,S
IND,208,6592,59453,20/01/2019,06:38:41,15,0,23.1,1.0,33.4,33.3,2,1,1.00,CYCLE,S
IND,208,6592,59452,20/01/2019,06:40:08,15,1,26.5,1.0,175.9,175.2,2,1,1.00,CYCLE,N
IND,208,6592,59453,20/01/2019,06:40:10,15,0,24.2,1.0,89.1,89.0,2,1,1.00,CYCLE,S
IND,208,6592,59453,20/01/2019,06:42:00,15,0,28.4,1.0,109.9,109.7,2,1,1.00,CYCLE,S
IND,208,6592,59453,20/01/2019,06:42:02,15,0,26.9,1.0,2.5,2.4,2,1,1.00,CYCLE,S
IND,208,6592,59452,20/01/2019,06:44:37,15,1,26.7,1.0,269.2,269.0,2,1,1.00,CYCLE,N
IND,208,6592,59453,20/01/2019,06:45:58,15,0,26.9,1.0,235.8,235.7,2,1,1.00,CYCLE,S
IND,208,6592,59453,20/01/2019,06:46:33,15,0,23.6,1.0,35.2,35.1,2,1,1.00,CYCLE,S
IND,208,6592,59453,20/01/2019,06:46:38,15,0,24.0,1.0,4.3,4.2,2,1,1.00,CYCLE,S
IND,208,6592,59453,20/01/2019,06:47:10,15,0,21.7,1.0,32.6,32.4,2,1,1.00,CYCLE,S
IND,208,6592,59452,20/01/2019,06:47:11,15,1,20.3,1.0,153.2,153.1,2,1,1.00,CYCLE,N
IND,208,6592,59452,20/01/2019,06:47:13,15,1,24.6,1.0,2.2,2.0,2,1,1.00,CYCLE,N
IND,208,6592,59453,20/01/2019,06:47:18,15,0,31.0,1.0,7.8,7.7,2,1,1.00,CYCLE,S
IND,208,6592,59453,20/01/2019,06:47:35,15,0,27.3,1.0,16.8,16.7,2,1,1.00,CYCLE,S
IND,208,6592,59453,20/01/2019,06:48:18,15,0,25.7,1.0,43.7,43.6,2,1,1.00,CYCLE,S
IND,208,6592,59452,20/01/2019,06:50:47,15,1,25.0,1.1,214.0,213.9,2,1,1.00,CYCLE,N
IND,208,6592,59453,20/01/2019,06:51:35,15,0,23.9,1.0,196.1,196.0,2,1,1.00,CYCLE,S
IND,208,6592,59453,20/01/2019,06:51:35,15,0,23.9,1.0,0.0,0.0,2,1,1.00,CYCLE,S
IND,208,6592,59453,20/01/2019,06:53:02,15,0,22.8,1.0,87.5,87.3,2,1,1.00,CYCLE,S
IND,208,6592,59453,20/01/2019,06:53:11,15,0,23.2,1.1,9.0,8.8,2,1,1.00,CYCLE,S
IND,208,6592,59452,20/01/2019,06:55:36,15,1,26.9,1.1,289.7,289.5,2,1,1.00,CYCLE,N
IND,208,6592,59452,20/01/2019,06:55:37,15,1,30.0,1.0,0.3,0.2,2,1,1.00,CYCLE,N
IND,208,6592,59452,20/01/2019,06:55:38,15,1,24.9,1.0,0.9,0.8,2,1,1.00,CYCLE,N
IND,208,6592,59453,20/01/2019,06:56:55,15,0,19.2,1.0,223.8,223.6,2,1,1.00,CYCLE,S
IND,208,6592,59453,20/01/2019,06:56:58,15,0,24.0,1.1,2.8,2.6,2,1,1.00,CYCLE,S
IND,208,6592,59453,20/01/2019,06:56:58,15,0,23.0,1.1,0.6,0.4,2,1,1.00,CYCLE,S
IND,208,6592,59453,20/01/2019,06:57:18,15,0,26.4,1.0,19.5,19.3,2,1,1.00,CYCLE,S
IND,208,6592,59453,20/01/2019,06:57:27,15,0,23.5,1.1,9.2,9.1,2,1,1.00,CYCLE,S
IND,208,6592,59453,20/01/2019,06:57:58,15,0,24.1,1.0,31.3,31.1,2,1,1.00,CYCLE,S
IND,208,6592,59452,20/01/2019,07:00:13,15,1,23.2,1.1,275.1,275.0,2,1,1.00,CYCLE,N
IND,208,6592,59452,20/01/2019,07:00:13,15,1,24.7,1.1,0.6,0.4,2,1,1.00,CYCLE,N
IND,208,6592,59452,20/01/2019,07:00:16,15,1,21.5,1.0,2.9,2.7,2,1,1.00,CYCLE,N
IND,208,6592,59452,20/01/2019,07:00:16,15,1,21.5,1.0,0.0,0.0,2,1,1.00,CYCLE,N
IND,208,6592,59453,20/01/2019,07:01:01,15,0,26.4,1.0,182.4,182.3,2,1,1.00,CYCLE,S
IND,208,6592,59453,20/01/2019,07:01:04,15,0,24.3,1.0,3.7,3.6,2,1,1.00,CYCLE,S
IND,208,6592,59453,20/01/2019,07:01:10,15,0,27.0,1.0,5.8,5.6,2,1,1.00,CYCLE,S
IND,208,6592,59453,20/01/2019,07:03:34,15,0,26.2,1.0,144.3,144.1,2,1,1.00,CYCLE,S
IND,208,6592,59453,20/01/2019,07:03:34,15,0,26.2,1.0,0.0,0.0,2,1,1.00,CYCLE,S
IND,208,6592,59453,20/01/2019,07:03:47,15,0,22.7,1.0,12.1,12.0,2,1,1.00,CYCLE,S
IND,208,6592,59453,20/01/2019,07:03:47,15,0,22.8,1.0,0.7,0.5,2,1,1.00,CYCLE,S
IND,208,6592,59453,20/01/2019,07:05:10,15,0,24.2,1.0,82.8,82.7,2,1,1.00,CYCLE,S
IND,208,6592,59452,20/01/2019,07:05:54,15,1,24.5,1.1,337.2,336.9,2,1,1.00,CYCLE,N
IND,208,6592,59453,20/01/2019,07:07:35,15,0,27.0,1.0,144.6,144.5,2,1,1.00,CYCLE,S
IND,208,6592,59453,20/01/2019,07:09:01,15,0,22.8,1.0,86.0,85.8,2,1,1.00,CYCLE,S
IND,208,6592,59453,20/01/2019,07:12:51,15,0,25.7,1.0,230.3,230.2,2,1,1.00,CYCLE,S
IND,208,6592,59453,20/01/2019,07:13:00,15,0,28.4,1.0,8.7,8.6,2,1,1.00,CYCLE,S
IND,208,6592,59453,20/01/2019,07:13:56,15,0,29.3,1.0,56.3,56.2,2,1,1.00,CYCLE,S
IND,208,6592,59453,20/01/2019,07:14:38,15,0,28.6,1.0,42.0,42.0,2,1,0.46,CYCLE,S
IND,208,6592,59453,20/01/2019,07:14:38,15,0,28.6,1.0,0.0,0.0,2,1,0.46,CYCLE,S
IND,208,6592,59453,20/01/2019,07:14:38,15,0,28.6,1.0,0.0,0.0,2,1,0.46,CYCLE,S
IND,208,6592,59453,20/01/2019,07:14:45,15,0,17.9,1.0,6.9,6.4,2,1,1.00,CYCLE,S
IND,208,6592,59453,20/01/2019,07:14:51,15,0,14.1,1.1,6.3,6.1,2,1,1.00,CYCLE,S
IND,208,6592,59452,20/01/2019,07:14:53,15,1,24.3,1.0,539.6,539.5,2,1,1.00,CYCLE,N
IND,208,6592,59453,20/01/2019,07:15:52,15,0,27.4,1.0,60.4,59.7,2,1,1.00,CYCLE,S
IND,208,6592,59453,20/01/2019,07:15:54,15,0,27.2,1.0,1.7,1.6,2,1,1.00,CYCLE,S
IND,208,6592,59452,20/01/2019,07:16:02,15,1,23.9,1.0,69.2,69.0,2,1,1.00,CYCLE,N
IND,208,6592,59452,20/01/2019,07:16:02,15,1,23.9,1.0,0.0,0.0,2,1,1.00,CYCLE,N
IND,208,6592,59453,20/01/2019,07:16:06,15,0,20.0,1.1,11.8,11.7,2,1,1.00,CYCLE,S
IND,208,6592,59453,20/01/2019,07:17:48,15,0,29.5,1.0,102.2,102.0,2,1,1.00,CYCLE,S
IND,208,6592,59452,20/01/2019,07:18:00,15,1,33.9,1.1,117.3,116.7,2,1,1.00,CYCLE,N
IND,208,6592,59452,20/01/2019,07:18:05,15,1,30.1,1.0,5.8,5.7,2,1,1.00,CYCLE,N
IND,208,6592,59452,20/01/2019,07:18:05,15,1,30.1,1.0,0.0,0.0,2,1,1.00,CYCLE,N
IND,208,6592,59452,20/01/2019,07:18:07,15,1,28.3,1.0,1.7,1.5,2,1,1.00,CYCLE,N
IND,208,6592,59452,20/01/2019,07:18:07,15,1,28.3,1.0,0.0,0.0,2,1,1.00,CYCLE,N
IND,208,6592,59452,20/01/2019,07:18:14,15,1,19.1,1.0,6.9,6.7,2,1,0.89,CYCLE,N
IND,208,6592,59452,20/01/2019,07:18:14,15,1,19.1,1.0,0.0,0.0,2,1,0.89,CYCLE,N
IND,208,6592,59453,20/01/2019,07:18:24,15,0,23.0,1.0,36.2,36.1,2,1,1.00,CYCLE,S
IND,208,6592,59453,20/01/2019,07:18:34,15,0,23.0,1.0,10.5,10.3,2,1,1.00,CYCLE,S
IND,208,6592,59453,20/01/2019,07:18:34,15,0,23.0,1.0,0.0,0.0,2,1,1.00,CYCLE,S
IND,208,6592,59453,20/01/2019,07:18:55,15,0,24.2,1.1,21.0,20.8,2,1,1.00,CYCLE,S
IND,208,6592,59452,20/01/2019,07:19:24,15,1,28.9,1.0,69.8,69.5,2,1,1.00,CYCLE,N
IND,208,6592,59453,20/01/2019,07:20:06,15,0,20.9,1.1,70.1,69.9,2,1,1.00,CYCLE,S
IND,208,6592,59453,20/01/2019,07:20:24,15,0,18.3,1.0,18.1,17.9,2,1,1.11,CYCLE,S
IND,208,6592,59453,20/01/2019,07:20:24,15,0,18.3,1.0,0.0,0.0,2,1,1.11,CYCLE,S
IND,208,6592,59453,20/01/2019,07:20:31,15,0,16.0,1.2,7.3,6.5,2,1,1.00,CYCLE,S
IND,208,6592,59453,20/01/2019,07:22:24,15,0,33.6,1.0,113.5,113.2,2,1,1.00,CYCLE,S
IND,208,6592,59453,20/01/2019,07:22:34,15,0,26.1,1.0,9.4,9.3,2,1,1.00,CYCLE,S
IND,208,6592,59453,20/01/2019,07:22:41,15,0,26.0,1.1,7.7,7.5,2,1,1.00,CYCLE,S
IND,208,6592,59453,20/01/2019,07:22:44,15,0,20.1,1.1,2.2,2.0,2,1,1.00,CYCLE,S
IND,208,6592,59453,20/01/2019,07:25:03,15,0,24.1,1.0,139.3,139.1,2,1,1.00,CYCLE,S
IND,208,6592,59452,20/01/2019,07:26:44,15,1,26.9,1.0,440.0,439.9,2,1,1.00,CYCLE,N
IND,208,6592,59452,20/01/2019,07:26:57,15,1,22.9,1.0,12.8,12.7,2,1,1.00,CYCLE,N
IND,208,6592,59452,20/01/2019,07:26:57,15,1,22.9,1.0,0.0,0.0,2,1,1.00,CYCLE,N
IND,208,6592,59453,20/01/2019,07:27:42,15,0,30.1,1.0,158.8,158.6,2,1,1.00,CYCLE,S
IND,208,6592,59453,20/01/2019,07:27:50,15,0,21.9,1.0,8.8,8.7,2,1,1.00,CYCLE,S
IND,208,6592,59453,20/01/2019,07:27:50,15,0,21.9,1.0,0.0,0.0,2,1,1.00,CYCLE,S
IND,208,6592,59452,20/01/2019,07:27:54,15,1,29.1,1.0,57.0,56.8,2,1,1.00,CYCLE,N
IND,208,6592,59453,20/01/2019,07:29:04,15,0,24.2,1.0,73.4,73.0,2,1,1.00,CYCLE,S
IND,208,6592,59453,20/01/2019,07:29:04,15,0,24.2,1.0,0.0,0.0,2,1,1.00,CYCLE,S
IND,208,6592,59453,20/01/2019,07:29:11,15,0,21.8,1.1,6.8,6.6,2,1,1.00,CYCLE,S
IND,208,6592,59453,20/01/2019,07:30:12,15,0,19.0,1.0,61.9,61.7,2,1,1.00,CYCLE,S
IND,208,6592,59452,20/01/2019,07:30:30,15,1,23.7,1.1,156.8,156.7,2,1,1.00,CYCLE,N
IND,208,6592,59453,20/01/2019,07:30:52,15,0,18.5,1.1,39.6,39.4,2,1,1.00,CYCLE,S
IND,208,6592,59453,20/01/2019,07:31:07,15,0,26.8,1.0,15.3,15.1,2,1,1.00,CYCLE,S
IND,208,6592,59452,20/01/2019,07:32:36,15,1,26.6,1.0,125.7,125.5,2,1,1.00,CYCLE,N
IND,208,6592,59453,20/01/2019,07:32:41,15,0,23.4,1.0,93.8,93.6,2,1,1.00,CYCLE,S
IND,208,6592,59453,20/01/2019,07:32:41,15,0,23.5,1.0,0.2,0.1,2,1,1.00,CYCLE,S
IND,208,6592,59453,20/01/2019,07:32:42,15,0,24.8,1.0,1.0,0.8,2,1,1.00,CYCLE,S
IND,208,6592,59453,20/01/2019,07:32:43,15,0,25.7,1.0,0.3,0.2,2,1,1.00,CYCLE,S
IND,208,6592,59453,20/01/2019,07:33:12,15,0,25.4,1.1,29.2,29.1,2,1,1.00,CYCLE,S
IND,208,6592,59453,20/01/2019,07:34:47,15,0,16.6,1.0,95.0,94.9,2,1,1.00,CYCLE,S
IND,208,6592,59453,20/01/2019,07:34:47,15,0,16.6,1.0,0.0,0.0,2,1,1.00,CYCLE,S
IND,208,6592,59453,20/01/2019,07:36:08,15,0,14.7,1.0,80.6,80.3,2,1,1.00,CYCLE,S
IND,208,6592,59452,20/01/2019,07:36:11,15,1,28.8,1.1,214.9,214.8,2,1,1.00,CYCLE,N
IND,208,6592,59452,20/01/2019,07:36:11,15,1,27.8,1.0,0.3,0.1,2,1,1.00,CYCLE,N
IND,208,6592,59452,20/01/2019,07:36:14,15,1,32.8,1.0,2.4,2.3,2,1,1.00,CYCLE,N
IND,208,6592,59453,20/01/2019,07:36:15,15,0,19.9,1.1,7.8,7.6,2,1,1.00,CYCLE,S
IND,208,6592,59452,20/01/2019,07:36:17,15,1,32.0,1.0,3.3,3.2,2,1,1.00,CYCLE,N
IND,208,6592,59453,20/01/2019,07:36:52,15,0,27.2,1.0,37.0,36.8,2,1,1.00,CYCLE,S
IND,208,6592,59453,20/01/2019,07:37:44,15,0,20.7,1.1,52.1,52.0,2,1,1.00,CYCLE,S
IND,208,6592,59453,20/01/2019,07:37:45,15,0,21.5,1.1,0.5,0.3,2,1,1.00,CYCLE,S
IND,208,6592,59453,20/01/2019,07:38:55,15,0,24.8,1.2,69.7,69.6,2,1,1.00,CYCLE,S
IND,208,6592,59453,20/01/2019,07:39:23,15,0,25.0,1.0,28.6,28.5,2,1,1.00,CYCLE,S
IND,208,6592,59453,20/01/2019,07:39:24,15,0,23.6,1.0,0.8,0.7,2,1,1.00,CYCLE,S
IND,208,6592,59453,20/01/2019,07:39:44,15,0,19.5,1.1,20.3,20.2,2,1,1.00,CYCLE,S
IND,208,6592,59453,20/01/2019,07:40:38,15,0,24.8,1.0,53.7,53.5,2,1,1.00,CYCLE,S
IND,208,6592,59453,20/01/2019,07:42:05,15,0,22.8,1.1,86.8,86.6,2,1,1.00,CYCLE,S
IND,208,6592,59453,20/01/2019,07:42:39,15,0,24.4,1.0,33.8,33.7,2,1,1.00,CYCLE,S
IND,208,6592,59452,20/01/2019,07:46:51,15,1,29.8,1.0,633.9,633.8,2,1,1.00,CYCLE,N
IND,208,6592,59452,20/01/2019,07:46:57,15,1,26.5,1.0,5.8,5.7,2,1,1.00,CYCLE,N
IND,208,6592,59453,20/01/2019,07:47:41,15,0,27.0,1.0,301.9,301.8,2,1,1.00,CYCLE,S
IND,208,6592,59453,20/01/2019,07:47:45,15,0,25.1,1.0,4.0,3.9,2,1,1.00,CYCLE,S
IND,208,6592,59453,20/01/2019,07:47:46,15,0,26.1,1.0,1.5,1.4,2,1,1.00,CYCLE,S
IND,208,6592,59453,20/01/2019,07:48:15,15,0,23.4,1.1,28.6,28.4,2,1,1.00,CYCLE,S
IND,208,6592,59452,20/01/2019,07:50:19,15,1,24.0,1.0,202.1,202.0,2,1,1.00,CYCLE,N
IND,208,6592,59453,20/01/2019,07:50:23,15,0,26.6,1.0,128.4,128.2,2,1,1.00,CYCLE,S
IND,208,6592,59453,20/01/2019,07:50:29,15,0,23.9,1.1,6.2,6.1,2,1,1.00,CYCLE,S
IND,208,6592,59453,20/01/2019,07:51:02,15,0,15.6,0.9,32.8,32.6,2,1,1.00,CYCLE,S
IND,208,6592,59453,20/01/2019,07:51:05,15,0,18.3,1.0,2.5,2.3,2,1,1.00,CYCLE,S
IND,208,6592,59453,20/01/2019,07:51:05,15,0,18.3,1.0,0.0,0.0,2,1,1.00,CYCLE,S
IND,208,6592,59453,20/01/2019,07:51:05,15,0,18.3,1.0,0.0,0.0,2,1,1.00,CYCLE,S
IND,208,6592,59452,20/01/2019,07:51:52,15,1,30.9,1.0,93.5,93.3,2,1,1.00,CYCLE,N
IND,208,6592,59453,20/01/2019,07:52:24,15,0,14.6,1.1,79.8,78.9,2,1,1.00,CYCLE,S
IND,208,6592,59453,20/01/2019,07:52:39,15,0,24.6,1.0,14.9,14.6,2,1,1.00,CYCLE,S
IND,208,6592,59453,20/01/2019,07:54:21,15,0,19.6,1.0,101.9,101.7,2,1,1.00,CYCLE,S
IND,208,6592,59452,20/01/2019,07:54:26,15,1,29.4,1.0,153.6,153.4,2,1,1.00,CYCLE,N
IND,208,6592,59452,20/01/2019,07:54:55,15,1,18.9,1.0,29.0,28.9,2,1,1.00,CYCLE,N
IND,208,6592,59452,20/01/2019,07:54:55,15,1,23.2,1.0,0.3,0.2,2,1,1.00,CYCLE,N
IND,208,6592,59453,20/01/2019,07:55:03,15,0,22.6,1.1,41.3,41.1,2,1,1.00,CYCLE,S
IND,208,6592,59453,20/01/2019,07:56:02,15,0,30.6,1.1,59.6,59.4,2,1,1.00,CYCLE,S
IND,208,6592,59453,20/01/2019,07:56:19,15,0,25.1,1.0,17.4,17.2,2,1,1.00,CYCLE,S
IND,208,6592,59452,20/01/2019,07:56:33,15,1,21.1,1.0,98.0,97.8,2,1,1.00,CYCLE,N
IND,208,6592,59453,20/01/2019,07:56:42,15,0,30.2,1.0,23.0,22.9,2,1,1.00,CYCLE,S
IND,208,6592,59453,20/01/2019,07:57:24,15,0,21.2,1.0,41.4,41.3,2,1,1.00,CYCLE,S
IND,208,6592,59453,20/01/2019,07:57:24,15,0,23.7,1.0,0.5,0.3,2,1,1.00,CYCLE,S
IND,208,6592,59453,20/01/2019,07:57:25,15,0,25.0,1.0,1.0,0.9,2,1,1.00,CYCLE,S
IND,208,6592,59453,20/01/2019,07:57:25,15,0,25.0,1.0,0.0,0.0,2,1,1.00,CYCLE,S
IND,208,6592,59453,20/01/2019,07:57:36,15,0,20.4,1.1,10.4,10.2,2,1,1.00,CYCLE,S
IND,208,6592,59453,20/01/2019,07:57:37,15,0,20.2,1.1,0.8,0.6,2,1,1.00,CYCLE,S
IND,208,6592,59453,20/01/2019,07:57:56,15,0,20.8,1.0,19.2,19.0,2,1,1.00,CYCLE,S
IND,208,6592,59453,20/01/2019,07:57:56,15,0,20.7,1.0,0.5,0.3,2,1,1.00,CYCLE,S
IND,208,6592,59453,20/01/2019,07:58:43,15,0,21.6,1.1,46.4,46.2,2,1,1.00,CYCLE,S
IND,208,6592,59453,20/01/2019,07:58:45,15,0,18.8,1.1,2.5,2.4,2,1,1.00,CYCLE,S
IND,208,6592,59453,20/01/2019,07:59:01,15,0,24.1,1.1,16.1,15.9,2,1,1.00,CYCLE,S
IND,208,6592,59452,20/01/2019,07:59:18,15,1,13.4,1.1,164.4,164.3,2,1,1.00,CYCLE,N
IND,208,6592,59452,20/01/2019,07:59:22,15,1,13.1,1.0,4.8,4.5,2,1,1.00,CYCLE,N
IND,208,6592,59452,20/01/2019,07:59:28,15,1,21.8,1.1,5.4,5.1,2,1,1.00,CYCLE,N
IND,208,6592,59452,20/01/2019,07:59:43,15,1,19.7,1.1,14.8,14.6,2,1,1.00,CYCLE,N
IND,208,6592,59452,20/01/2019,07:59:43,15,1,21.4,1.1,0.4,0.2,2,1,1.00,CYCLE,N
IND,208,6592,59452,20/01/2019,07:59:44,15,1,21.8,1.1,0.5,0.3,2,1,1.00,CYCLE,N
IND,208,6592,59453,20/01/2019,08:00:19,15,0,22.7,1.0,78.0,77.8,2,1,1.00,CYCLE,S
IND,208,6592,59452,20/01/2019,08:01:10,15,1,26.3,1.0,86.5,86.3,2,1,1.00,CYCLE,N
IND,208,6592,59453,20/01/2019,08:02:48,15,0,15.3,1.0,148.4,148.2,2,1,1.00,CYCLE,S
IND,208,6592,59452,20/01/2019,08:03:43,15,1,24.3,1.0,152.8,152.6,2,1,1.00,CYCLE,N
IND,208,6592,59453,20/01/2019,08:03:49,15,0,24.7,1.1,60.8,60.6,2,1,1.00,CYCLE,S
IND,208,6592,59452,20/01/2019,08:03:55,15,1,25.2,1.0,12.1,11.9,2,1,1.00,CYCLE,N
IND,208,6592,59452,20/01/2019,08:03:56,15,1,25.2,1.0,0.7,0.5,2,1,1.00,CYCLE,N
IND,208,6592,59452,20/01/2019,08:03:58,15,1,24.0,1.0,2.4,2.3,2,1,1.00,CYCLE,N
IND,208,6592,59452,20/01/2019,08:04:43,15,1,27.7,1.0,44.7,44.5,2,1,1.00,CYCLE,N
IND,208,6592,59453,20/01/2019,08:04:56,15,0,20.0,1.1,67.6,67.5,2,1,1.00,CYCLE,S
IND,208,6592,59453,20/01/2019,08:05:17,15,0,23.4,1.0,20.9,20.7,2,1,1.00,CYCLE,S
IND,208,6592,59453,20/01/2019,08:05:20,15,0,25.4,1.1,2.9,2.8,2,1,1.00,CYCLE,S
IND,208,6592,59453,20/01/2019,08:05:37,15,0,23.4,1.1,17.4,17.2,2,1,1.00,CYCLE,S
IND,208,6592,59453,20/01/2019,08:05:45,15,0,30.1,1.0,7.8,7.6,2,1,1.00,CYCLE,S
IND,208,6592,59453,20/01/2019,08:06:11,15,0,30.0,1.0,25.4,25.3,2,1,1.00,CYCLE,S
IND,208,6592,59453,20/01/2019,08:06:11,15,0,29.9,1.0,0.7,0.5,2,1,1.00,CYCLE,S
IND,208,6592,59452,20/01/2019,08:06:33,15,1,22.3,1.0,110.2,110.1,2,1,0.80,CYCLE,N
IND,208,6592,59452,20/01/2019,08:06:34,15,1,22.7,1.0,0.9,0.7,2,1,1.00,CYCLE,N
IND,208,6592,59452,20/01/2019,08:06:40,15,1,20.2,1.0,6.2,6.0,2,1,1.00,CYCLE,N
IND,208,6592,59452,20/01/2019,08:06:47,15,1,21.3,1.0,7.4,7.2,2,1,1.00,CYCLE,N
IND,208,6592,59452,20/01/2019,08:06:53,15,1,17.8,1.0,5.2,5.1,2,1,1.00,CYCLE,N
IND,208,6592,59453,20/01/2019,08:07:15,15,0,27.9,1.0,63.5,63.3,2,1,1.00,CYCLE,S
IND,208,6592,59453,20/01/2019,08:08:14,15,0,24.9,1.0,59.0,58.9,2,1,1.00,CYCLE,S
IND,208,6592,59453,20/01/2019,08:08:14,15,0,21.8,1.1,0.3,0.1,2,1,1.00,CYCLE,S
IND,208,6592,59453,20/01/2019,08:08:15,15,0,22.1,1.0,0.7,0.6,2,1,1.00,CYCLE,S
IND,208,6592,59453,20/01/2019,08:08:52,15,0,31.4,1.0,37.6,37.4,2,1,1.00,CYCLE,S
IND,208,6592,59453,20/01/2019,08:09:14,15,0,24.5,1.0,21.9,21.7,2,1,1.00,CYCLE,S
IND,208,6592,59453,20/01/2019,08:09:25,15,0,19.5,1.1,10.5,10.3,2,1,1.00,CYCLE,S
IND,208,6592,59453,20/01/2019,08:10:13,15,0,24.9,1.1,48.0,47.8,2,1,1.00,CYCLE,S
IND,208,6592,59453,20/01/2019,08:11:45,15,0,28.6,1.1,92.1,92.0,2,1,1.00,CYCLE,S
IND,208,6592,59453,20/01/2019,08:12:32,15,0,28.9,1.0,47.3,47.2,2,1,1.00,CYCLE,S
IND,208,6592,59452,20/01/2019,08:12:41,15,1,31.8,1.0,348.0,347.8,2,1,1.00,CYCLE,N
IND,208,6592,59452,20/01/2019,08:13:06,15,1,26.4,1.1,25.5,25.4,2,1,1.00,CYCLE,N
IND,208,6592,59453,20/01/2019,08:13:12,15,0,16.7,1.1,39.8,39.7,2,1,1.00,CYCLE,S
IND,208,6592,59453,20/01/2019,08:14:18,15,0,26.5,1.0,66.4,66.1,2,1,1.00,CYCLE,S
IND,208,6592,59452,20/01/2019,08:14:33,15,1,24.6,1.1,86.8,86.7,2,1,1.00,CYCLE,N
IND,208,6592,59453,20/01/2019,08:15:07,15,0,27.1,1.0,49.1,49.0,2,1,1.00,CYCLE,S
IND,208,6592,59452,20/01/2019,08:15:54,15,1,15.8,1.0,80.8,80.7,2,1,1.00,CYCLE,N
IND,208,6592,59452,20/01/2019,08:15:56,15,1,15.5,1.1,2.7,2.5,2,1,1.00,CYCLE,N
IND,208,6592,59453,20/01/2019,08:17:43,15,0,25.4,1.1,155.8,155.7,2,1,1.00,CYCLE,S
IND,208,6592,59453,20/01/2019,08:17:48,15,0,26.8,1.0,4.9,4.7,2,1,1.00,CYCLE,S
IND,208,6592,59453,20/01/2019,08:17:50,15,0,22.0,1.0,1.9,1.8,2,1,1.00,CYCLE,S
IND,208,6592,59453,20/01/2019,08:17:50,15,0,23.1,1.0,0.3,0.1,2,1,1.00,CYCLE,S
IND,208,6592,59453,20/01/2019,08:17:51,15,0,21.4,1.0,0.5,0.4,2,1,1.00,CYCLE,S
IND,208,6592,59452,20/01/2019,08:17:51,15,1,14.3,1.0,114.8,114.5,2,1,1.00,CYCLE,N
IND,208,6592,59453,20/01/2019,08:17:53,15,0,25.2,1.1,2.4,2.2,2,1,1.00,CYCLE,S
IND,208,6592,59452,20/01/2019,08:19:07,15,1,16.4,1.1,76.1,75.9,2,1,1.00,CYCLE,N
IND,208,6592,59452,20/01/2019,08:19:08,15,1,20.8,1.1,0.7,0.5,2,1,1.00,CYCLE,N
IND,208,6592,59452,20/01/2019,08:19:32,15,1,17.2,1.1,23.7,23.5,2,1,1.00,CYCLE,N
IND,208,6592,59452,20/01/2019,08:19:45,15,1,21.2,1.1,13.0,12.8,2,1,1.00,CYCLE,N
IND,208,6592,59452,20/01/2019,08:20:44,15,1,24.3,1.1,59.7,59.5,2,1,1.00,CYCLE,N
IND,208,6592,59453,20/01/2019,08:20:57,15,0,25.6,1.0,184.2,184.0,2,1,1.00,CYCLE,S
IND,208,6592,59453,20/01/2019,08:21:27,15,0,19.0,1.1,29.2,29.1,2,1,1.00,CYCLE,S
IND,208,6592,59452,20/01/2019,08:21:37,15,1,31.1,1.0,52.6,52.4,2,1,1.00,CYCLE,N
IND,208,6592,59453,20/01/2019,08:22:10,15,0,22.4,1.0,43.8,43.6,2,1,1.00,CYCLE,S
IND,208,6592,59452,20/01/2019,08:23:16,15,1,26.7,1.0,99.5,99.3,2,1,1.00,CYCLE,N
IND,208,6592,59452,20/01/2019,08:23:19,15,1,26.9,1.0,2.4,2.2,2,1,1.00,CYCLE,N
IND,208,6592,59453,20/01/2019,08:24:20,15,0,27.4,1.0,129.3,129.2,2,1,1.00,CYCLE,S
IND,208,6592,59453,20/01/2019,08:24:25,15,0,18.9,1.1,5.1,5.0,2,1,1.00,CYCLE,S
IND,208,6592,59453,20/01/2019,08:24:25,15,0,18.9,1.1,0.6,0.4,2,1,1.00,CYCLE,S
IND,208,6592,59452,20/01/2019,08:24:41,15,1,24.3,1.1,82.0,81.9,2,1,1.00,CYCLE,N
IND,208,6592,59452,20/01/2019,08:24:54,15,1,23.9,1.0,12.9,12.7,2,1,1.00,CYCLE,N
IND,208,6592,59452,20/01/2019,08:25:15,15,1,20.2,1.0,21.0,20.9,2,1,1.00,CYCLE,N
IND,208,6592,59452,20/01/2019,08:25:15,15,1,20.2,1.0,0.6,0.5,2,1,1.00,CYCLE,N
IND,208,6592,59453,20/01/2019,08:25:19,15,0,20.4,1.1,53.6,53.4,2,1,1.00,CYCLE,S
IND,208,6592,59452,20/01/2019,08:26:16,15,1,25.8,1.1,60.3,60.1,2,1,1.00,CYCLE,N
IND,208,6592,59453,20/01/2019,08:27:35,15,0,27.8,1.0,135.9,135.7,2,1,1.00,CYCLE,S
IND,208,6592,59453,20/01/2019,08:28:04,15,0,24.5,1.0,28.9,28.7,2,1,1.00,CYCLE,S
IND,208,6592,59452,20/01/2019,08:28:11,15,1,21.3,1.0,114.9,114.7,2,1,1.00,CYCLE,N
IND,208,6592,59452,20/01/2019,08:28:11,15,1,21.3,1.0,0.0,0.0,2,1,1.00,CYCLE,N
IND,208,6592,59452,20/01/2019,08:28:11,15,1,21.3,1.0,0.0,0.0,2,1,1.00,CYCLE,N
IND,208,6592,59453,20/01/2019,08:28:15,15,0,28.6,1.0,11.1,10.9,2,1,1.00,CYCLE,S
IND,208,6592,59453,20/01/2019,08:28:18,15,0,23.3,1.1,3.2,3.1,2,1,1.00,CYCLE,S
IND,208,6592,59453,20/01/2019,08:28:40,15,0,29.6,1.1,21.5,21.3,2,1,1.00,CYCLE,S
IND,208,6592,59453,20/01/2019,08:28:44,15,0,20.8,1.1,4.8,4.6,2,1,1.00,CYCLE,S
IND,208,6592,59453,20/01/2019,08:28:47,15,0,20.3,1.1,2.2,2.1,2,1,1.00,CYCLE,S
IND,208,6592,59453,20/01/2019,08:28:50,15,0,19.9,1.1,3.2,3.0,2,1,1.00,CYCLE,S
IND,208,6592,59452,20/01/2019,08:29:17,15,1,29.2,1.0,66.0,65.5,2,1,1.00,CYCLE,N
IND,208,6592,59453,20/01/2019,08:31:09,15,0,21.2,1.0,139.0,138.8,2,1,1.00,CYCLE,S
IND,208,6592,59452,20/01/2019,08:32:03,15,1,27.4,1.0,166.4,166.3,2,1,1.00,CYCLE,N
IND,208,6592,59453,20/01/2019,08:32:55,15,0,17.4,1.1,106.1,105.9,2,1,1.00,CYCLE,S
IND,208,6592,59453,20/01/2019,08:32:55,15,0,17.8,1.1,0.6,0.3,2,1,1.00,CYCLE,S
IND,208,6592,59453,20/01/2019,08:32:58,15,0,17.2,1.1,2.5,2.2,2,1,1.00,CYCLE,S
IND,208,6592,59452,20/01/2019,08:34:14,15,1,30.0,1.0,130.7,130.6,2,1,1.00,CYCLE,N
IND,208,6592,59452,20/01/2019,08:34:16,15,1,28.2,1.0,2.7,2.5,2,1,1.00,CYCLE,N
IND,208,6592,59452,20/01/2019,08:34:26,15,1,21.9,1.0,9.4,9.3,2,1,1.00,CYCLE,N
IND,208,6592,59452,20/01/2019,08:34:26,15,1,21.9,1.0,0.0,0.0,2,1,1.00,CYCLE,N
IND,208,6592,59452,20/01/2019,08:34:27,15,1,21.5,1.0,1.1,0.8,2,1,1.00,CYCLE,N
IND,208,6592,59452,20/01/2019,08:34:31,15,1,16.9,1.1,4.0,3.8,2,1,1.00,CYCLE,N
IND,208,6592,59453,20/01/2019,08:35:02,15,0,23.6,1.0,124.0,123.8,2,1,1.00,CYCLE,S
IND,208,6592,59453,20/01/2019,08:35:09,15,0,23.4,1.0,6.7,6.6,2,1,1.00,CYCLE,S
IND,208,6592,59453,20/01/2019,08:36:33,15,0,27.8,1.0,84.4,84.2,2,1,0.80,CYCLE,S
IND,208,6592,59453,20/01/2019,08:36:37,15,0,27.2,1.0,4.2,4.1,2,1,1.00,CYCLE,S
IND,208,6592,59453,20/01/2019,08:37:22,15,0,29.4,1.0,44.9,44.7,2,1,1.00,CYCLE,S
IND,208,6592,59453,20/01/2019,08:37:33,15,0,19.5,1.1,11.4,11.3,2,1,1.00,CYCLE,S
IND,208,6592,59452,20/01/2019,08:38:03,15,1,24.7,1.0,212.4,212.2,2,1,1.00,CYCLE,N
IND,208,6592,59452,20/01/2019,08:38:27,15,1,20.1,1.0,23.8,23.7,2,1,1.00,CYCLE,N
IND,208,6592,59452,20/01/2019,08:38:27,15,1,20.1,1.0,0.0,0.0,2,1,1.00,CYCLE,N
IND,208,6592,59453,20/01/2019,08:40:06,15,0,16.6,1.0,152.5,152.3,2,1,1.00,CYCLE,S
IND,208,6592,59453,20/01/2019,08:40:07,15,0,20.4,1.1,1.6,1.3,2,1,1.00,CYCLE,S
IND,208,6592,59453,20/01/2019,08:40:11,15,0,29.6,1.0,3.4,3.2,2,1,1.00,CYCLE,S
IND,208,6592,59453,20/01/2019,08:40:12,15,0,27.8,1.0,1.5,1.4,2,1,1.00,CYCLE,S
IND,208,6592,59453,20/01/2019,08:40:13,15,0,17.7,1.1,0.3,0.2,2,1,1.00,CYCLE,S
IND,208,6592,59453,20/01/2019,08:40:13,15,0,28.2,1.0,0.6,0.4,2,1,1.00,CYCLE,S
IND,208,6592,59453,20/01/2019,08:40:14,15,0,16.2,1.1,0.7,0.5,2,1,1.00,CYCLE,S
IND,208,6592,59453,20/01/2019,08:40:15,15,0,31.5,1.0,0.7,0.5,2,1,1.00,CYCLE,S
IND,208,6592,59453,20/01/2019,08:40:16,15,0,16.0,1.1,1.6,1.5,2,1,1.00,CYCLE,S
IND,208,6592,59453,20/01/2019,08:40:17,15,0,20.3,1.0,0.4,0.2,2,1,1.00,CYCLE,S
IND,208,6592,59453,20/01/2019,08:40:18,15,0,17.1,1.0,1.1,0.5,2,1,1.00,CYCLE,S
IND,208,6592,59453,20/01/2019,08:40:18,15,0,17.1,1.0,0.0,0.0,2,1,1.00,CYCLE,S
IND,208,6592,59453,20/01/2019,08:40:20,15,0,26.2,1.1,1.8,1.5,2,1,1.00,CYCLE,S
IND,208,6592,59453,20/01/2019,08:40:20,15,0,26.0,1.1,0.4,0.2,2,1,1.00,CYCLE,S
IND,208,6592,59453,20/01/2019,08:41:28,15,0,25.6,1.0,39.4,39.2,2,1,1.00,CYCLE,S
IND,208,6592,59452,20/01/2019,08:41:38,15,1,19.4,1.0,191.0,190.8,2,1,1.00,CYCLE,N
IND,208,6592,59452,20/01/2019,08:42:06,15,1,23.6,1.1,28.0,27.8,2,1,1.00,CYCLE,N
IND,208,6592,59452,20/01/2019,08:42:11,15,1,22.9,1.1,4.7,4.6,2,1,1.00,CYCLE,N
IND,208,6592,59452,20/01/2019,08:42:15,15,1,16.6,1.1,4.6,4.4,2,1,1.00,CYCLE,N
IND,208,6592,59452,20/01/2019,08:42:16,15,1,16.1,1.1,1.1,0.8,2,1,1.00,CYCLE,N
IND,208,6592,59453,20/01/2019,08:42:49,15,0,29.5,1.0,80.5,80.4,2,1,1.00,CYCLE,S
IND,208,6592,59452,20/01/2019,08:43:01,15,1,21.4,1.1,44.6,44.4,2,1,1.00,CYCLE,N
IND,208,6592,59452,20/01/2019,08:44:23,15,1,32.5,1.0,81.5,81.3,2,1,1.00,CYCLE,N
IND,208,6592,59452,20/01/2019,08:44:30,15,1,20.6,1.0,7.7,7.6,2,1,1.00,CYCLE,N
IND,208,6592,59453,20/01/2019,08:44:38,15,0,25.5,1.0,109.5,109.4,2,1,1.00,CYCLE,S
IND,208,6592,59453,20/01/2019,08:44:41,15,0,20.7,1.0,2.7,2.6,2,1,1.00,CYCLE,S
IND,208,6592,59452,20/01/2019,08:44:58,15,1,22.5,1.0,27.9,27.7,2,1,1.00,CYCLE,N
IND,208,6592,59452,20/01/2019,08:44:59,15,1,22.0,1.1,0.7,0.6,2,1,1.00,CYCLE,N
IND,208,6592,59452,20/01/2019,08:45:23,15,1,30.7,1.0,24.5,24.3,2,1,1.00,CYCLE,N
IND,208,6592,59453,20/01/2019,08:46:52,15,0,22.5,1.0,130.8,130.6,2,1,1.00,CYCLE,S
IND,208,6592,59453,20/01/2019,08:48:33,15,0,18.5,1.0,101.6,101.5,2,1,1.00,CYCLE,S
IND,208,6592,59453,20/01/2019,08:48:36,15,0,18.9,1.0,2.7,2.5,2,1,1.00,CYCLE,S
IND,208,6592,59452,20/01/2019,08:48:54,15,1,29.1,1.0,210.5,210.4,2,1,1.00,CYCLE,N
IND,208,6592,59452,20/01/2019,08:48:59,15,1,32.7,1.0,5.0,4.8,2,1,1.00,CYCLE,N
IND,208,6592,59452,20/01/2019,08:51:49,15,1,29.9,1.0,169.8,169.7,2,1,1.00,CYCLE,N
IND,208,6592,59453,20/01/2019,08:51:58,15,0,21.9,1.1,202.4,202.2,2,1,1.00,CYCLE,S
IND,208,6592,59453,20/01/2019,08:52:28,15,0,20.8,1.0,29.2,29.0,2,1,1.00,CYCLE,S
IND,208,6592,59453,20/01/2019,08:52:28,15,0,20.8,1.0,0.0,0.0,2,1,1.00,CYCLE,S
IND,208,6592,59452,20/01/2019,08:52:46,15,1,25.7,1.0,57.0,56.9,2,1,1.00,CYCLE,N
IND,208,6592,59453,20/01/2019,08:53:02,15,0,25.9,1.0,34.1,33.9,2,1,1.00,CYCLE,S
IND,208,6592,59453,20/01/2019,08:53:13,15,0,18.7,1.0,11.5,11.4,2,1,1.00,CYCLE,S
IND,208,6592,59452,20/01/2019,08:53:51,15,1,24.5,1.0,65.3,65.1,2,1,1.00,CYCLE,N
IND,208,6592,59453,20/01/2019,08:53:57,15,0,21.7,1.1,44.0,43.8,2,1,1.00,CYCLE,S
IND,208,6592,59453,20/01/2019,08:54:21,15,0,27.2,1.0,24.1,23.9,2,1,1.00,CYCLE,S
IND,208,6592,59453,20/01/2019,08:54:25,15,0,18.5,1.0,4.0,3.9,2,1,1.00,CYCLE,S
IND,208,6592,59453,20/01/2019,08:55:36,15,0,21.9,1.0,70.5,70.3,2,1,1.00,CYCLE,S
IND,208,6592,59453,20/01/2019,08:55:38,15,0,17.9,1.0,2.2,2.0,2,1,1.00,CYCLE,S
IND,208,6592,59452,20/01/2019,08:56:43,15,1,27.5,1.0,172.1,172.0,2,1,1.00,CYCLE,N
IND,208,6592,59452,20/01/2019,08:57:12,15,1,26.6,1.1,28.6,28.5,2,1,1.00,CYCLE,N
IND,208,6592,59452,20/01/2019,08:57:13,15,1,27.0,1.1,1.3,1.2,2,1,1.00,CYCLE,N
IND,208,6592,59452,20/01/2019,08:57:14,15,1,26.9,1.1,0.9,0.8,2,1,1.00,CYCLE,N
IND,208,6592,59452,20/01/2019,08:57:14,15,1,27.1,1.1,0.4,0.3,2,1,1.00,CYCLE,N
IND,208,6592,59452,20/01/2019,08:57:15,15,1,27.3,1.0,0.9,0.8,2,1,1.00,CYCLE,N
IND,208,6592,59452,20/01/2019,08:57:15,15,1,27.3,1.0,0.0,0.0,2,1,1.00,CYCLE,N
IND,208,6592,59452,20/01/2019,08:57:18,15,1,23.8,1.1,2.6,2.5,2,1,1.00,CYCLE,N
IND,208,6592,59452,20/01/2019,08:57:20,15,1,23.3,1.0,2.1,1.9,2,1,1.00,CYCLE,N
IND,208,6592,59452,20/01/2019,08:57:21,15,1,27.6,1.0,0.8,0.6,2,1,1.00,CYCLE,N
IND,208,6592,59453,20/01/2019,08:58:24,15,0,23.8,1.0,165.9,165.7,2,1,1.00,CYCLE,S
IND,208,6592,59453,20/01/2019,08:59:31,15,0,26.6,1.0,67.3,67.1,2,1,1.00,CYCLE,S
IND,208,6592,59453,20/01/2019,08:59:31,15,0,26.6,1.0,0.0,0.0,2,1,1.00,CYCLE,S
IND,208,6592,59453,20/01/2019,08:59:39,15,0,25.4,1.0,7.6,7.4,2,1,1.00,CYCLE,S
IND,208,6592,59453,20/01/2019,08:59:39,15,0,25.2,1.0,0.3,0.2,2,1,1.00,CYCLE,S
IND,208,6592,59453,20/01/2019,08:59:39,15,0,25.2,1.0,0.0,0.0,2,1,1.00,CYCLE,S
IND,208,6592,59452,20/01/2019,08:59:43,15,1,23.5,1.1,142.1,142.0,2,1,1.00,CYCLE,N
IND,208,6592,59453,20/01/2019,08:59:54,15,0,26.3,1.0,14.5,14.3,2,1,1.00,CYCLE,S
IND,208,6592,59453,20/01/2019,08:59:56,15,0,23.1,1.1,2.6,2.4,2,1,1.00,CYCLE,S
IND,208,6592,59452,20/01/2019,09:00:42,15,1,29.0,1.0,58.9,58.8,2,1,1.00,CYCLE,N
IND,208,6592,59452,20/01/2019,09:00:42,15,1,28.4,1.0,0.5,0.4,2,1,1.00,CYCLE,N
IND,208,6592,59452,20/01/2019,09:00:43,15,1,28.9,1.0,0.5,0.3,2,1,1.00,CYCLE,N
IND,208,6592,59452,20/01/2019,09:00:45,15,1,29.9,1.0,2.2,2.1,2,1,1.00,CYCLE,N
IND,208,6592,59453,20/01/2019,09:01:48,15,0,22.9,1.1,111.6,111.5,2,1,1.00,CYCLE,S
IND,208,6592,59453,20/01/2019,09:02:08,15,0,27.2,1.0,19.6,19.4,2,1,1.00,CYCLE,S
IND,208,6592,59453,20/01/2019,09:02:09,15,0,14.9,1.0,1.2,1.1,2,1,1.00,CYCLE,S
IND,208,6592,59453,20/01/2019,09:02:10,15,0,15.1,1.0,1.1,0.8,2,1,1.00,CYCLE,S
IND,208,6592,59453,20/01/2019,09:02:11,15,0,15.5,1.0,0.9,0.7,2,1,0.80,CYCLE,S
IND,208,6592,59453,20/01/2019,09:02:11,15,0,15.5,1.0,0.0,0.0,2,1,0.80,CYCLE,S
IND,208,6592,59453,20/01/2019,09:02:46,15,0,34.2,1.1,34.8,34.5,2,1,1.00,CYCLE,S
IND,208,6592,59452,20/01/2019,09:03:29,15,1,29.6,1.0,164.2,164.1,2,1,1.00,CYCLE,N
IND,208,6592,59453,20/01/2019,09:04:36,15,0,24.4,1.0,110.5,110.4,2,1,1.00,CYCLE,S
IND,208,6592,59453,20/01/2019,09:04:36,15,0,24.4,1.0,0.0,0.0,2,1,1.00,CYCLE,S
IND,208,6592,59453,20/01/2019,09:05:07,15,0,24.2,0.9,31.0,30.7,2,1,1.00,CYCLE,S
IND,208,6592,59452,20/01/2019,09:05:43,15,1,32.7,1.0,134.1,134.0,2,1,1.00,CYCLE,N
IND,208,6592,59452,20/01/2019,09:05:44,15,1,33.2,1.0,0.4,0.3,2,1,1.00,CYCLE,N
IND,208,6592,59452,20/01/2019,09:05:54,15,1,20.4,1.0,9.9,9.8,2,1,1.00,CYCLE,N
IND,208,6592,59452,20/01/2019,09:05:54,15,1,22.6,1.1,0.6,0.4,2,1,1.00,CYCLE,N
IND,208,6592,59452,20/01/2019,09:05:55,15,1,22.0,1.1,0.6,0.4,2,1,1.00,CYCLE,N
IND,208,6592,59453,20/01/2019,09:06:45,15,0,18.6,1.1,98.2,98.1,2,1,1.00,CYCLE,S
IND,208,6592,59453,20/01/2019,09:06:48,15,0,18.9,1.0,2.3,2.1,2,1,1.00,CYCLE,S
IND,208,6592,59452,20/01/2019,09:06:52,15,1,25.8,1.0,57.6,57.4,2,1,1.00,CYCLE,N
IND,208,6592,59452,20/01/2019,09:06:54,15,1,24.4,1.0,1.6,1.5,2,1,0.50,CYCLE,N
IND,208,6592,59453,20/01/2019,09:06:54,15,0,24.4,1.0,0.0,0.0,2,1,0.50,CYCLE,S
IND,208,6592,59453,20/01/2019,09:07:08,15,0,15.2,1.1,20.5,20.3,2,1,1.00,CYCLE,S
IND,208,6592,59452,20/01/2019,09:07:55,15,1,14.4,0.9,61.3,61.0,2,1,1.00,CYCLE,N
IND,208,6592,59452,20/01/2019,09:07:59,15,1,16.1,1.0,3.5,3.3,2,1,1.00,CYCLE,N
IND,208,6592,59452,20/01/2019,09:08:00,15,1,12.7,1.0,0.6,0.5,2,1,1.00,CYCLE,N
IND,208,6592,59452,20/01/2019,09:08:00,15,1,9.2,1.0,0.9,0.7,2,1,1.00,CYCLE,N
IND,208,6592,59452,20/01/2019,09:08:04,15,1,12.4,1.0,3.3,2.9,2,1,1.00,CYCLE,N
IND,208,6592,59452,20/01/2019,09:08:05,15,1,11.6,1.0,1.0,0.7,2,1,1.00,CYCLE,N
IND,208,6592,59452,20/01/2019,09:08:05,15,1,10.7,1.0,0.7,0.4,2,1,1.00,CYCLE,N
IND,208,6592,59452,20/01/2019,09:08:08,15,1,11.5,1.0,2.4,2.1,2,1,1.00,CYCLE,N
IND,208,6592,59452,20/01/2019,09:08:09,15,1,10.7,1.0,1.6,1.3,2,1,1.00,CYCLE,N
IND,208,6592,59452,20/01/2019,09:08:09,15,1,10.7,1.0,0.0,0.0,2,1,1.00,CYCLE,N
IND,208,6592,59452,20/01/2019,09:08:23,15,1,26.8,1.0,13.2,12.7,2,1,0.55,CYCLE,N
IND,208,6592,59452,20/01/2019,09:08:27,15,1,24.6,1.0,4.0,3.6,2,1,1.00,CYCLE,N
IND,208,6592,59453,20/01/2019,09:08:30,15,0,20.2,1.1,82.1,81.9,2,1,1.00,CYCLE,S
IND,208,6592,59453,20/01/2019,09:08:31,15,0,20.4,1.1,1.2,1.0,2,1,1.00,CYCLE,S
IND,208,6592,59453,20/01/2019,09:08:45,15,0,22.2,1.1,13.2,13.0,2,1,1.00,CYCLE,S
IND,208,6592,59453,20/01/2019,09:08:56,15,0,23.6,1.0,11.4,11.3,2,1,1.00,CYCLE,S
IND,208,6592,59453,20/01/2019,09:10:17,15,0,25.2,1.0,80.6,80.5,2,1,1.00,CYCLE,S
IND,208,6592,59453,20/01/2019,09:10:25,15,0,18.3,1.1,8.6,8.5,2,1,1.00,CYCLE,S
IND,208,6592,59453,20/01/2019,09:10:27,15,0,18.8,1.1,1.3,1.1,2,1,1.00,CYCLE,S
IND,208,6592,59453,20/01/2019,09:10:30,15,0,19.5,1.0,3.4,3.1,2,1,1.00,CYCLE,S
IND,208,6592,59452,20/01/2019,09:10:52,15,1,22.9,1.0,145.3,145.1,2,1,1.00,CYCLE,N
IND,208,6592,59452,20/01/2019,09:10:58,15,1,18.0,1.1,6.3,6.2,2,1,1.00,CYCLE,N
IND,208,6592,59452,20/01/2019,09:11:01,15,1,17.0,1.1,2.4,2.1,2,1,1.00,CYCLE,N
IND,208,6592,59452,20/01/2019,09:11:02,15,1,16.5,1.1,1.8,1.6,2,1,1.00,CYCLE,N
IND,208,6592,59452,20/01/2019,09:11:04,15,1,15.4,1.2,1.2,0.9,2,1,1.00,CYCLE,N
IND,208,6592,59452,20/01/2019,09:12:09,15,1,25.9,1.0,65.8,65.5,2,1,1.00,CYCLE,N
IND,208,6592,59452,20/01/2019,09:12:10,15,1,23.0,1.0,0.6,0.4,2,1,1.00,CYCLE,N
IND,208,6592,59452,20/01/2019,09:12:10,15,1,23.0,1.0,0.0,0.0,2,1,1.00,CYCLE,N
IND,208,6592,59452,20/01/2019,09:12:12,15,1,24.4,1.0,2.2,2.0,2,1,1.00,CYCLE,N
IND,208,6592,59453,20/01/2019,09:12:29,15,0,27.3,1.0,119.0,118.8,2,1,1.00,CYCLE,S
IND,208,6592,59453,20/01/2019,09:12:53,15,0,26.6,1.0,24.4,24.3,2,1,1.00,CYCLE,S
IND,208,6592,59453,20/01/2019,09:12:56,15,0,23.8,1.0,2.9,2.8,2,1,1.00,CYCLE,S
IND,208,6592,59452,20/01/2019,09:13:20,15,1,18.6,1.1,68.0,67.8,2,1,1.00,CYCLE,N
IND,208,6592,59452,20/01/2019,09:13:23,15,1,18.0,1.1,2.5,2.3,2,1,1.00,CYCLE,N
IND,208,6592,59452,20/01/2019,09:13:26,15,1,18.7,1.0,3.3,3.1,2,1,1.00,CYCLE,N
IND,208,6592,59452,20/01/2019,09:13:26,15,1,18.7,1.0,0.0,0.0,2,1,1.00,CYCLE,N
IND,208,6592,59452,20/01/2019,09:13:27,15,1,18.5,1.1,1.0,0.8,2,1,1.00,CYCLE,N
IND,208,6592,59453,20/01/2019,09:13:51,15,0,22.2,1.1,54.8,54.7,2,1,1.00,CYCLE,S
IND,208,6592,59453,20/01/2019,09:13:52,15,0,25.8,1.0,1.1,0.9,2,1,1.00,CYCLE,S
IND,208,6592,59453,20/01/2019,09:14:09,15,0,21.9,1.1,16.4,16.2,2,1,1.00,CYCLE,S
IND,208,6592,59452,20/01/2019,09:14:19,15,1,27.1,1.0,52.0,51.8,2,1,1.00,CYCLE,N
IND,208,6592,59452,20/01/2019,09:14:20,15,1,26.8,0.9,0.8,0.6,2,1,1.00,CYCLE,N
IND,208,6592,59452,20/01/2019,09:14:20,15,1,26.1,1.0,0.3,0.2,2,1,1.00,CYCLE,N
IND,208,6592,59452,20/01/2019,09:14:21,15,1,25.8,1.1,0.9,0.7,2,1,1.00,CYCLE,N
IND,208,6592,59452,20/01/2019,09:14:21,15,1,26.0,1.0,0.6,0.4,2,1,1.00,CYCLE,N
IND,208,6592,59452,20/01/2019,09:14:25,15,1,24.3,1.1,3.3,3.1,2,1,1.00,CYCLE,N
IND,208,6592,59452,20/01/2019,09:14:29,15,1,21.2,1.1,4.2,4.1,2,1,1.00,CYCLE,N
IND,208,6592,59452,20/01/2019,09:14:29,15,1,20.8,1.0,0.6,0.4,2,1,1.00,CYCLE,N
IND,208,6592,59453,20/01/2019,09:15:17,15,0,23.3,1.1,68.2,68.0,2,1,1.00,CYCLE,S
IND,208,6592,59453,20/01/2019,09:15:26,15,0,20.3,1.1,9.2,9.0,2,1,1.00,CYCLE,S
IND,208,6592,59453,20/01/2019,09:15:32,15,0,23.0,1.1,5.9,5.7,2,1,1.00,CYCLE,S
IND,208,6592,59453,20/01/2019,09:17:02,15,0,24.0,1.1,90.0,89.9,2,1,1.00,CYCLE,S
IND,208,6592,59452,20/01/2019,09:17:47,15,1,26.6,1.0,197.3,197.2,2,1,1.00,CYCLE,N
IND,208,6592,59452,20/01/2019,09:17:47,15,1,26.6,1.0,0.0,0.0,2,1,1.00,CYCLE,N
IND,208,6592,59453,20/01/2019,09:18:05,15,0,24.2,1.0,63.2,63.0,2,1,1.00,CYCLE,S
IND,208,6592,59452,20/01/2019,09:18:10,15,1,29.0,1.0,22.9,22.6,2,1,1.00,CYCLE,N
IND,208,6592,59452,20/01/2019,09:19:06,15,1,21.9,1.0,55.8,55.7,2,1,1.00,CYCLE,N
IND,208,6592,59452,20/01/2019,09:19:12,15,1,25.9,1.0,7.0,6.8,2,1,1.00,CYCLE,N
IND,208,6592,59453,20/01/2019,09:20:00,15,0,25.8,1.0,115.1,114.9,2,1,1.00,CYCLE,S
IND,208,6592,59453,20/01/2019,09:20:46,15,0,23.1,1.0,45.7,45.6,2,1,1.00,CYCLE,S
IND,208,6592,59453,20/01/2019,09:20:47,15,0,23.4,1.0,0.5,0.3,2,1,1.00,CYCLE,S
IND,208,6592,59452,20/01/2019,09:21:26,15,1,31.1,1.0,133.6,133.4,2,1,1.00,CYCLE,N
IND,208,6592,59452,20/01/2019,09:21:28,15,1,31.2,1.0,1.9,1.8,2,1,1.00,CYCLE,N
IND,208,6592,59453,20/01/2019,09:21:48,15,0,28.2,1.0,62.0,61.8,2,1,1.00,CYCLE,S
IND,208,6592,59453,20/01/2019,09:21:58,15,0,20.2,1.0,9.3,9.2,2,1,1.00,CYCLE,S
IND,208,6592,59453,20/01/2019,09:22:01,15,0,20.2,1.0,3.1,3.0,2,1,1.00,CYCLE,S
IND,208,6592,59453,20/01/2019,09:22:01,15,0,20.2,1.0,0.0,0.0,2,1,1.00,CYCLE,S
IND,208,6592,59453,20/01/2019,09:22:19,15,0,10.8,1.0,17.7,17.5,2,1,1.00,CYCLE,S
IND,208,6592,59453,20/01/2019,09:23:26,15,0,31.3,1.1,67.8,67.4,2,1,1.00,CYCLE,S
IND,208,6592,59452,20/01/2019,09:23:47,15,1,28.7,1.0,139.1,139.0,2,1,1.00,CYCLE,N
IND,208,6592,59452,20/01/2019,09:23:50,15,1,26.3,1.1,3.0,2.9,2,1,1.00,CYCLE,N
IND,208,6592,59452,20/01/2019,09:23:51,15,1,26.1,1.1,1.4,1.2,2,1,1.00,CYCLE,N
IND,208,6592,59453,20/01/2019,09:24:59,15,0,23.6,1.0,93.0,92.9,2,1,1.00,CYCLE,S
IND,208,6592,59453,20/01/2019,09:25:00,15,0,22.6,1.0,0.4,0.3,2,1,1.00,CYCLE,S
IND,208,6592,59453,20/01/2019,09:25:00,15,0,17.1,1.0,0.6,0.4,2,1,1.00,CYCLE,S
IND,208,6592,59453,20/01/2019,09:25:02,15,0,17.0,1.0,1.8,1.6,2,1,1.00,CYCLE,S
IND,208,6592,59453,20/01/2019,09:25:05,15,0,17.7,1.1,2.3,2.1,2,1,1.00,CYCLE,S
IND,208,6592,59453,20/01/2019,09:25:05,15,0,20.0,1.0,0.6,0.3,2,1,1.00,CYCLE,S
IND,208,6592,59453,20/01/2019,09:25:05,15,0,20.0,1.0,0.0,0.0,2,1,1.00,CYCLE,S
IND,208,6592,59452,20/01/2019,09:25:28,15,1,19.8,1.0,96.8,96.7,2,1,1.00,CYCLE,N
IND,208,6592,59452,20/01/2019,09:25:28,15,1,19.8,1.0,0.0,0.0,2,1,1.00,CYCLE,N
IND,208,6592,59453,20/01/2019,09:26:04,15,0,31.6,1.2,21.7,21.4,2,1,1.00,CYCLE,S
IND,208,6592,59452,20/01/2019,09:26:17,15,1,23.2,1.1,49.1,48.8,2,1,1.00,CYCLE,N
IND,208,6592,59452,20/01/2019,09:26:19,15,1,21.7,1.0,1.5,1.3,2,1,1.00,CYCLE,N
IND,208,6592,59452,20/01/2019,09:26:19,15,1,21.7,1.0,0.0,0.0,2,1,1.00,CYCLE,N
IND,208,6592,59452,20/01/2019,09:26:26,15,1,14.8,1.1,6.9,6.7,2,1,1.00,CYCLE,N
IND,208,6592,59453,20/01/2019,09:27:11,15,0,18.0,1.1,66.7,66.6,2,1,1.00,CYCLE,S
IND,208,6592,59452,20/01/2019,09:27:21,15,1,29.6,1.0,55.7,55.4,2,1,1.00,CYCLE,N
IND,208,6592,59452,20/01/2019,09:27:25,15,1,26.5,1.0,3.1,3.0,2,1,1.00,CYCLE,N
IND,208,6592,59453,20/01/2019,09:27:34,15,0,26.4,1.1,23.0,22.7,2,1,1.00,CYCLE,S
IND,208,6592,59452,20/01/2019,09:28:40,15,1,26.5,1.0,75.1,75.0,2,1,1.00,CYCLE,N
IND,208,6592,59452,20/01/2019,09:29:39,15,1,24.3,1.0,59.2,59.0,2,1,1.00,CYCLE,N
IND,208,6592,59452,20/01/2019,09:29:41,15,1,22.5,1.0,2.2,2.1,2,1,1.00,CYCLE,N
IND,208,6592,59453,20/01/2019,09:30:27,15,0,17.0,1.0,172.0,171.8,2,1,1.00,CYCLE,S
IND,208,6592,59452,20/01/2019,09:30:42,15,1,25.5,1.1,60.6,60.5,2,1,1.00,CYCLE,N
IND,208,6592,59452,20/01/2019,09:30:48,15,1,22.0,1.2,6.6,6.4,2,1,1.00,CYCLE,N
IND,208,6592,59453,20/01/2019,09:31:01,15,0,22.0,1.1,34.1,33.9,2,1,1.00,CYCLE,S
IND,208,6592,59453,20/01/2019,09:31:26,15,0,21.4,1.0,24.9,24.8,2,1,1.00,CYCLE,S
IND,208,6592,59453,20/01/2019,09:32:00,15,0,23.0,1.0,34.0,33.8,2,1,1.00,CYCLE,S
IND,208,6592,59453,20/01/2019,09:32:01,15,0,24.0,1.0,1.0,0.9,2,1,1.00,CYCLE,S
IND,208,6592,59453,20/01/2019,09:32:02,15,0,23.9,1.0,1.4,1.3,2,1,1.00,CYCLE,S
IND,208,6592,59453,20/01/2019,09:32:11,15,0,18.2,1.0,8.5,8.4,2,1,1.00,CYCLE,S
IND,208,6592,59453,20/01/2019,09:32:11,15,0,18.2,1.0,0.0,0.0,2,1,1.00,CYCLE,S
IND,208,6592,59452,20/01/2019,09:32:20,15,1,14.5,1.0,91.7,91.5,2,1,0.50,CYCLE,N
IND,208,6592,59453,20/01/2019,09:32:20,15,0,14.5,1.0,0.0,0.0,2,1,0.50,CYCLE,S
IND,208,6592,59452,20/01/2019,09:32:24,15,1,25.3,1.0,3.8,3.4,2,1,1.00,CYCLE,N
IND,208,6592,59452,20/01/2019,09:32:25,15,1,26.0,1.0,1.0,0.8,2,1,1.00,CYCLE,N
IND,208,6592,59453,20/01/2019,09:33:20,15,0,22.0,1.0,69.7,69.5,2,1,1.00,CYCLE,S
IND,208,6592,59453,20/01/2019,09:33:21,15,0,25.4,1.0,0.9,0.8,2,1,1.00,CYCLE,S
IND,208,6592,59453,20/01/2019,09:33:24,15,0,19.5,1.2,3.1,3.0,2,1,1.00,CYCLE,S
IND,208,6592,59453,20/01/2019,09:33:25,15,0,19.9,1.0,0.5,0.3,2,1,1.00,CYCLE,S
IND,208,6592,59453,20/01/2019,09:33:26,15,0,31.7,1.0,0.6,0.4,2,1,1.00,CYCLE,S
IND,208,6592,59452,20/01/2019,09:33:54,15,1,32.1,1.0,89.7,89.5,2,1,1.00,CYCLE,N
IND,208,6592,59452,20/01/2019,09:34:17,15,1,25.6,1.0,22.8,22.7,2,1,1.00,CYCLE,N
IND,208,6592,59452,20/01/2019,09:34:46,15,1,23.8,1.2,29.3,29.2,2,1,1.00,CYCLE,N
IND,208,6592,59452,20/01/2019,09:34:48,15,1,24.2,1.1,1.8,1.7,2,1,1.00,CYCLE,N
IND,208,6592,59453,20/01/2019,09:35:08,15,0,23.0,1.0,102.0,101.9,2,1,1.00,CYCLE,S
IND,208,6592,59453,20/01/2019,09:35:08,15,0,23.0,1.0,0.9,0.7,2,1,1.00,CYCLE,S
IND,208,6592,59453,20/01/2019,09:36:17,15,0,17.9,1.1,68.6,68.5,2,1,1.00,CYCLE,S
IND,208,6592,59453,20/01/2019,09:36:27,15,0,16.6,1.1,9.5,9.3,2,1,1.00,CYCLE,S
IND,208,6592,59452,20/01/2019,09:36:38,15,1,27.1,1.0,109.4,109.2,2,1,1.00,CYCLE,N
IND,208,6592,59452,20/01/2019,09:36:44,15,1,27.0,1.0,6.7,6.5,2,1,1.00,CYCLE,N
IND,208,6592,59452,20/01/2019,09:36:45,15,1,27.7,1.0,0.7,0.5,2,1,1.00,CYCLE,N
IND,208,6592,59453,20/01/2019,09:37:49,15,0,22.0,1.0,81.9,81.7,2,1,1.00,CYCLE,S
IND,208,6592,59453,20/01/2019,09:38:18,15,0,24.2,1.0,29.0,28.8,2,1,1.00,CYCLE,S
IND,208,6592,59452,20/01/2019,09:38:37,15,1,28.3,1.0,112.4,112.3,2,1,1.00,CYCLE,N
IND,208,6592,59453,20/01/2019,09:39:05,15,0,18.3,1.0,47.4,47.3,2,1,1.00,CYCLE,S
IND,208,6592,59453,20/01/2019,09:39:05,15,0,18.4,1.0,0.3,0.1,2,1,1.00,CYCLE,S
IND,208,6592,59453,20/01/2019,09:39:27,15,0,27.3,1.0,21.8,21.6,2,1,1.00,CYCLE,S
IND,208,6592,59452,20/01/2019,09:39:29,15,1,16.4,1.1,52.0,51.9,2,1,1.00,CYCLE,N
IND,208,6592,59452,20/01/2019,09:41:09,15,1,23.1,1.0,99.5,99.3,2,1,1.00,CYCLE,N
IND,208,6592,59452,20/01/2019,09:41:48,15,1,32.2,1.0,38.9,38.8,2,1,1.00,CYCLE,N
IND,208,6592,59452,20/01/2019,09:42:25,15,1,28.6,1.0,37.2,37.1,2,1,1.00,CYCLE,N
IND,208,6592,59452,20/01/2019,09:42:25,15,1,28.6,1.0,0.0,0.0,2,1,1.00,CYCLE,N
IND,208,6592,59452,20/01/2019,09:42:26,15,1,28.7,1.0,0.8,0.7,2,1,1.00,CYCLE,N
IND,208,6592,59453,20/01/2019,09:42:32,15,0,20.1,1.1,184.6,184.5,2,1,1.00,CYCLE,S
IND,208,6592,59453,20/01/2019,09:42:36,15,0,30.8,1.0,4.1,3.9,2,1,1.00,CYCLE,S
IND,208,6592,59453,20/01/2019,09:43:06,15,0,21.1,1.0,30.3,30.2,2,1,1.00,CYCLE,S
IND,208,6592,59452,20/01/2019,09:43:12,15,1,18.0,1.0,46.1,46.1,2,1,1.00,CYCLE,N
IND,208,6592,59452,20/01/2019,09:43:12,15,1,18.0,1.0,0.0,0.0,2,1,1.00,CYCLE,N
IND,208,6592,59453,20/01/2019,09:43:46,15,0,19.4,1.0,39.9,39.8,2,1,1.00,CYCLE,S
IND,208,6592,59453,20/01/2019,09:43:49,15,0,24.9,1.0,2.7,2.5,2,1,1.00,CYCLE,S
IND,208,6592,59452,20/01/2019,09:44:24,15,1,26.9,1.1,72.0,71.6,2,1,1.00,CYCLE,N
IND,208,6592,59452,20/01/2019,09:44:27,15,1,26.3,1.0,3.2,3.0,2,1,1.00,CYCLE,N
IND,208,6592,59452,20/01/2019,09:44:28,15,1,25.5,1.1,1.2,1.1,2,1,1.00,CYCLE,N
IND,208,6592,59452,20/01/2019,09:44:33,15,1,22.2,1.0,4.1,4.0,2,1,1.00,CYCLE,N
IND,208,6592,59452,20/01/2019,09:44:33,15,1,23.6,1.0,0.8,0.7,2,1,1.00,CYCLE,N
IND,208,6592,59452,20/01/2019,09:44:36,15,1,22.5,1.1,2.2,2.1,2,1,1.00,CYCLE,N
IND,208,6592,59452,20/01/2019,09:44:36,15,1,22.1,1.1,0.4,0.2,2,1,1.00,CYCLE,N
IND,208,6592,59452,20/01/2019,09:44:39,15,1,18.9,1.0,2.6,2.5,2,1,1.00,CYCLE,N
IND,208,6592,59453,20/01/2019,09:45:12,15,0,25.9,1.0,83.5,83.3,2,1,1.00,CYCLE,S
IND,208,6592,59453,20/01/2019,09:45:12,15,0,25.9,1.0,0.0,0.0,2,1,1.00,CYCLE,S
IND,208,6592,59452,20/01/2019,09:46:04,15,1,32.8,1.0,85.3,85.1,2,1,1.00,CYCLE,N
IND,208,6592,59452,20/01/2019,09:46:13,15,1,20.1,1.1,9.0,9.0,2,1,1.00,CYCLE,N
IND,208,6592,59453,20/01/2019,09:46:43,15,0,27.2,1.0,90.9,90.7,2,1,1.00,CYCLE,S
IND,208,6592,59453,20/01/2019,09:46:47,15,0,24.2,1.0,4.5,4.3,2,1,1.00,CYCLE,S
IND,208,6592,59452,20/01/2019,09:47:44,15,1,6.4,0.3,0.7,0.7,2,1,1.00,CYCLE,N
IND,208,6592,59452,20/01/2019,09:48:42,15,1,25.8,1.1,54.6,54.4,2,1,1.00,CYCLE,N
IND,208,6592,59452,20/01/2019,09:49:18,15,1,21.9,1.1,36.4,36.2,2,1,1.00,CYCLE,N
IND,208,6592,59452,20/01/2019,09:49:20,15,1,21.7,1.1,1.7,1.6,2,1,1.00,CYCLE,N
IND,208,6592,59453,20/01/2019,09:49:54,15,0,19.9,1.1,186.5,186.3,2,1,1.00,CYCLE,S
IND,208,6592,59453,20/01/2019,09:49:56,15,0,19.1,1.1,1.6,1.4,2,1,1.00,CYCLE,S
IND,208,6592,59452,20/01/2019,09:51:00,15,1,14.7,1.0,100.6,100.4,2,1,1.00,CYCLE,N
IND,208,6592,59452,20/01/2019,09:51:00,15,1,14.7,1.0,0.0,0.0,2,1,1.00,CYCLE,N
IND,208,6592,59453,20/01/2019,09:51:26,15,0,13.4,1.1,90.4,90.2,2,1,1.00,CYCLE,S
IND,208,6592,59453,20/01/2019,09:51:27,15,0,13.1,0.7,1.0,0.7,2,1,1.00,CYCLE,S
IND,208,6592,59452,20/01/2019,09:52:03,15,1,28.7,1.0,44.8,44.5,2,1,1.00,CYCLE,N
IND,208,6592,59452,20/01/2019,09:53:14,15,1,21.3,1.0,70.5,70.4,2,1,1.00,CYCLE,N
IND,208,6592,59452,20/01/2019,09:53:15,15,1,19.8,1.0,1.2,1.0,2,1,0.67,CYCLE,N
IND,208,6592,59452,20/01/2019,09:53:15,15,1,19.8,1.0,0.0,0.0,2,1,0.67,CYCLE,N
IND,208,6592,59453,20/01/2019,09:53:47,15,0,26.7,1.0,139.6,139.4,2,1,1.00,CYCLE,S
IND,208,6592,59453,20/01/2019,09:53:49,15,0,26.5,1.1,2.2,2.0,2,1,1.00,CYCLE,S
IND,208,6592,59453,20/01/2019,09:53:53,15,0,23.5,1.0,4.0,3.9,2,1,1.00,CYCLE,S
IND,208,6592,59453,20/01/2019,09:53:54,15,0,23.1,1.0,1.1,0.9,2,1,1.00,CYCLE,S
IND,208,6592,59453,20/01/2019,09:54:05,15,0,18.4,1.1,11.0,10.8,2,1,1.00,CYCLE,S
IND,208,6592,59453,20/01/2019,09:54:06,15,0,18.8,1.0,1.2,1.0,2,1,1.00,CYCLE,S
IND,208,6592,59452,20/01/2019,09:54:12,15,1,24.9,1.0,56.5,56.2,2,1,1.00,CYCLE,N
IND,208,6592,59453,20/01/2019,09:55:09,15,0,26.3,1.0,63.2,63.0,2,1,1.00,CYCLE,S
IND,208,6592,59453,20/01/2019,09:55:26,15,0,15.8,1.1,16.7,16.6,2,1,1.00,CYCLE,S
IND,208,6592,59453,20/01/2019,09:55:28,15,0,14.9,1.1,1.8,1.5,2,1,1.00,CYCLE,S
IND,208,6592,59452,20/01/2019,09:55:55,15,1,31.2,1.0,103.7,103.6,2,1,1.00,CYCLE,N
IND,208,6592,59452,20/01/2019,09:55:56,15,1,31.9,1.0,0.3,0.2,2,1,1.00,CYCLE,N
IND,208,6592,59452,20/01/2019,09:57:04,15,1,24.0,1.0,68.1,68.0,2,1,1.00,CYCLE,N
IND,208,6592,59452,20/01/2019,09:57:04,15,1,24.7,1.0,0.4,0.3,2,1,1.00,CYCLE,N
IND,208,6592,59453,20/01/2019,09:57:20,15,0,24.0,1.0,112.0,111.7,2,1,1.00,CYCLE,S
IND,208,6592,59452,20/01/2019,09:58:10,15,1,26.1,1.0,66.1,66.0,2,1,1.00,CYCLE,N
IND,208,6592,59452,20/01/2019,09:58:11,15,1,25.5,1.0,0.2,0.1,2,1,1.00,CYCLE,N
IND,208,6592,59452,20/01/2019,09:58:11,15,1,27.1,1.0,0.6,0.5,2,1,1.00,CYCLE,N
IND,208,6592,59452,20/01/2019,09:59:16,15,1,30.5,1.0,64.8,64.6,2,1,1.00,CYCLE,N
IND,208,6592,59452,20/01/2019,09:59:19,15,1,25.0,1.0,3.4,3.3,2,1,1.00,CYCLE,N
IND,208,6592,59453,20/01/2019,09:59:44,15,0,34.2,1.1,144.2,144.1,2,1,1.00,CYCLE,S
IND,208,6592,59453,20/01/2019,10:00:05,15,0,15.6,1.0,21.5,21.4,2,1,1.00,CYCLE,S
IND,208,6592,59453,20/01/2019,10:00:23,15,0,22.7,1.0,17.5,17.3,2,1,1.00,CYCLE,S
IND,208,6592,59453,20/01/2019,10:00:23,15,0,21.9,1.0,0.5,0.4,2,1,1.00,CYCLE,S
IND,208,6592,59452,20/01/2019,10:01:28,15,1,37.0,1.0,128.3,128.1,2,1,1.00,CYCLE,N
IND,208,6592,59453,20/01/2019,10:01:31,15,0,24.9,1.1,67.3,67.2,2,1,1.00,CYCLE,S
IND,208,6592,59452,20/01/2019,10:01:31,15,1,27.6,1.1,3.7,3.6,2,1,1.00,CYCLE,N
IND,208,6592,59452,20/01/2019,10:01:38,15,1,25.5,1.0,6.4,6.2,2,1,1.00,CYCLE,N
IND,208,6592,59452,20/01/2019,10:01:40,15,1,19.0,1.0,2.1,2.0,2,1,1.00,CYCLE,N
IND,208,6592,59453,20/01/2019,10:01:50,15,0,18.3,1.0,19.7,19.6,2,1,1.00,CYCLE,S
IND,208,6592,59453,20/01/2019,10:01:50,15,0,18.3,1.0,0.0,0.0,2,1,1.00,CYCLE,S
IND,208,6592,59453,20/01/2019,10:01:52,15,0,17.9,1.0,1.2,0.9,2,1,1.00,CYCLE,S
IND,208,6592,59453,20/01/2019,10:01:53,15,0,16.6,1.1,1.2,1.0,2,1,1.00,CYCLE,S
IND,208,6592,59452,20/01/2019,10:02:55,15,1,26.6,1.0,74.8,74.4,2,1,1.00,CYCLE,N
IND,208,6592,59452,20/01/2019,10:02:55,15,1,28.8,1.0,0.4,0.3,2,1,1.00,CYCLE,N
IND,208,6592,59453,20/01/2019,10:05:09,15,0,31.6,1.0,195.8,195.6,2,1,1.00,CYCLE,S
IND,208,6592,59453,20/01/2019,10:05:13,15,0,27.2,1.0,4.4,4.3,2,1,1.00,CYCLE,S
IND,208,6592,59453,20/01/2019,10:05:14,15,0,31.3,1.0,1.1,1.0,2,1,1.00,CYCLE,S
IND,208,6592,59453,20/01/2019,10:05:26,15,0,21.8,1.1,11.5,11.4,2,1,1.00,CYCLE,S
IND,208,6592,59453,20/01/2019,10:05:26,15,0,25.4,1.1,0.3,0.1,2,1,1.00,CYCLE,S
IND,208,6592,59453,20/01/2019,10:06:03,15,0,22.3,1.0,37.4,37.2,2,1,1.00,CYCLE,S
IND,208,6592,59452,20/01/2019,10:06:25,15,1,34.0,1.0,209.5,209.4,2,1,1.00,CYCLE,N
IND,208,6592,59452,20/01/2019,10:06:28,15,1,28.1,1.0,3.7,3.6,2,1,1.00,CYCLE,N
IND,208,6592,59452,20/01/2019,10:06:29,15,1,20.7,1.1,0.6,0.5,2,1,1.00,CYCLE,N
IND,208,6592,59452,20/01/2019,10:06:30,15,1,28.5,1.1,0.8,0.6,2,1,1.00,CYCLE,N
IND,208,6592,59452,20/01/2019,10:06:32,15,1,25.7,1.0,1.8,1.6,2,1,1.00,CYCLE,N
IND,208,6592,59452,20/01/2019,10:06:32,15,1,20.6,1.1,0.5,0.4,2,1,1.00,CYCLE,N
IND,208,6592,59453,20/01/2019,10:06:57,15,0,22.1,1.0,53.6,53.4,2,1,1.00,CYCLE,S
IND,208,6592,59452,20/01/2019,10:08:28,15,1,29.1,1.0,115.8,115.6,2,1,1.00,CYCLE,N
IND,208,6592,59453,20/01/2019,10:09:26,15,0,18.5,1.1,149.2,149.0,2,1,1.00,CYCLE,S
IND,208,6592,59453,20/01/2019,10:10:14,15,0,15.0,1.0,47.6,47.4,2,1,0.80,CYCLE,S
IND,208,6592,59453,20/01/2019,10:10:30,15,0,21.0,1.1,16.4,16.1,2,1,1.00,CYCLE,S
IND,208,6592,59453,20/01/2019,10:10:49,15,0,10.0,1.0,19.2,19.0,2,1,1.14,CYCLE,S
IND,208,6592,59453,20/01/2019,10:10:49,15,0,10.0,1.0,0.0,0.0,2,1,1.14,CYCLE,S
IND,208,6592,59452,20/01/2019,10:11:54,15,1,25.3,1.0,206.5,206.3,2,1,1.00,CYCLE,N
IND,208,6592,59452,20/01/2019,10:11:55,15,1,23.6,0.9,0.7,0.5,2,1,1.00,CYCLE,N
IND,208,6592,59452,20/01/2019,10:11:58,15,1,23.3,1.0,3.4,3.2,2,1,1.00,CYCLE,N
IND,208,6592,59452,20/01/2019,10:12:41,15,1,30.2,1.0,42.7,42.5,2,1,1.00,CYCLE,N
IND,208,6592,59452,20/01/2019,10:12:46,15,1,24.2,1.0,5.3,5.2,2,1,1.00,CYCLE,N
IND,208,6592,59452,20/01/2019,10:12:48,15,1,25.3,1.1,1.4,1.3,2,1,1.00,CYCLE,N
IND,208,6592,59452,20/01/2019,10:13:11,15,1,32.3,1.1,23.5,23.4,2,1,1.00,CYCLE,N
IND,208,6592,59452,20/01/2019,10:13:33,15,1,25.7,1.0,21.2,21.1,2,1,1.00,CYCLE,N
IND,208,6592,59452,20/01/2019,10:14:16,15,1,14.7,1.0,43.8,43.7,2,1,1.00,CYCLE,N
IND,208,6592,59452,20/01/2019,10:14:17,15,1,14.9,1.0,0.7,0.5,2,1,1.00,CYCLE,N
IND,208,6592,59453,20/01/2019,10:14:34,15,0,23.5,1.0,224.7,224.3,2,1,1.00,CYCLE,S
IND,208,6592,59453,20/01/2019,10:16:32,15,0,19.6,1.1,115.7,115.5,2,1,1.00,CYCLE,S
IND,208,6592,59453,20/01/2019,10:16:33,15,0,20.4,1.1,0.5,0.3,2,1,1.00,CYCLE,S
IND,208,6592,59453,20/01/2019,10:17:45,15,0,21.2,1.1,72.2,72.0,2,1,1.00,CYCLE,S
IND,208,6592,59452,20/01/2019,10:17:57,15,1,23.7,1.1,220.0,219.7,2,1,1.00,CYCLE,N
IND,208,6592,59452,20/01/2019,10:17:58,15,1,26.6,1.1,0.7,0.6,2,1,1.00,CYCLE,N
IND,208,6592,59452,20/01/2019,10:18:00,15,1,22.9,1.1,2.6,2.5,2,1,1.00,CYCLE,N
IND,208,6592,59452,20/01/2019,10:18:01,15,1,22.4,1.0,0.5,0.3,2,1,1.00,CYCLE,N
IND,208,6592,59452,20/01/2019,10:19:03,15,1,30.6,1.0,62.4,62.2,2,1,1.00,CYCLE,N
IND,208,6592,59452,20/01/2019,10:19:07,15,1,27.3,1.0,3.9,3.8,2,1,1.00,CYCLE,N
IND,208,6592,59452,20/01/2019,10:19:08,15,1,27.3,1.0,0.7,0.6,2,1,1.00,CYCLE,N
IND,208,6592,59453,20/01/2019,10:19:24,15,0,26.4,1.0,98.9,98.7,2,1,1.00,CYCLE,S
IND,208,6592,59452,20/01/2019,10:20:24,15,1,27.2,1.1,76.4,76.3,2,1,1.00,CYCLE,N
IND,208,6592,59453,20/01/2019,10:20:26,15,0,18.0,1.0,61.7,61.6,2,1,1.00,CYCLE,S
IND,208,6592,59452,20/01/2019,10:20:34,15,1,16.2,1.0,9.4,9.3,2,1,1.00,CYCLE,N
IND,208,6592,59452,20/01/2019,10:20:34,15,1,16.2,1.0,0.0,0.0,2,1,1.00,CYCLE,N
IND,208,6592,59452,20/01/2019,10:20:40,15,1,27.1,1.1,6.0,5.7,2,1,1.00,CYCLE,N
IND,208,6592,59453,20/01/2019,10:21:15,15,0,26.1,1.1,49.0,48.8,2,1,1.00,CYCLE,S
IND,208,6592,59453,20/01/2019,10:21:16,15,0,25.3,1.1,0.9,0.7,2,1,1.00,CYCLE,S
IND,208,6592,59453,20/01/2019,10:21:30,15,0,24.5,1.1,14.3,14.1,2,1,1.00,CYCLE,S
IND,208,6592,59453,20/01/2019,10:22:05,15,0,22.4,1.0,35.6,35.4,2,1,1.00,CYCLE,S
IND,208,6592,59453,20/01/2019,10:22:23,15,0,18.2,1.1,17.2,17.0,2,1,1.00,CYCLE,S
IND,208,6592,59453,20/01/2019,10:22:54,15,0,16.4,1.0,31.0,30.8,2,1,1.00,CYCLE,S
IND,208,6592,59452,20/01/2019,10:23:07,15,1,28.7,1.0,147.0,146.8,2,1,1.00,CYCLE,N
IND,208,6592,59453,20/01/2019,10:23:35,15,0,19.7,1.1,41.6,41.4,2,1,1.00,CYCLE,S
IND,208,6592,59453,20/01/2019,10:24:26,15,0,21.5,1.1,50.8,50.6,2,1,1.00,CYCLE,S
IND,208,6592,59453,20/01/2019,10:24:29,15,0,21.7,1.0,3.0,2.8,2,1,1.00,CYCLE,S
IND,208,6592,59452,20/01/2019,10:24:57,15,1,23.1,1.1,109.9,109.8,2,1,1.00,CYCLE,N
IND,208,6592,59453,20/01/2019,10:25:12,15,0,24.7,0.8,42.6,42.4,2,1,1.00,CYCLE,S
IND,208,6592,59453,20/01/2019,10:25:12,15,0,25.5,1.1,0.8,0.6,2,1,1.00,CYCLE,S
IND,208,6592,59453,20/01/2019,10:26:20,15,0,22.4,1.0,67.8,67.6,2,1,1.00,CYCLE,S
IND,208,6592,59452,20/01/2019,10:26:41,15,1,25.6,1.1,104.5,104.3,2,1,1.00,CYCLE,N
IND,208,6592,59452,20/01/2019,10:26:42,15,1,25.3,1.1,0.5,0.4,2,1,1.00,CYCLE,N
IND,208,6592,59452,20/01/2019,10:26:45,15,1,20.3,1.0,3.7,3.5,2,1,1.00,CYCLE,N
IND,208,6592,59452,20/01/2019,10:26:51,15,1,17.9,1.1,5.6,5.4,2,1,1.00,CYCLE,N
IND,208,6592,59452,20/01/2019,10:26:55,15,1,32.1,1.1,4.5,4.2,2,1,1.00,CYCLE,N
IND,208,6592,59452,20/01/2019,10:27:42,15,1,22.8,1.0,46.5,46.4,2,1,1.00,CYCLE,N
IND,208,6592,59452,20/01/2019,10:27:43,15,1,26.6,1.0,1.3,1.2,2,1,1.00,CYCLE,N
IND,208,6592,59452,20/01/2019,10:27:44,15,1,25.9,1.0,0.4,0.3,2,1,1.00,CYCLE,N
IND,208,6592,59452,20/01/2019,10:27:45,15,1,29.9,1.1,1.3,1.2,2,1,1.00,CYCLE,N
IND,208,6592,59453,20/01/2019,10:28:26,15,0,21.4,1.0,126.3,126.1,2,1,1.00,CYCLE,S
IND,208,6592,59452,20/01/2019,10:29:08,15,1,18.7,1.0,82.7,82.6,2,1,1.00,CYCLE,N
IND,208,6592,59452,20/01/2019,10:29:10,15,1,19.0,1.1,2.8,2.6,2,1,1.00,CYCLE,N
IND,208,6592,59453,20/01/2019,10:29:42,15,0,19.7,1.1,75.6,75.4,2,1,1.00,CYCLE,S
IND,208,6592,59453,20/01/2019,10:29:43,15,0,18.2,1.0,1.3,1.1,2,1,1.00,CYCLE,S
IND,208,6592,59453,20/01/2019,10:29:45,15,0,22.7,1.0,2.2,2.0,2,1,1.00,CYCLE,S
IND,208,6592,59453,20/01/2019,10:29:47,15,0,20.1,1.0,1.6,1.4,2,1,1.00,CYCLE,S
IND,208,6592,59453,20/01/2019,10:29:57,15,0,16.1,1.0,9.8,9.7,2,1,1.00,CYCLE,S
IND,208,6592,59453,20/01/2019,10:29:58,15,0,16.4,1.1,0.7,0.5,2,1,1.00,CYCLE,S
IND,208,6592,59453,20/01/2019,10:29:59,15,0,16.1,1.1,1.2,0.9,2,1,1.00,CYCLE,S
IND,208,6592,59453,20/01/2019,10:30:57,15,0,26.0,1.1,58.1,57.9,2,1,1.00,CYCLE,S
IND,208,6592,59453,20/01/2019,10:31:07,15,0,22.1,1.1,10.0,9.9,2,1,1.00,CYCLE,S
IND,208,6592,59453,20/01/2019,10:31:08,15,0,18.3,1.1,1.2,1.0,2,1,1.00,CYCLE,S
IND,208,6592,59453,20/01/2019,10:31:09,15,0,17.3,1.1,1.1,0.8,2,1,1.00,CYCLE,S
IND,208,6592,59453,20/01/2019,10:31:10,15,0,17.0,1.1,0.9,0.7,2,1,1.00,CYCLE,S
IND,208,6592,59452,20/01/2019,10:31:38,15,1,26.2,1.0,147.3,147.0,2,1,1.00,CYCLE,N
IND,208,6592,59453,20/01/2019,10:32:34,15,0,26.0,1.0,84.4,84.2,2,1,1.00,CYCLE,S
IND,208,6592,59453,20/01/2019,10:32:34,15,0,26.0,1.0,0.0,0.0,2,1,1.00,CYCLE,S
IND,208,6592,59452,20/01/2019,10:33:09,15,1,26.5,1.1,90.9,90.8,2,1,1.00,CYCLE,N
IND,208,6592,59452,20/01/2019,10:33:10,15,1,27.2,1.2,1.6,1.4,2,1,1.00,CYCLE,N
IND,208,6592,59452,20/01/2019,10:33:11,15,1,17.6,1.1,1.0,0.9,2,1,1.00,CYCLE,N
IND,208,6592,59453,20/01/2019,10:33:12,15,0,15.2,1.1,37.5,37.3,2,1,1.00,CYCLE,S
IND,208,6592,59452,20/01/2019,10:33:14,15,1,19.3,1.1,3.1,2.8,2,1,1.00,CYCLE,N
IND,208,6592,59453,20/01/2019,10:33:50,15,0,18.2,1.0,38.0,37.5,2,1,1.00,CYCLE,S
IND,208,6592,59453,20/01/2019,10:33:51,15,0,18.6,1.0,0.4,0.2,2,1,1.00,CYCLE,S
IND,208,6592,59452,20/01/2019,10:34:05,15,1,31.9,1.0,50.3,50.0,2,1,1.00,CYCLE,N
IND,208,6592,59453,20/01/2019,10:34:09,15,0,28.5,1.0,18.2,18.0,2,1,1.00,CYCLE,S
IND,208,6592,59452,20/01/2019,10:35:24,15,1,27.0,1.0,79.2,79.1,2,1,1.00,CYCLE,N
IND,208,6592,59452,20/01/2019,10:35:28,15,1,25.8,1.1,4.1,4.0,2,1,1.00,CYCLE,N
IND,208,6592,59453,20/01/2019,10:36:10,15,0,17.3,0.9,121.2,121.1,2,1,1.00,CYCLE,S
IND,208,6592,59453,20/01/2019,10:37:12,15,0,18.9,1.1,62.3,62.1,2,1,1.00,CYCLE,S
IND,208,6592,59453,20/01/2019,10:37:15,15,0,17.3,1.1,2.3,2.1,2,1,1.00,CYCLE,S
IND,208,6592,59453,20/01/2019,10:37:15,15,0,47.8,1.1,0.6,0.3,2,1,1.00,CYCLE,S
IND,208,6592,59453,20/01/2019,10:37:27,15,0,29.0,1.0,11.3,11.2,2,1,1.00,CYCLE,S
IND,208,6592,59453,20/01/2019,10:37:29,15,0,13.5,1.1,2.1,2.0,2,1,1.00,CYCLE,S
IND,208,6592,59453,20/01/2019,10:37:33,15,0,16.4,1.0,4.3,4.0,2,1,1.00,CYCLE,S
IND,208,6592,59453,20/01/2019,10:37:33,15,0,16.4,1.0,0.0,0.0,2,1,1.00,CYCLE,S
IND,208,6592,59453,20/01/2019,10:38:00,15,0,23.9,1.0,27.1,26.8,2,1,0.75,CYCLE,S
IND,208,6592,59452,20/01/2019,10:38:24,15,1,23.8,1.1,175.9,175.8,2,1,1.00,CYCLE,N
IND,208,6592,59452,20/01/2019,10:38:27,15,1,13.1,1.1,3.3,3.2,2,1,1.00,CYCLE,N
IND,208,6592,59452,20/01/2019,10:38:31,15,1,13.3,1.1,3.6,3.3,2,1,1.00,CYCLE,N
IND,208,6592,59453,20/01/2019,10:39:00,15,0,13.8,1.0,60.0,59.9,2,1,1.00,CYCLE,S
IND,208,6592,59453,20/01/2019,10:39:00,15,0,13.8,1.0,0.0,0.0,2,1,1.00,CYCLE,S
IND,208,6592,59453,20/01/2019,10:39:36,15,0,20.4,1.0,36.0,35.7,2,1,1.00,CYCLE,S
IND,208,6592,59452,20/01/2019,10:40:51,15,1,32.0,1.0,140.2,139.9,2,1,1.00,CYCLE,N
IND,208,6592,59452,20/01/2019,10:41:05,15,1,32.1,1.0,13.9,13.8,2,1,1.00,CYCLE,N
IND,208,6592,59453,20/01/2019,10:41:07,15,0,23.2,1.0,90.4,90.2,2,1,1.00,CYCLE,S
IND,208,6592,59453,20/01/2019,10:41:37,15,0,16.4,1.1,30.3,30.1,2,1,1.00,CYCLE,S
IND,208,6592,59452,20/01/2019,10:43:00,15,1,23.6,1.0,114.7,114.6,2,1,1.00,CYCLE,N
IND,208,6592,59453,20/01/2019,10:43:33,15,0,17.5,1.0,116.6,116.4,2,1,1.00,CYCLE,S
IND,208,6592,59452,20/01/2019,10:43:41,15,1,27.2,1.0,40.9,40.7,2,1,1.00,CYCLE,N
IND,208,6592,59452,20/01/2019,10:43:44,15,1,24.0,1.0,3.8,3.7,2,1,1.00,CYCLE,N
IND,208,6592,59452,20/01/2019,10:43:45,15,1,23.8,1.0,1.0,0.9,2,1,1.00,CYCLE,N
IND,208,6592,59452,20/01/2019,10:43:46,15,1,23.5,1.0,0.7,0.5,2,1,1.00,CYCLE,N
IND,208,6592,59453,20/01/2019,10:43:54,15,0,26.0,1.1,20.8,20.6,2,1,1.00,CYCLE,S
IND,208,6592,59452,20/01/2019,10:45:18,15,1,24.6,1.0,92.1,92.0,2,1,1.00,CYCLE,N
IND,208,6592,59452,20/01/2019,10:45:22,15,1,20.4,1.0,4.0,3.9,2,1,1.00,CYCLE,N
IND,208,6592,59452,20/01/2019,10:46:47,15,1,32.5,1.0,84.3,84.1,2,1,1.00,CYCLE,N
IND,208,6592,59452,20/01/2019,10:46:55,15,1,22.9,1.0,8.0,7.9,2,1,1.00,CYCLE,N
IND,208,6592,59453,20/01/2019,10:47:04,15,0,16.5,1.1,190.2,190.1,2,1,1.00,CYCLE,S
IND,208,6592,59453,20/01/2019,10:50:49,15,0,21.0,1.1,224.2,224.0,2,1,1.00,CYCLE,S
IND,208,6592,59453,20/01/2019,10:51:01,15,0,23.4,1.1,12.4,12.3,2,1,1.00,CYCLE,S
IND,208,6592,59453,20/01/2019,10:51:09,15,0,19.7,1.1,7.5,7.3,2,1,1.00,CYCLE,S
IND,208,6592,59453,20/01/2019,10:51:14,15,0,24.5,1.0,5.2,5.0,2,1,1.00,CYCLE,S
IND,208,6592,59453,20/01/2019,10:51:43,15,0,27.2,1.0,28.8,28.7,2,1,1.00,CYCLE,S
IND,208,6592,59453,20/01/2019,10:52:07,15,0,20.5,1.1,24.2,24.0,2,1,1.00,CYCLE,S
IND,208,6592,59453,20/01/2019,10:52:35,15,0,14.4,1.1,28.1,27.9,2,1,1.00,CYCLE,S
IND,208,6592,59453,20/01/2019,10:52:35,15,0,15.4,1.1,0.6,0.3,2,1,1.00,CYCLE,S
IND,208,6592,59452,20/01/2019,10:52:46,15,1,28.0,1.0,351.9,351.7,2,1,1.00,CYCLE,N
IND,208,6592,59452,20/01/2019,10:52:46,15,1,28.0,1.0,0.0,0.0,2,1,1.00,CYCLE,N
IND,208,6592,59452,20/01/2019,10:52:48,15,1,28.3,1.0,1.5,1.3,2,1,1.00,CYCLE,N
IND,208,6592,59452,20/01/2019,10:52:50,15,1,29.4,1.0,1.7,1.5,2,1,1.00,CYCLE,N
IND,208,6592,59453,20/01/2019,10:53:07,15,0,27.9,1.0,32.0,31.7,2,1,1.00,CYCLE,S
IND,208,6592,59453,20/01/2019,10:53:18,15,0,22.7,1.1,10.8,10.7,2,1,1.00,CYCLE,S
IND,208,6592,59452,20/01/2019,10:55:37,15,1,29.9,1.0,167.5,167.3,2,1,1.00,CYCLE,N
IND,208,6592,59452,20/01/2019,10:55:45,15,1,22.0,1.0,7.6,7.5,2,1,1.00,CYCLE,N
IND,208,6592,59453,20/01/2019,10:56:21,15,0,29.4,1.0,121.2,121.0,2,1,1.00,CYCLE,S
IND,208,6592,59453,20/01/2019,10:57:11,15,0,18.1,1.0,50.6,50.4,2,1,1.00,CYCLE,S
IND,208,6592,59452,20/01/2019,10:57:29,15,1,20.1,1.1,104.6,104.5,2,1,1.00,CYCLE,N
IND,208,6592,59452,20/01/2019,10:59:09,15,1,30.6,1.0,99.2,99.0,2,1,1.00,CYCLE,N
IND,208,6592,59452,20/01/2019,10:59:09,15,1,31.2,1.1,0.9,0.7,2,1,1.00,CYCLE,N
IND,208,6592,59452,20/01/2019,10:59:11,15,1,29.2,1.1,1.3,1.2,2,1,1.00,CYCLE,N
IND,208,6592,59452,20/01/2019,10:59:13,15,1,27.2,1.0,2.0,1.9,2,1,1.00,CYCLE,N
IND,208,6592,59452,20/01/2019,10:59:14,15,1,27.3,1.0,1.5,1.4,2,1,1.00,CYCLE,N
IND,208,6592,59452,20/01/2019,10:59:16,15,1,26.3,1.0,1.5,1.4,2,1,1.00,CYCLE,N
IND,208,6592,59453,20/01/2019,11:00:01,15,0,20.8,1.0,169.8,169.5,2,1,1.00,CYCLE,S
IND,208,6592,59453,20/01/2019,11:00:02,15,0,23.5,1.0,1.1,0.9,2,1,1.00,CYCLE,S
IND,208,6592,59452,20/01/2019,11:01:01,15,1,12.8,1.0,105.5,105.4,2,1,1.00,CYCLE,N
IND,208,6592,59452,20/01/2019,11:01:05,15,1,11.5,0.7,3.4,3.1,2,1,1.00,CYCLE,N
IND,208,6592,59453,20/01/2019,11:01:46,15,0,18.5,0.9,104.0,103.9,2,1,1.00,CYCLE,S
IND,208,6592,59453,20/01/2019,11:01:51,15,0,16.9,1.0,4.7,4.5,2,1,1.00,CYCLE,S
IND,208,6592,59453,20/01/2019,11:01:51,15,0,19.4,1.1,0.5,0.3,2,1,1.00,CYCLE,S
IND,208,6592,59453,20/01/2019,11:02:06,15,0,10.5,0.9,14.2,14.0,2,1,1.00,CYCLE,S
IND,208,6592,59453,20/01/2019,11:02:33,15,0,22.0,1.0,26.7,25.9,2,1,1.00,CYCLE,S
IND,208,6592,59453,20/01/2019,11:02:34,15,0,22.3,1.1,0.8,0.6,2,1,1.00,CYCLE,S
IND,208,6592,59453,20/01/2019,11:03:02,15,0,31.4,1.0,27.6,27.4,2,1,1.00,CYCLE,S
IND,208,6592,59452,20/01/2019,11:03:06,15,1,29.8,1.0,121.1,120.8,2,1,1.00,CYCLE,N
IND,208,6592,59452,20/01/2019,11:03:13,15,1,18.1,1.1,7.1,7.0,2,1,1.00,CYCLE,N
IND,208,6592,59452,20/01/2019,11:03:14,15,1,18.1,1.1,1.3,1.0,2,1,1.00,CYCLE,N
IND,208,6592,59452,20/01/2019,11:03:15,15,1,18.2,1.1,0.8,0.6,2,1,1.00,CYCLE,N
IND,208,6592,59452,20/01/2019,11:03:16,15,1,18.0,1.1,1.0,0.8,2,1,1.00,CYCLE,N
IND,208,6592,59452,20/01/2019,11:03:18,15,1,17.6,1.1,2.0,1.8,2,1,1.00,CYCLE,N
IND,208,6592,59452,20/01/2019,11:05:53,15,1,26.8,1.0,155.0,154.8,2,1,1.00,CYCLE,N
IND,208,6592,59453,20/01/2019,11:06:37,15,0,31.9,1.0,216.0,215.9,2,1,1.00,CYCLE,S
IND,208,6592,59452,20/01/2019,11:07:32,15,1,20.2,1.1,98.9,98.8,2,1,1.00,CYCLE,N
IND,208,6592,59453,20/01/2019,11:08:09,15,0,28.3,1.0,91.2,91.1,2,1,1.00,CYCLE,S
IND,208,6592,59453,20/01/2019,11:08:15,15,0,21.4,1.1,6.5,6.3,2,1,1.00,CYCLE,S
IND,208,6592,59453,20/01/2019,11:08:16,15,0,21.5,1.1,0.4,0.3,2,1,1.00,CYCLE,S
IND,208,6592,59452,20/01/2019,11:08:40,15,1,24.8,1.0,68.6,68.4,2,1,1.00,CYCLE,N
IND,208,6592,59452,20/01/2019,11:09:26,15,1,11.0,1.0,45.4,45.3,2,1,1.00,CYCLE,N
IND,208,6592,59452,20/01/2019,11:09:55,15,1,28.2,1.0,28.9,28.5,2,1,1.00,CYCLE,N
IND,208,6592,59453,20/01/2019,11:10:05,15,0,16.3,1.0,91.0,90.6,2,1,1.00,CYCLE,S
IND,208,6592,59453,20/01/2019,11:10:46,15,0,13.5,1.0,41.9,41.7,2,1,1.00,CYCLE,S
IND,208,6592,59453,20/01/2019,11:10:47,15,0,13.9,1.0,0.7,0.4,2,1,1.00,CYCLE,S
IND,208,6592,59452,20/01/2019,11:11:23,15,1,17.7,1.1,2.1,1.7,2,1,1.00,CYCLE,N
IND,208,6592,59452,20/01/2019,11:11:24,15,1,21.9,1.0,1.5,1.3,2,1,1.00,CYCLE,N
IND,208,6592,59452,20/01/2019,11:11:26,15,1,19.7,1.0,2.2,2.1,2,1,1.00,CYCLE,N
IND,208,6592,59452,20/01/2019,11:11:30,15,1,20.1,1.1,3.2,3.0,2,1,1.00,CYCLE,N
IND,208,6592,59452,20/01/2019,11:11:34,15,1,17.1,1.1,4.7,4.5,2,1,1.00,CYCLE,N
IND,208,6592,59452,20/01/2019,11:11:37,15,1,16.9,1.1,2.6,2.4,2,1,1.00,CYCLE,N
IND,208,6592,59452,20/01/2019,11:13:42,15,1,27.1,1.0,124.9,124.6,2,1,1.00,CYCLE,N
IND,208,6592,59453,20/01/2019,11:13:46,15,0,23.0,1.0,152.2,152.0,2,1,1.00,CYCLE,S
IND,208,6592,59452,20/01/2019,11:14:09,15,1,24.0,1.0,26.7,26.5,2,1,1.00,CYCLE,N
IND,208,6592,59453,20/01/2019,11:15:27,15,0,22.9,1.0,100.1,99.9,2,1,1.00,CYCLE,S
IND,208,6592,59452,20/01/2019,11:16:00,15,1,18.3,0.9,111.9,111.8,2,1,1.00,CYCLE,N
IND,208,6592,59452,20/01/2019,11:16:35,15,1,25.5,1.2,34.5,34.3,2,1,1.00,CYCLE,N
IND,208,6592,59452,20/01/2019,11:16:35,15,1,24.8,1.1,0.6,0.4,2,1,1.00,CYCLE,N
IND,208,6592,59453,20/01/2019,11:16:36,15,0,21.8,1.1,69.4,69.3,2,1,1.00,CYCLE,S
IND,208,6592,59452,20/01/2019,11:16:38,15,1,26.0,1.0,2.4,2.2,2,1,1.00,CYCLE,N
IND,208,6592,59452,20/01/2019,11:16:41,15,1,24.8,1.0,2.7,2.6,2,1,0.57,CYCLE,N
IND,208,6592,59453,20/01/2019,11:17:16,15,0,24.9,1.0,40.4,40.2,2,1,1.00,CYCLE,S
IND,208,6592,59452,20/01/2019,11:17:57,15,1,27.6,1.1,76.3,76.0,2,1,1.00,CYCLE,N
IND,208,6592,59452,20/01/2019,11:18:07,15,1,19.2,1.0,10.4,10.2,2,1,1.00,CYCLE,N
IND,208,6592,59452,20/01/2019,11:18:08,15,1,19.2,1.1,1.1,0.9,2,1,1.00,CYCLE,N
IND,208,6592,59453,20/01/2019,11:18:38,15,0,16.3,1.0,81.9,81.8,2,1,1.00,CYCLE,S
IND,208,6592,59453,20/01/2019,11:19:26,15,0,17.6,1.0,47.3,47.1,2,1,1.00,CYCLE,S
IND,208,6592,59453,20/01/2019,11:19:43,15,0,25.7,1.0,17.2,17.0,2,1,1.00,CYCLE,S
IND,208,6592,59452,20/01/2019,11:19:44,15,1,25.5,1.0,95.5,95.2,2,1,1.00,CYCLE,N
IND,208,6592,59452,20/01/2019,11:21:13,15,1,31.2,1.0,89.2,89.1,2,1,1.00,CYCLE,N
IND,208,6592,59452,20/01/2019,11:21:14,15,1,29.8,1.0,1.4,1.3,2,1,1.00,CYCLE,N
IND,208,6592,59452,20/01/2019,11:21:15,15,1,30.9,1.0,0.4,0.3,2,1,1.00,CYCLE,N
IND,208,6592,59452,20/01/2019,11:21:15,15,1,30.4,1.0,0.3,0.2,2,1,1.00,CYCLE,N
IND,208,6592,59452,20/01/2019,11:21:21,15,1,24.0,1.0,5.5,5.4,2,1,1.00,CYCLE,N
IND,208,6592,59452,20/01/2019,11:21:22,15,1,23.0,1.0,1.6,1.4,2,1,1.00,CYCLE,N
IND,208,6592,59452,20/01/2019,11:21:22,15,1,23.0,1.0,0.0,0.0,2,1,1.00,CYCLE,N
IND,208,6592,59452,20/01/2019,11:21:23,15,1,22.2,1.0,1.1,0.9,2,1,1.00,CYCLE,N
IND,208,6592,59453,20/01/2019,11:21:32,15,0,17.6,1.1,108.3,108.1,2,1,1.00,CYCLE,S
IND,208,6592,59453,20/01/2019,11:21:57,15,0,19.5,1.1,24.7,24.5,2,1,1.00,CYCLE,S
IND,208,6592,59453,20/01/2019,11:22:42,15,0,19.3,1.0,44.4,44.2,2,1,1.00,CYCLE,S
IND,208,6592,59452,20/01/2019,11:22:55,15,1,27.0,1.1,91.3,91.1,2,1,1.00,CYCLE,N
IND,208,6592,59453,20/01/2019,11:23:02,15,0,18.4,1.1,20.2,19.7,2,1,1.00,CYCLE,S
IND,208,6592,59453,20/01/2019,11:25:23,15,0,20.9,1.1,141.2,141.0,2,1,1.00,CYCLE,S
IND,208,6592,59452,20/01/2019,11:26:39,15,1,25.3,1.1,224.2,224.1,2,1,1.00,CYCLE,N
IND,208,6592,59452,20/01/2019,11:26:48,15,1,18.2,1.1,8.8,8.7,2,1,1.00,CYCLE,N
IND,208,6592,59452,20/01/2019,11:26:48,15,1,16.8,1.1,0.7,0.5,2,1,1.00,CYCLE,N
IND,208,6592,59453,20/01/2019,11:27:08,15,0,15.6,1.0,105.2,105.0,2,1,1.00,CYCLE,S
IND,208,6592,59453,20/01/2019,11:27:55,15,0,19.1,1.0,46.6,46.4,2,1,1.00,CYCLE,S
IND,208,6592,59453,20/01/2019,11:27:55,15,0,19.1,1.0,0.0,0.0,2,1,1.00,CYCLE,S
IND,208,6592,59452,20/01/2019,11:27:56,15,1,20.7,1.1,67.9,67.7,2,1,1.00,CYCLE,N
IND,208,6592,59452,20/01/2019,11:27:58,15,1,21.7,1.0,1.3,1.1,2,1,1.00,CYCLE,N
IND,208,6592,59452,20/01/2019,11:28:01,15,1,20.4,1.0,3.6,3.4,2,1,1.00,CYCLE,N
IND,208,6592,59452,20/01/2019,11:28:01,15,1,23.0,1.0,0.3,0.1,2,1,1.00,CYCLE,N
IND,208,6592,59453,20/01/2019,11:29:27,15,0,25.0,1.0,92.2,92.0,2,1,1.00,CYCLE,S
IND,208,6592,59453,20/01/2019,11:30:18,15,0,26.3,1.1,50.6,50.5,2,1,1.00,CYCLE,S
IND,208,6592,59453,20/01/2019,11:30:22,15,0,27.8,1.0,4.7,4.6,2,1,1.00,CYCLE,S
IND,208,6592,59453,20/01/2019,11:30:28,15,0,20.8,1.1,6.0,5.9,2,1,1.00,CYCLE,S
IND,208,6592,59452,20/01/2019,11:31:01,15,1,21.8,1.0,180.0,179.8,2,1,1.00,CYCLE,N
IND,208,6592,59453,20/01/2019,11:31:40,15,0,30.9,1.1,71.5,71.4,2,1,1.00,CYCLE,S
IND,208,6592,59453,20/01/2019,11:31:51,15,0,23.2,1.0,11.5,11.4,2,1,1.00,CYCLE,S
IND,208,6592,59453,20/01/2019,11:31:53,15,0,22.0,1.0,1.3,1.2,2,1,1.00,CYCLE,S
IND,208,6592,59453,20/01/2019,11:31:56,15,0,17.8,1.1,3.4,3.2,2,1,1.00,CYCLE,S
IND,208,6592,59453,20/01/2019,11:31:57,15,0,19.1,1.0,1.0,0.8,2,1,1.00,CYCLE,S
IND,208,6592,59453,20/01/2019,11:31:58,15,0,19.5,1.1,0.7,0.5,2,1,1.00,CYCLE,S
IND,208,6592,59453,20/01/2019,11:32:03,15,0,16.9,1.0,4.8,4.6,2,1,1.00,CYCLE,S
IND,208,6592,59453,20/01/2019,11:32:05,15,0,15.9,1.0,2.0,1.8,2,1,1.00,CYCLE,S
IND,208,6592,59453,20/01/2019,11:32:06,15,0,17.7,0.9,1.6,1.3,2,1,1.00,CYCLE,S
IND,208,6592,59453,20/01/2019,11:32:20,15,0,24.2,1.0,2.8,2.6,2,1,1.00,CYCLE,S
IND,208,6592,59452,20/01/2019,11:32:50,15,1,24.5,1.0,108.8,108.6,2,1,1.00,CYCLE,N
IND,208,6592,59453,20/01/2019,11:33:05,15,0,17.4,1.0,45.1,45.0,2,1,1.00,CYCLE,S
IND,208,6592,59453,20/01/2019,11:33:11,15,0,14.8,1.0,6.0,5.8,2,1,1.00,CYCLE,S
IND,208,6592,59453,20/01/2019,11:33:11,15,0,14.8,1.0,0.0,0.0,2,1,1.00,CYCLE,S
IND,208,6592,59452,20/01/2019,11:34:00,15,1,24.6,1.1,69.5,69.3,2,1,1.00,CYCLE,N
IND,208,6592,59453,20/01/2019,11:34:40,15,0,22.0,1.0,89.1,88.8,2,1,1.00,CYCLE,S
IND,208,6592,59453,20/01/2019,11:36:41,15,0,20.6,1.0,121.6,121.5,2,1,1.00,CYCLE,S
IND,208,6592,59453,20/01/2019,11:36:41,15,0,20.6,1.0,0.0,0.0,2,1,1.00,CYCLE,S
IND,208,6592,59452,20/01/2019,11:36:44,15,1,20.8,1.0,164.2,164.1,2,1,1.00,CYCLE,N
IND,208,6592,59453,20/01/2019,11:39:08,15,0,23.2,1.0,146.4,146.1,2,1,1.00,CYCLE,S
IND,208,6592,59453,20/01/2019,11:40:36,15,0,20.1,1.0,6.7,6.4,2,1,1.00,CYCLE,S
IND,208,6592,59453,20/01/2019,11:40:36,15,0,20.1,1.0,0.0,0.0,2,1,1.00,CYCLE,S
IND,208,6592,59453,20/01/2019,11:41:51,15,0,23.4,1.0,75.2,74.9,2,1,1.00,CYCLE,S
IND,208,6592,59452,20/01/2019,11:42:12,15,1,22.8,1.0,327.6,327.4,2,1,1.00,CYCLE,N
IND,208,6592,59453,20/01/2019,11:42:26,15,0,19.7,1.1,35.1,34.9,2,1,1.00,CYCLE,S
IND,208,6592,59453,20/01/2019,11:44:22,15,0,21.5,1.0,116.3,116.1,2,1,1.00,CYCLE,S
IND,208,6592,59453,20/01/2019,11:44:24,15,0,16.5,1.0,1.6,1.4,2,1,1.00,CYCLE,S
IND,208,6592,59453,20/01/2019,11:44:25,15,0,19.8,1.0,0.6,0.3,2,1,0.50,CYCLE,S
IND,208,6592,59452,20/01/2019,11:44:25,15,1,19.8,1.0,0.0,0.0,2,1,0.50,CYCLE,N
IND,208,6592,59453,20/01/2019,11:44:27,15,0,17.0,1.0,2.4,2.1,2,1,1.00,CYCLE,S
IND,208,6592,59453,20/01/2019,11:44:27,15,0,17.0,1.0,0.0,0.0,2,1,1.00,CYCLE,S
IND,208,6592,59452,20/01/2019,11:45:28,15,1,29.0,0.9,196.7,196.5,2,1,1.00,CYCLE,N
IND,208,6592,59452,20/01/2019,11:45:29,15,1,24.9,1.0,1.1,1.0,2,1,1.00,CYCLE,N
IND,208,6592,59452,20/01/2019,11:46:11,15,1,27.6,1.0,41.3,41.2,2,1,1.00,CYCLE,N
IND,208,6592,59452,20/01/2019,11:46:13,15,1,21.8,1.0,2.6,2.5,2,1,1.00,CYCLE,N
IND,208,6592,59452,20/01/2019,11:46:19,15,1,18.3,1.0,6.1,5.9,2,1,1.00,CYCLE,N
IND,208,6592,59452,20/01/2019,11:46:20,15,1,19.2,1.1,0.8,0.6,2,1,1.00,CYCLE,N
IND,208,6592,59452,20/01/2019,11:46:21,15,1,18.9,1.1,1.5,1.3,2,1,1.00,CYCLE,N
IND,208,6592,59452,20/01/2019,11:46:23,15,1,18.9,1.1,1.6,1.4,2,1,1.00,CYCLE,N
IND,208,6592,59452,20/01/2019,11:46:25,15,1,17.9,1.0,1.9,1.7,2,1,1.00,CYCLE,N
IND,208,6592,59452,20/01/2019,11:46:27,15,1,18.3,1.1,2.1,1.9,2,1,1.00,CYCLE,N
IND,208,6592,59453,20/01/2019,11:46:27,15,0,28.4,1.0,120.6,120.3,2,1,1.00,CYCLE,S
IND,208,6592,59452,20/01/2019,11:49:30,15,1,25.8,1.0,182.9,182.6,2,1,1.00,CYCLE,N
IND,208,6592,59452,20/01/2019,11:49:31,15,1,25.6,1.0,1.1,1.0,2,1,1.00,CYCLE,N
IND,208,6592,59452,20/01/2019,11:49:32,15,1,22.9,1.0,1.4,1.3,2,1,1.00,CYCLE,N
IND,208,6592,59452,20/01/2019,11:50:42,15,1,22.6,1.0,69.0,68.9,2,1,1.00,CYCLE,N
IND,208,6592,59452,20/01/2019,11:51:26,15,1,30.6,1.0,44.7,44.5,2,1,1.00,CYCLE,N
IND,208,6592,59453,20/01/2019,11:51:35,15,0,27.9,1.1,307.4,307.3,2,1,1.00,CYCLE,S
IND,208,6592,59453,20/01/2019,11:52:15,15,0,26.9,1.0,39.7,39.6,2,1,1.00,CYCLE,S
IND,208,6592,59452,20/01/2019,11:52:30,15,1,16.5,0.7,63.8,63.7,2,1,1.00,CYCLE,N
IND,208,6592,59452,20/01/2019,11:52:33,15,1,20.6,0.9,2.8,2.6,2,1,1.00,CYCLE,N
IND,208,6592,59452,20/01/2019,11:52:42,15,1,13.6,1.0,8.8,8.6,2,1,1.00,CYCLE,N
IND,208,6592,59452,20/01/2019,11:52:42,15,1,13.6,1.0,0.0,0.0,2,1,1.00,CYCLE,N
IND,208,6592,59452,20/01/2019,11:52:54,15,1,23.1,1.0,12.7,12.2,2,1,1.00,CYCLE,N
IND,208,6592,59453,20/01/2019,11:53:35,15,0,23.1,1.0,80.8,80.7,2,1,1.00,CYCLE,S
IND,208,6592,59453,20/01/2019,11:55:00,15,0,29.3,1.0,84.2,84.0,2,1,1.00,CYCLE,S
IND,208,6592,59453,20/01/2019,11:55:05,15,0,25.2,1.0,5.8,5.7,2,1,1.00,CYCLE,S
IND,208,6592,59452,20/01/2019,11:55:12,15,1,26.3,1.1,137.6,137.5,2,1,1.00,CYCLE,N
IND,208,6592,59452,20/01/2019,11:55:37,15,1,19.4,1.0,24.6,24.5,2,1,0.57,CYCLE,N
IND,208,6592,59453,20/01/2019,11:56:08,15,0,24.4,1.1,63.0,62.9,2,1,1.00,CYCLE,S
IND,208,6592,59452,20/01/2019,11:56:18,15,1,16.4,1.0,41.7,41.4,2,1,1.00,CYCLE,N
IND,208,6592,59452,20/01/2019,11:56:18,15,1,16.4,1.0,0.0,0.0,2,1,1.00,CYCLE,N
IND,208,6592,59452,20/01/2019,11:56:20,15,1,16.3,1.1,2.0,1.7,2,1,1.00,CYCLE,N
IND,208,6592,59452,20/01/2019,11:56:50,15,1,24.3,1.1,29.5,29.3,2,1,1.00,CYCLE,N
IND,208,6592,59452,20/01/2019,11:57:30,15,1,21.6,1.0,40.5,40.3,2,1,1.00,CYCLE,N
IND,208,6592,59452,20/01/2019,11:57:30,15,1,21.6,1.0,0.0,0.0,2,1,1.00,CYCLE,N
IND,208,6592,59452,20/01/2019,11:57:37,15,1,27.3,1.0,6.8,6.6,2,1,1.00,CYCLE,N
IND,208,6592,59453,20/01/2019,11:58:38,15,0,17.2,1.1,149.3,149.1,2,1,1.00,CYCLE,S
IND,208,6592,59453,20/01/2019,11:58:52,15,0,23.6,1.1,13.8,13.6,2,1,1.00,CYCLE,S
IND,208,6592,59453,20/01/2019,11:58:55,15,0,22.5,1.1,3.0,2.8,2,1,1.00,CYCLE,S
IND,208,6592,59453,20/01/2019,11:59:31,15,0,18.1,1.1,36.2,36.0,2,1,1.00,CYCLE,S
IND,208,6592,59453,20/01/2019,12:00:18,15,0,26.0,1.1,47.1,46.9,2,1,1.00,CYCLE,S
IND,208,6592,59452,20/01/2019,12:01:01,15,1,22.5,1.0,31.7,31.5,2,1,1.00,CYCLE,N
IND,208,6592,59452,20/01/2019,12:01:02,15,1,21.1,1.0,1.1,0.9,2,1,1.00,CYCLE,N
IND,208,6592,59452,20/01/2019,12:01:03,15,1,21.8,1.0,0.8,0.7,2,1,1.00,CYCLE,N
IND,208,6592,59453,20/01/2019,12:01:47,15,0,20.8,1.0,89.5,89.3,2,1,1.00,CYCLE,S
IND,208,6592,59453,20/01/2019,12:02:16,15,0,22.9,1.1,28.9,28.7,2,1,1.00,CYCLE,S
IND,208,6592,59452,20/01/2019,12:03:36,15,1,29.2,1.0,153.9,153.7,2,1,1.00,CYCLE,N
IND,208,6592,59453,20/01/2019,12:04:15,15,0,24.1,1.1,119.0,118.8,2,1,1.00,CYCLE,S
IND,208,6592,59453,20/01/2019,12:04:17,15,0,27.1,1.1,2.0,1.9,2,1,1.00,CYCLE,S
IND,208,6592,59453,20/01/2019,12:05:15,15,0,18.9,1.0,57.4,57.2,2,1,1.00,CYCLE,S
IND,208,6592,59453,20/01/2019,12:05:16,15,0,17.6,1.0,1.0,0.8,2,1,1.00,CYCLE,S
IND,208,6592,59453,20/01/2019,12:05:19,15,0,19.0,1.1,3.1,2.9,2,1,1.00,CYCLE,S
IND,208,6592,59453,20/01/2019,12:05:41,15,0,27.5,1.1,22.6,22.4,2,1,1.00,CYCLE,S
IND,208,6592,59453,20/01/2019,12:05:54,15,0,23.1,1.1,12.2,12.1,2,1,1.00,CYCLE,S
IND,208,6592,59452,20/01/2019,12:07:22,15,1,24.6,1.1,225.5,225.4,2,1,1.00,CYCLE,N
IND,208,6592,59453,20/01/2019,12:07:24,15,0,12.4,0.9,90.5,90.4,2,1,1.00,CYCLE,S
IND,208,6592,59453,20/01/2019,12:07:25,15,0,9.7,1.0,0.8,0.6,2,1,1.00,CYCLE,S
IND,208,6592,59453,20/01/2019,12:08:07,15,0,23.9,1.0,42.2,41.2,2,1,1.00,CYCLE,S
IND,208,6592,59453,20/01/2019,12:08:29,15,0,32.3,1.0,21.7,21.5,2,1,1.00,CYCLE,S
IND,208,6592,59453,20/01/2019,12:09:18,15,0,20.4,1.1,49.1,49.0,2,1,1.00,CYCLE,S
IND,208,6592,59452,20/01/2019,12:10:10,15,1,20.0,1.1,168.3,168.2,2,1,1.00,CYCLE,N
IND,208,6592,59453,20/01/2019,12:11:05,15,0,24.2,1.0,107.2,107.0,2,1,1.00,CYCLE,S
IND,208,6592,59453,20/01/2019,12:11:10,15,0,13.6,1.1,5.4,5.2,2,1,1.00,CYCLE,S
IND,208,6592,59453,20/01/2019,12:11:11,15,0,12.7,1.0,0.9,0.6,2,1,1.00,CYCLE,S
IND,208,6592,59452,20/01/2019,12:11:53,15,1,29.9,1.0,102.8,102.6,2,1,1.00,CYCLE,N
IND,208,6592,59452,20/01/2019,12:12:28,15,1,20.8,1.0,35.3,35.2,2,1,1.00,CYCLE,N
IND,208,6592,59452,20/01/2019,12:12:29,15,1,21.8,1.0,0.4,0.3,2,1,1.00,CYCLE,N
IND,208,6592,59453,20/01/2019,12:13:08,15,0,21.7,1.0,116.3,116.0,2,1,1.00,CYCLE,S
IND,208,6592,59453,20/01/2019,12:14:17,15,0,23.4,1.0,69.7,69.5,2,1,1.00,CYCLE,S
IND,208,6592,59453,20/01/2019,12:14:17,15,0,23.4,1.0,0.0,0.0,2,1,1.00,CYCLE,S
IND,208,6592,59453,20/01/2019,12:14:17,15,0,23.4,1.0,0.0,0.0,2,1,1.00,CYCLE,S
IND,208,6592,59452,20/01/2019,12:15:08,15,1,25.4,1.1,158.7,158.5,2,1,1.00,CYCLE,N
IND,208,6592,59453,20/01/2019,12:15:54,15,0,19.9,1.1,97.0,96.4,2,1,1.00,CYCLE,S
IND,208,6592,59452,20/01/2019,12:17:14,15,1,18.2,1.1,126.9,126.8,2,1,1.00,CYCLE,N
IND,208,6592,59453,20/01/2019,12:17:43,15,0,20.3,1.1,108.8,108.6,2,1,1.00,CYCLE,S
IND,208,6592,59452,20/01/2019,12:18:43,15,1,24.7,1.1,88.6,88.3,2,1,1.00,CYCLE,N
IND,208,6592,59453,20/01/2019,12:19:57,15,0,15.8,1.1,133.5,133.3,2,1,1.00,CYCLE,S
IND,208,6592,59453,20/01/2019,12:20:05,15,0,18.2,1.1,7.9,7.7,2,1,1.00,CYCLE,S
IND,208,6592,59453,20/01/2019,12:20:09,15,0,16.0,1.1,4.4,4.2,2,1,1.00,CYCLE,S
IND,208,6592,59452,20/01/2019,12:20:19,15,1,16.8,1.0,96.1,96.0,2,1,1.00,CYCLE,N
IND,208,6592,59452,20/01/2019,12:20:21,15,1,16.1,1.0,1.6,1.4,2,1,1.00,CYCLE,N
IND,208,6592,59453,20/01/2019,12:20:25,15,0,13.2,1.0,16.3,16.1,2,1,1.00,CYCLE,S
IND,208,6592,59453,20/01/2019,12:20:28,15,0,13.6,1.1,2.8,2.5,2,1,1.00,CYCLE,S
IND,208,6592,59453,20/01/2019,12:20:29,15,0,13.2,1.1,1.2,0.9,2,1,1.00,CYCLE,S
IND,208,6592,59453,20/01/2019,12:20:31,15,0,15.5,1.0,1.3,1.0,2,1,0.29,CYCLE,S
IND,208,6592,59453,20/01/2019,12:20:31,15,0,15.5,1.0,0.0,0.0,2,1,0.29,CYCLE,S
IND,208,6592,59452,20/01/2019,12:21:09,15,1,15.9,1.0,48.1,47.9,2,1,1.00,CYCLE,N
IND,208,6592,59452,20/01/2019,12:21:09,15,1,15.9,1.0,0.0,0.0,2,1,1.00,CYCLE,N
IND,208,6592,59452,20/01/2019,12:21:11,15,1,17.0,1.1,2.3,1.9,2,1,1.00,CYCLE,N
IND,208,6592,59452,20/01/2019,12:21:12,15,1,16.9,1.0,1.1,0.9,2,1,1.00,CYCLE,N
IND,208,6592,59453,20/01/2019,12:21:52,15,0,25.8,1.0,81.8,81.3,2,1,1.00,CYCLE,S
IND,208,6592,59453,20/01/2019,12:21:54,15,0,23.4,1.1,2.1,1.9,2,1,1.00,CYCLE,S
IND,208,6592,59452,20/01/2019,12:22:32,15,1,24.0,1.1,80.3,80.1,2,1,1.00,CYCLE,N
IND,208,6592,59453,20/01/2019,12:22:47,15,0,23.6,1.0,52.9,52.7,2,1,1.00,CYCLE,S
IND,208,6592,59453,20/01/2019,12:23:00,15,0,22.7,1.1,12.5,12.3,2,1,1.00,CYCLE,S
IND,208,6592,59453,20/01/2019,12:24:48,15,0,27.7,1.1,108.2,108.1,2,1,1.00,CYCLE,S
IND,208,6592,59453,20/01/2019,12:24:51,15,0,27.2,1.0,3.5,3.3,2,1,1.00,CYCLE,S
IND,208,6592,59452,20/01/2019,12:24:56,15,1,27.8,1.0,143.2,143.1,2,1,1.00,CYCLE,N
IND,208,6592,59452,20/01/2019,12:25:01,15,1,20.6,1.0,5.6,5.5,2,1,1.00,CYCLE,N
IND,208,6592,59452,20/01/2019,12:25:05,15,1,18.8,1.1,3.6,3.4,2,1,1.00,CYCLE,N
IND,208,6592,59452,20/01/2019,12:25:07,15,1,18.7,1.1,1.9,1.7,2,1,1.00,CYCLE,N
IND,208,6592,59453,20/01/2019,12:25:28,15,0,23.6,1.0,37.0,36.9,2,1,1.00,CYCLE,S
IND,208,6592,59453,20/01/2019,12:25:28,15,0,23.6,1.0,0.0,0.0,2,1,1.00,CYCLE,S
IND,208,6592,59453,20/01/2019,12:26:09,15,0,25.2,1.0,40.5,40.3,2,1,1.00,CYCLE,S
IND,208,6592,59453,20/01/2019,12:26:09,15,0,25.5,1.0,0.3,0.2,2,1,1.00,CYCLE,S
IND,208,6592,59452,20/01/2019,12:27:20,15,1,26.2,1.0,133.5,133.2,2,1,1.00,CYCLE,N
IND,208,6592,59452,20/01/2019,12:27:21,15,1,26.4,1.0,0.7,0.6,2,1,1.00,CYCLE,N
IND,208,6592,59452,20/01/2019,12:27:22,15,1,30.7,1.0,0.7,0.6,2,1,1.00,CYCLE,N
IND,208,6592,59452,20/01/2019,12:27:24,15,1,15.0,1.0,2.4,2.3,2,1,0.50,CYCLE,N
IND,208,6592,59453,20/01/2019,12:27:24,15,0,15.0,1.0,0.0,0.0,2,1,0.50,CYCLE,S
IND,208,6592,59452,20/01/2019,12:27:26,15,1,15.5,1.0,1.3,1.1,2,1,1.00,CYCLE,N
IND,208,6592,59452,20/01/2019,12:27:47,15,1,17.7,1.1,21.0,20.8,2,1,1.00,CYCLE,N
IND,208,6592,59452,20/01/2019,12:28:29,15,1,29.8,1.1,42.0,41.7,2,1,1.00,CYCLE,N
IND,208,6592,59452,20/01/2019,12:28:31,15,1,27.1,1.0,2.8,2.7,2,1,1.00,CYCLE,N
IND,208,6592,59453,20/01/2019,12:30:40,15,0,15.9,1.1,270.8,270.7,2,1,1.00,CYCLE,S
IND,208,6592,59453,20/01/2019,12:31:02,15,0,17.8,1.1,22.0,21.8,2,1,1.00,CYCLE,S
IND,208,6592,59453,20/01/2019,12:31:03,15,0,17.6,1.0,0.8,0.6,2,1,1.00,CYCLE,S
IND,208,6592,59453,20/01/2019,12:31:05,15,0,17.2,1.1,2.1,1.8,2,1,1.00,CYCLE,S
IND,208,6592,59453,20/01/2019,12:32:13,15,0,24.7,1.0,67.6,67.4,2,1,1.00,CYCLE,S
IND,208,6592,59452,20/01/2019,12:32:16,15,1,18.8,1.0,224.8,224.7,2,1,1.00,CYCLE,N
IND,208,6592,59452,20/01/2019,12:33:54,15,1,27.9,1.0,98.3,97.6,2,1,1.00,CYCLE,N
IND,208,6592,59453,20/01/2019,12:34:03,15,0,27.1,1.0,110.0,109.8,2,1,1.00,CYCLE,S
IND,208,6592,59453,20/01/2019,12:34:04,15,0,31.9,1.0,1.3,1.1,2,1,1.00,CYCLE,S
IND,208,6592,59453,20/01/2019,12:34:12,15,0,23.1,1.0,8.4,8.3,2,1,1.00,CYCLE,S
IND,208,6592,59453,20/01/2019,12:34:16,15,0,23.0,1.0,3.4,3.2,2,1,1.00,CYCLE,S
IND,208,6592,59453,20/01/2019,12:36:05,15,0,17.3,1.0,109.8,109.6,2,1,1.00,CYCLE,S
IND,208,6592,59453,20/01/2019,12:36:07,15,0,18.0,1.0,1.3,1.1,2,1,1.00,CYCLE,S
IND,208,6592,59452,20/01/2019,12:36:11,15,1,19.0,1.1,136.8,136.7,2,1,1.00,CYCLE,N
IND,208,6592,59453,20/01/2019,12:36:30,15,0,20.0,1.0,23.1,22.9,2,1,1.00,CYCLE,S
IND,208,6592,59452,20/01/2019,12:37:59,15,1,28.4,1.0,108.3,108.0,2,1,1.00,CYCLE,N
IND,208,6592,59452,20/01/2019,12:38:03,15,1,23.3,1.0,4.0,3.8,2,1,1.00,CYCLE,N
IND,208,6592,59452,20/01/2019,12:38:04,15,1,26.6,1.0,0.7,0.6,2,1,1.00,CYCLE,N
IND,208,6592,59453,20/01/2019,12:38:54,15,0,15.6,1.0,144.1,143.9,2,1,1.00,CYCLE,S
IND,208,6592,59453,20/01/2019,12:38:55,15,0,16.4,1.0,0.8,0.6,2,1,1.00,CYCLE,S
IND,208,6592,59453,20/01/2019,12:38:55,15,0,15.2,1.0,0.6,0.3,2,1,1.00,CYCLE,S
IND,208,6592,59453,20/01/2019,12:38:56,15,0,15.6,1.0,0.3,0.1,2,1,1.00,CYCLE,S
IND,208,6592,59453,20/01/2019,12:38:56,15,0,15.2,1.0,0.7,0.4,2,1,1.00,CYCLE,S
IND,208,6592,59453,20/01/2019,12:38:57,15,0,15.3,1.1,0.4,0.2,2,1,1.00,CYCLE,S
IND,208,6592,59453,20/01/2019,12:38:58,15,0,14.5,1.0,0.8,0.5,2,1,1.00,CYCLE,S
IND,208,6592,59453,20/01/2019,12:39:57,15,0,21.7,1.0,59.7,59.5,2,1,1.00,CYCLE,S
IND,208,6592,59453,20/01/2019,12:40:00,15,0,19.8,1.1,2.4,2.3,2,1,1.00,CYCLE,S
IND,208,6592,59453,20/01/2019,12:40:01,15,0,20.3,1.0,1.1,0.9,2,1,1.00,CYCLE,S
IND,208,6592,59452,20/01/2019,12:40:17,15,1,27.2,1.0,133.0,132.9,2,1,1.00,CYCLE,N
IND,208,6592,59453,20/01/2019,12:40:42,15,0,5.5,1.0,41.0,40.8,2,1,0.50,CYCLE,S
IND,208,6592,59453,20/01/2019,12:40:42,15,0,5.5,1.0,0.0,0.0,2,1,0.50,CYCLE,S
IND,208,6592,59453,20/01/2019,12:40:51,15,0,29.6,1.0,9.3,8.6,2,1,1.00,CYCLE,S
IND,208,6592,59453,20/01/2019,12:41:25,15,0,25.9,1.0,34.1,34.0,2,1,1.00,CYCLE,S
IND,208,6592,59452,20/01/2019,12:41:33,15,1,21.3,1.0,75.9,75.8,2,1,1.00,CYCLE,N
IND,208,6592,59452,20/01/2019,12:41:34,15,1,21.4,1.0,0.8,0.6,2,1,1.00,CYCLE,N
IND,208,6592,59452,20/01/2019,12:43:06,15,1,27.5,1.1,92.1,91.9,2,1,1.00,CYCLE,N
IND,208,6592,59453,20/01/2019,12:44:13,15,0,24.2,1.0,168.0,167.8,2,1,1.00,CYCLE,S
IND,208,6592,59453,20/01/2019,12:44:37,15,0,18.3,1.0,23.5,23.4,2,1,1.00,CYCLE,S
IND,208,6592,59453,20/01/2019,12:44:37,15,0,18.3,1.0,0.0,0.0,2,1,1.00,CYCLE,S
IND,208,6592,59452,20/01/2019,12:45:17,15,1,25.0,1.1,130.7,130.5,2,1,1.00,CYCLE,N
IND,208,6592,59452,20/01/2019,12:47:40,15,1,16.8,1.1,143.4,143.3,2,1,1.00,CYCLE,N
IND,208,6592,59452,20/01/2019,12:48:24,15,1,26.5,1.1,44.4,44.1,2,1,1.00,CYCLE,N
IND,208,6592,59453,20/01/2019,12:49:21,15,0,20.8,1.2,283.9,283.6,2,1,1.00,CYCLE,S
IND,208,6592,59453,20/01/2019,12:49:21,15,0,23.3,1.1,0.6,0.3,2,1,1.00,CYCLE,S
IND,208,6592,59453,20/01/2019,12:49:22,15,0,23.5,1.1,0.9,0.8,2,1,1.00,CYCLE,S
IND,208,6592,59452,20/01/2019,12:50:17,15,1,13.7,1.0,112.5,112.4,2,1,1.00,CYCLE,N
IND,208,6592,59452,20/01/2019,12:50:17,15,1,13.7,1.0,0.0,0.0,2,1,1.00,CYCLE,N
IND,208,6592,59452,20/01/2019,12:50:17,15,1,13.7,1.0,0.0,0.0,2,1,1.00,CYCLE,N
IND,208,6592,59452,20/01/2019,12:50:22,15,1,15.7,1.0,5.1,3.7,2,1,1.00,CYCLE,N
IND,208,6592,59452,20/01/2019,12:50:25,15,1,15.1,1.0,2.8,2.6,2,1,1.00,CYCLE,N
IND,208,6592,59452,20/01/2019,12:51:42,15,1,23.4,1.1,76.8,76.5,2,1,1.00,CYCLE,N
IND,208,6592,59452,20/01/2019,12:51:52,15,1,15.7,1.1,10.7,10.5,2,1,1.00,CYCLE,N
IND,208,6592,59453,20/01/2019,12:52:17,15,0,18.6,1.1,175.3,175.2,2,1,1.00,CYCLE,S
IND,208,6592,59452,20/01/2019,12:54:52,15,1,13.0,1.1,180.0,179.8,2,1,1.00,CYCLE,N
IND,208,6592,59453,20/01/2019,12:55:55,15,0,31.2,1.1,217.8,217.6,2,1,1.00,CYCLE,S
IND,208,6592,59453,20/01/2019,12:56:06,15,0,14.2,1.0,10.6,10.5,2,1,1.00,CYCLE,S
IND,208,6592,59453,20/01/2019,12:56:06,15,0,14.2,1.0,0.0,0.0,2,1,1.00,CYCLE,S
IND,208,6592,59452,20/01/2019,12:56:16,15,1,17.6,1.1,83.9,83.6,2,1,1.00,CYCLE,N
IND,208,6592,59453,20/01/2019,12:56:29,15,0,11.4,1.0,22.6,22.4,2,1,0.44,CYCLE,S
IND,208,6592,59453,20/01/2019,12:57:26,15,0,26.2,1.0,57.8,57.2,2,1,1.00,CYCLE,S
IND,208,6592,59453,20/01/2019,12:57:34,15,0,23.4,1.1,7.9,7.7,2,1,1.00,CYCLE,S
IND,208,6592,59453,20/01/2019,12:57:35,15,0,22.9,1.1,0.7,0.5,2,1,1.00,CYCLE,S
IND,208,6592,59453,20/01/2019,12:57:36,15,0,17.8,1.0,0.8,0.6,2,1,1.00,CYCLE,S
IND,208,6592,59453,20/01/2019,12:57:40,15,0,16.7,1.1,4.8,4.6,2,1,1.00,CYCLE,S
IND,208,6592,59453,20/01/2019,12:58:53,15,0,18.5,1.1,72.7,72.5,2,1,1.00,CYCLE,S
IND,208,6592,59453,20/01/2019,13:00:03,15,0,13.2,1.0,69.9,69.7,2,1,1.00,CYCLE,S
IND,208,6592,59453,20/01/2019,13:01:27,15,0,15.8,1.1,83.6,83.3,2,1,1.00,CYCLE,S
IND,208,6592,59453,20/01/2019,13:02:00,15,0,10.6,1.0,33.0,32.8,2,1,1.00,CYCLE,S
IND,208,6592,59453,20/01/2019,13:02:58,15,0,27.9,1.0,58.5,58.2,2,1,1.00,CYCLE,S
IND,208,6592,59453,20/01/2019,13:03:14,15,0,15.2,1.0,16.1,15.9,2,1,1.00,CYCLE,S
IND,208,6592,59453,20/01/2019,13:03:15,15,0,14.9,1.1,1.1,0.9,2,1,1.00,CYCLE,S
IND,208,6592,59453,20/01/2019,13:03:48,15,0,28.9,1.0,32.9,32.6,2,1,1.00,CYCLE,S
IND,208,6592,59452,20/01/2019,13:03:53,15,1,29.2,1.0,456.9,456.6,2,1,1.00,CYCLE,N
IND,208,6592,59453,20/01/2019,13:03:56,15,0,18.7,1.0,7.7,7.6,2,1,0.50,CYCLE,S
IND,208,6592,59452,20/01/2019,13:03:56,15,1,18.7,1.0,0.0,0.0,2,1,0.50,CYCLE,N
IND,208,6592,59453,20/01/2019,13:03:57,15,0,20.5,1.1,1.5,1.1,2,1,1.00,CYCLE,S
IND,208,6592,59453,20/01/2019,13:03:58,15,0,19.7,1.2,0.7,0.5,2,1,1.00,CYCLE,S
IND,208,6592,59453,20/01/2019,13:04:31,15,0,20.1,1.1,32.8,32.6,2,1,1.00,CYCLE,S
IND,208,6592,59453,20/01/2019,13:06:59,15,0,24.9,1.1,148.0,147.8,2,1,1.00,CYCLE,S
IND,208,6592,59453,20/01/2019,13:07:00,15,0,15.1,1.0,0.8,0.7,2,1,1.00,CYCLE,S
IND,208,6592,59453,20/01/2019,13:07:02,15,0,16.9,1.1,2.6,2.4,2,1,1.00,CYCLE,S
IND,208,6592,59453,20/01/2019,13:07:04,15,0,21.3,1.1,1.9,1.7,2,1,1.00,CYCLE,S
IND,208,6592,59453,20/01/2019,13:07:05,15,0,19.5,1.0,0.3,0.1,2,1,1.00,CYCLE,S
IND,208,6592,59452,20/01/2019,13:08:16,15,1,17.3,1.0,263.5,263.4,2,1,1.00,CYCLE,N
IND,208,6592,59453,20/01/2019,13:09:54,15,0,13.0,1.0,169.0,168.8,2,1,1.00,CYCLE,S
IND,208,6592,59452,20/01/2019,13:10:50,15,1,20.6,1.0,153.7,153.5,2,1,1.00,CYCLE,N
IND,208,6592,59452,20/01/2019,13:10:50,15,1,20.6,1.0,0.0,0.0,2,1,1.00,CYCLE,N
IND,208,6592,59452,20/01/2019,13:10:57,15,1,16.0,1.0,7.0,6.8,2,1,1.00,CYCLE,N
IND,208,6592,59452,20/01/2019,13:10:57,15,1,16.0,1.0,0.0,0.0,2,1,1.00,CYCLE,N
IND,208,6592,59453,20/01/2019,13:11:02,15,0,28.2,1.0,68.0,67.6,2,1,1.00,CYCLE,S
IND,208,6592,59453,20/01/2019,13:11:12,15,0,20.3,1.1,10.7,10.5,2,1,1.00,CYCLE,S
IND,208,6592,59453,20/01/2019,13:11:28,15,0,20.8,1.1,15.7,15.5,2,1,1.00,CYCLE,S
IND,208,6592,59452,20/01/2019,13:12:18,15,1,25.8,1.0,81.1,80.8,2,1,1.00,CYCLE,N
IND,208,6592,59453,20/01/2019,13:12:34,15,0,16.7,1.1,65.7,65.5,2,1,1.00,CYCLE,S
IND,208,6592,59453,20/01/2019,13:12:36,15,0,17.5,1.0,1.9,1.6,2,1,1.00,CYCLE,S
IND,208,6592,59453,20/01/2019,13:12:42,15,0,12.1,1.0,6.7,6.5,2,1,1.00,CYCLE,S
IND,208,6592,59453,20/01/2019,13:13:41,15,0,24.7,1.2,58.4,57.9,2,1,1.00,CYCLE,S
IND,208,6592,59453,20/01/2019,13:15:06,15,0,24.5,1.1,84.9,84.7,2,1,1.00,CYCLE,S
IND,208,6592,59452,20/01/2019,13:15:10,15,1,23.4,1.1,172.2,172.1,2,1,1.00,CYCLE,N
IND,208,6592,59452,20/01/2019,13:15:12,15,1,22.2,1.0,1.8,1.7,2,1,1.00,CYCLE,N
IND,208,6592,59453,20/01/2019,13:16:26,15,0,21.5,1.0,80.2,80.1,2,1,1.00,CYCLE,S
IND,208,6592,59453,20/01/2019,13:16:31,15,0,21.0,1.1,4.8,4.6,2,1,1.00,CYCLE,S
IND,208,6592,59453,20/01/2019,13:17:43,15,0,16.7,1.0,72.6,72.4,2,1,0.50,CYCLE,S
IND,208,6592,59452,20/01/2019,13:17:43,15,1,16.7,1.0,0.0,0.0,2,1,0.50,CYCLE,N
IND,208,6592,59453,20/01/2019,13:17:45,15,0,17.7,1.1,1.8,1.3,2,1,1.00,CYCLE,S
IND,208,6592,59452,20/01/2019,13:19:04,15,1,20.7,1.0,231.7,231.5,2,1,1.00,CYCLE,N
IND,208,6592,59452,20/01/2019,13:19:34,15,1,21.8,1.1,30.5,30.3,2,1,1.00,CYCLE,N
IND,208,6592,59453,20/01/2019,13:20:30,15,0,21.5,1.0,165.2,165.0,2,1,1.00,CYCLE,S
IND,208,6592,59453,20/01/2019,13:20:44,15,0,28.1,1.0,13.5,13.4,2,1,1.00,CYCLE,S
IND,208,6592,59453,20/01/2019,13:20:47,15,0,22.6,1.0,3.3,3.2,2,1,1.00,CYCLE,S
IND,208,6592,59453,20/01/2019,13:20:47,15,0,22.6,1.0,0.0,0.0,2,1,1.00,CYCLE,S
IND,208,6592,59453,20/01/2019,13:22:34,15,0,16.7,1.0,107.0,106.7,2,1,1.00,CYCLE,S
IND,208,6592,59453,20/01/2019,13:22:39,15,0,14.7,1.1,5.2,5.0,2,1,1.00,CYCLE,S
IND,208,6592,59452,20/01/2019,13:23:00,15,1,20.8,1.1,205.8,205.6,2,1,1.00,CYCLE,N
IND,208,6592,59453,20/01/2019,13:23:11,15,0,17.0,1.1,31.7,31.4,2,1,1.00,CYCLE,S
IND,208,6592,59453,20/01/2019,13:23:12,15,0,16.3,1.0,0.7,0.4,2,1,1.00,CYCLE,S
IND,208,6592,59453,20/01/2019,13:23:12,15,0,16.7,1.1,0.7,0.5,2,1,1.00,CYCLE,S
IND,208,6592,59453,20/01/2019,13:24:39,15,0,15.6,1.1,86.5,86.3,2,1,1.00,CYCLE,S
IND,208,6592,59453,20/01/2019,13:25:51,15,0,29.6,1.0,72.6,72.4,2,1,1.00,CYCLE,S
IND,208,6592,59452,20/01/2019,13:26:53,15,1,22.0,1.0,233.2,233.0,2,1,1.00,CYCLE,N
IND,208,6592,59453,20/01/2019,13:27:15,15,0,15.3,1.0,83.8,83.7,2,1,1.00,CYCLE,S
IND,208,6592,59452,20/01/2019,13:27:37,15,1,17.8,1.0,43.9,43.8,2,1,1.00,CYCLE,N
IND,208,6592,59453,20/01/2019,13:27:51,15,0,19.9,1.1,35.9,35.6,2,1,1.00,CYCLE,S
IND,208,6592,59453,20/01/2019,13:27:52,15,0,19.9,1.1,0.5,0.3,2,1,1.00,CYCLE,S
IND,208,6592,59452,20/01/2019,13:30:15,15,1,28.2,1.0,157.5,157.3,2,1,1.00,CYCLE,N
IND,208,6592,59453,20/01/2019,13:30:26,15,0,23.6,1.1,154.3,154.1,2,1,1.00,CYCLE,S
IND,208,6592,59453,20/01/2019,13:30:38,15,0,18.7,1.1,11.7,11.6,2,1,1.00,CYCLE,S
IND,208,6592,59452,20/01/2019,13:30:56,15,1,17.8,1.1,41.0,40.9,2,1,1.00,CYCLE,N
IND,208,6592,59452,20/01/2019,13:30:57,15,1,18.7,1.0,1.4,1.1,2,1,1.00,CYCLE,N
IND,208,6592,59452,20/01/2019,13:31:01,15,1,17.5,1.0,3.2,3.0,2,1,1.00,CYCLE,N
IND,208,6592,59452,20/01/2019,13:34:42,15,1,27.5,1.1,221.9,221.6,2,1,1.00,CYCLE,N
IND,208,6592,59452,20/01/2019,13:34:49,15,1,17.9,1.1,6.9,6.8,2,1,1.00,CYCLE,N
IND,208,6592,59452,20/01/2019,13:34:51,15,1,17.9,1.0,2.1,1.9,2,1,1.00,CYCLE,N
IND,208,6592,59452,20/01/2019,13:34:59,15,1,16.3,1.0,7.2,7.0,2,1,1.00,CYCLE,N
IND,208,6592,59453,20/01/2019,13:35:02,15,0,28.4,1.0,264.4,264.2,2,1,1.00,CYCLE,S
IND,208,6592,59453,20/01/2019,13:37:58,15,0,15.2,1.1,176.4,176.3,2,1,1.00,CYCLE,S
IND,208,6592,59453,20/01/2019,13:38:00,15,0,14.9,1.0,1.5,1.3,2,1,1.00,CYCLE,S
IND,208,6592,59452,20/01/2019,13:39:45,15,1,16.8,1.0,286.5,286.3,2,1,1.00,CYCLE,N
IND,208,6592,59453,20/01/2019,13:39:49,15,0,23.7,1.0,108.9,108.7,2,1,1.00,CYCLE,S
IND,208,6592,59453,20/01/2019,13:41:24,15,0,15.8,1.0,95.2,95.0,2,1,1.00,CYCLE,S
IND,208,6592,59453,20/01/2019,13:41:24,15,0,16.1,1.0,0.4,0.2,2,1,1.00,CYCLE,S
IND,208,6592,59452,20/01/2019,13:41:25,15,1,22.6,1.1,100.2,100.0,2,1,1.00,CYCLE,N
IND,208,6592,59453,20/01/2019,13:41:26,15,0,15.6,1.0,1.9,1.6,2,1,1.00,CYCLE,S
IND,208,6592,59453,20/01/2019,13:41:27,15,0,14.9,1.0,0.7,0.5,2,1,0.67,CYCLE,S
IND,208,6592,59453,20/01/2019,13:41:29,15,0,15.3,1.0,2.1,1.6,2,1,1.00,CYCLE,S
IND,208,6592,59453,20/01/2019,13:41:44,15,0,24.2,1.0,14.9,14.7,2,1,1.00,CYCLE,S
IND,208,6592,59453,20/01/2019,13:41:45,15,0,24.9,1.0,0.7,0.5,2,1,1.00,CYCLE,S
IND,208,6592,59453,20/01/2019,13:44:06,15,0,17.7,1.1,140.9,140.8,2,1,1.00,CYCLE,S
IND,208,6592,59453,20/01/2019,13:44:08,15,0,12.5,1.1,2.5,2.2,2,1,1.00,CYCLE,S
IND,208,6592,59453,20/01/2019,13:44:22,15,0,13.3,1.0,14.1,13.8,2,1,1.00,CYCLE,S
IND,208,6592,59453,20/01/2019,13:44:57,15,0,15.0,1.0,34.7,34.4,2,1,1.00,CYCLE,S
IND,208,6592,59453,20/01/2019,13:45:08,15,0,14.4,1.1,10.7,10.4,2,1,1.00,CYCLE,S
IND,208,6592,59452,20/01/2019,13:45:43,15,1,19.1,1.1,257.9,257.7,2,1,1.00,CYCLE,N
IND,208,6592,59452,20/01/2019,13:45:46,15,1,16.3,1.1,2.8,2.7,2,1,1.00,CYCLE,N
IND,208,6592,59452,20/01/2019,13:46:50,15,1,28.8,1.0,64.2,63.9,2,1,1.00,CYCLE,N
IND,208,6592,59452,20/01/2019,13:46:53,15,1,24.8,1.1,3.1,3.0,2,1,1.00,CYCLE,N
IND,208,6592,59453,20/01/2019,13:46:56,15,0,21.1,1.0,108.6,108.4,2,1,1.00,CYCLE,S
IND,208,6592,59452,20/01/2019,13:47:01,15,1,19.6,1.2,7.6,7.5,2,1,1.00,CYCLE,N
IND,208,6592,59453,20/01/2019,13:48:02,15,0,25.4,1.0,50.4,50.2,2,1,1.00,CYCLE,S
IND,208,6592,59453,20/01/2019,13:48:27,15,0,23.0,1.0,25.3,25.2,2,1,1.00,CYCLE,S
IND,208,6592,59453,20/01/2019,13:48:30,15,0,21.1,1.1,3.1,2.9,2,1,1.00,CYCLE,S
IND,208,6592,59452,20/01/2019,13:49:28,15,1,19.2,1.0,147.1,146.9,2,1,1.00,CYCLE,N
IND,208,6592,59453,20/01/2019,13:49:47,15,0,19.8,1.0,76.3,76.1,2,1,1.00,CYCLE,S
IND,208,6592,59452,20/01/2019,13:51:40,15,1,17.5,1.1,132.1,131.9,2,1,1.00,CYCLE,N
IND,208,6592,59453,20/01/2019,13:52:00,15,0,24.2,1.0,133.1,132.9,2,1,1.00,CYCLE,S
IND,208,6592,59453,20/01/2019,13:52:01,15,0,24.2,1.0,1.0,0.9,2,1,1.00,CYCLE,S
IND,208,6592,59453,20/01/2019,13:52:02,15,0,22.3,1.2,1.5,1.4,2,1,1.00,CYCLE,S
IND,208,6592,59453,20/01/2019,13:52:04,15,0,26.4,1.0,2.2,2.0,2,1,1.00,CYCLE,S
IND,208,6592,59453,20/01/2019,13:52:06,15,0,20.8,1.1,1.2,1.1,2,1,1.00,CYCLE,S
IND,208,6592,59453,20/01/2019,13:52:10,15,0,20.1,1.0,4.5,4.3,2,1,1.00,CYCLE,S
IND,208,6592,59453,20/01/2019,13:52:11,15,0,19.4,1.0,0.7,0.5,2,1,1.00,CYCLE,S
IND,208,6592,59453,20/01/2019,13:52:21,15,0,29.3,1.1,10.4,10.2,2,1,1.00,CYCLE,S
IND,208,6592,59452,20/01/2019,13:52:35,15,1,31.4,1.0,54.9,54.7,2,1,1.00,CYCLE,N
IND,208,6592,59452,20/01/2019,13:52:42,15,1,22.9,1.1,7.1,7.0,2,1,1.00,CYCLE,N
IND,208,6592,59452,20/01/2019,13:52:58,15,1,23.5,1.1,16.0,15.8,2,1,1.00,CYCLE,N
IND,208,6592,59453,20/01/2019,13:53:23,15,0,24.4,0.9,61.8,61.7,2,1,1.00,CYCLE,S
IND,208,6592,59453,20/01/2019,13:53:25,15,0,17.3,1.1,1.8,1.6,2,1,1.00,CYCLE,S
IND,208,6592,59453,20/01/2019,13:53:27,15,0,16.9,1.1,2.2,2.0,2,1,1.00,CYCLE,S
IND,208,6592,59453,20/01/2019,13:53:28,15,0,17.1,1.0,1.3,1.1,2,1,1.00,CYCLE,S
IND,208,6592,59453,20/01/2019,13:53:30,15,0,16.1,1.0,1.6,1.4,2,1,1.00,CYCLE,S
IND,208,6592,59452,20/01/2019,13:54:03,15,1,28.8,1.0,64.6,64.4,2,1,1.00,CYCLE,N
IND,208,6592,59452,20/01/2019,13:54:04,15,1,22.2,1.1,0.9,0.8,2,1,1.00,CYCLE,N
IND,208,6592,59453,20/01/2019,13:54:09,15,0,26.9,1.0,25.2,25.2,2,1,1.00,CYCLE,S
IND,208,6592,59453,20/01/2019,13:56:02,15,0,22.8,1.1,113.4,113.3,2,1,1.00,CYCLE,S
IND,208,6592,59452,20/01/2019,13:57:02,15,1,25.6,1.1,178.6,178.5,2,1,1.00,CYCLE,N
IND,208,6592,59452,20/01/2019,13:57:13,15,1,30.0,1.0,10.2,10.0,2,1,1.00,CYCLE,N
IND,208,6592,59452,20/01/2019,13:57:15,15,1,28.6,1.0,2.6,2.5,2,1,1.00,CYCLE,N
IND,208,6592,59453,20/01/2019,13:57:44,15,0,16.3,1.1,101.1,100.9,2,1,1.00,CYCLE,S
IND,208,6592,59452,20/01/2019,13:57:49,15,1,24.0,1.0,34.3,34.2,2,1,1.00,CYCLE,N
IND,208,6592,59452,20/01/2019,13:57:50,15,1,25.2,1.0,1.0,0.8,2,1,1.00,CYCLE,N
IND,208,6592,59453,20/01/2019,13:59:19,15,0,19.6,1.1,95.6,95.4,2,1,1.00,CYCLE,S
IND,208,6592,59453,20/01/2019,13:59:23,15,0,24.8,1.1,4.1,3.9,2,1,1.00,CYCLE,S
IND,208,6592,59453,20/01/2019,13:59:24,15,0,17.9,1.1,0.9,0.7,2,1,1.00,CYCLE,S
IND,208,6592,59453,20/01/2019,13:59:30,15,0,14.7,1.1,6.3,6.0,2,1,1.00,CYCLE,S
IND,208,6592,59453,20/01/2019,13:59:32,15,0,14.1,1.1,1.1,0.9,2,1,1.00,CYCLE,S
IND,208,6592,59452,20/01/2019,14:00:03,15,1,21.0,1.1,132.7,132.6,2,1,1.00,CYCLE,N
IND,208,6592,59453,20/01/2019,14:01:14,15,0,16.8,1.1,102.5,102.2,2,1,1.00,CYCLE,S
IND,208,6592,59453,20/01/2019,14:02:23,15,0,27.0,1.1,69.5,69.2,2,1,1.00,CYCLE,S
IND,208,6592,59453,20/01/2019,14:02:39,15,0,16.4,1.1,15.8,15.6,2,1,1.00,CYCLE,S
IND,208,6592,59453,20/01/2019,14:02:46,15,0,25.0,1.0,6.9,6.7,2,1,1.00,CYCLE,S
IND,208,6592,59452,20/01/2019,14:03:36,15,1,28.2,1.1,212.9,212.7,2,1,1.00,CYCLE,N
IND,208,6592,59452,20/01/2019,14:03:38,15,1,26.2,1.1,1.4,1.3,2,1,1.00,CYCLE,N
IND,208,6592,59452,20/01/2019,14:03:39,15,1,26.1,1.1,1.1,0.9,2,1,1.00,CYCLE,N
IND,208,6592,59452,20/01/2019,14:03:41,15,1,27.4,1.0,2.4,2.3,2,1,1.00,CYCLE,N
IND,208,6592,59453,20/01/2019,14:04:11,15,0,20.0,1.0,85.1,85.0,2,1,1.00,CYCLE,S
IND,208,6592,59453,20/01/2019,14:04:12,15,0,19.9,1.1,0.6,0.4,2,1,1.00,CYCLE,S
IND,208,6592,59452,20/01/2019,14:04:50,15,1,22.8,1.1,57.7,57.3,2,1,1.00,CYCLE,N
IND,208,6592,59452,20/01/2019,14:05:39,15,1,21.4,1.0,48.3,48.1,2,1,1.00,CYCLE,N
IND,208,6592,59452,20/01/2019,14:05:39,15,1,23.1,1.0,0.5,0.3,2,1,1.00,CYCLE,N
IND,208,6592,59452,20/01/2019,14:05:43,15,1,23.3,1.0,3.4,3.2,2,1,1.00,CYCLE,N
IND,208,6592,59452,20/01/2019,14:05:44,15,1,21.8,1.1,1.3,1.1,2,1,1.00,CYCLE,N
IND,208,6592,59452,20/01/2019,14:05:48,15,1,20.1,1.1,3.9,3.8,2,1,1.00,CYCLE,N
IND,208,6592,59452,20/01/2019,14:05:48,15,1,19.0,1.0,0.6,0.4,2,1,1.00,CYCLE,N
IND,208,6592,59453,20/01/2019,14:06:21,15,0,27.7,1.0,129.5,129.3,2,1,1.00,CYCLE,S
IND,208,6592,59453,20/01/2019,14:06:24,15,0,25.9,1.0,3.0,2.8,2,1,1.00,CYCLE,S
IND,208,6592,59453,20/01/2019,14:07:20,15,0,24.1,1.0,55.4,55.2,2,1,1.00,CYCLE,S
IND,208,6592,59453,20/01/2019,14:07:32,15,0,23.5,1.1,11.9,11.8,2,1,1.00,CYCLE,S
IND,208,6592,59453,20/01/2019,14:07:39,15,0,15.4,0.9,7.6,7.4,2,1,1.00,CYCLE,S
IND,208,6592,59453,20/01/2019,14:07:45,15,0,15.1,1.0,5.6,5.4,2,1,1.00,CYCLE,S
IND,208,6592,59453,20/01/2019,14:07:55,15,0,11.2,0.8,10.5,10.2,2,1,1.00,CYCLE,S
IND,208,6592,59453,20/01/2019,14:07:56,15,0,11.4,1.1,1.1,0.8,2,1,1.00,CYCLE,S
IND,208,6592,59452,20/01/2019,14:08:10,15,1,32.8,1.0,141.9,141.7,2,1,1.00,CYCLE,N
IND,208,6592,59452,20/01/2019,14:08:11,15,1,25.5,1.0,1.1,1.0,2,1,1.00,CYCLE,N
IND,208,6592,59452,20/01/2019,14:08:15,15,1,27.4,1.0,3.4,3.3,2,1,1.00,CYCLE,N
IND,208,6592,59452,20/01/2019,14:08:18,15,1,23.2,1.2,3.6,3.5,2,1,1.00,CYCLE,N
IND,208,6592,59452,20/01/2019,14:09:41,15,1,28.7,1.1,82.6,82.4,2,1,1.00,CYCLE,N
IND,208,6592,59453,20/01/2019,14:10:22,15,0,20.3,1.0,146.1,145.7,2,1,1.00,CYCLE,S
IND,208,6592,59453,20/01/2019,14:10:24,15,0,18.5,1.1,1.4,1.2,2,1,1.00,CYCLE,S
IND,208,6592,59453,20/01/2019,14:10:39,15,0,25.5,1.0,15.2,15.0,2,1,1.00,CYCLE,S
IND,208,6592,59453,20/01/2019,14:11:27,15,0,26.3,1.0,47.9,47.8,2,1,1.00,CYCLE,S
IND,208,6592,59452,20/01/2019,14:12:13,15,1,26.1,1.0,152.0,151.9,2,1,1.00,CYCLE,N
IND,208,6592,59452,20/01/2019,14:12:17,15,1,19.8,1.1,4.1,4.0,2,1,1.00,CYCLE,N
IND,208,6592,59453,20/01/2019,14:14:56,15,0,19.8,1.1,123.4,123.1,2,1,1.00,CYCLE,S
IND,208,6592,59453,20/01/2019,14:14:57,15,0,21.9,1.1,0.4,0.2,2,1,1.00,CYCLE,S
IND,208,6592,59452,20/01/2019,14:15:12,15,1,27.4,1.1,174.6,174.4,2,1,1.00,CYCLE,N
IND,208,6592,59453,20/01/2019,14:15:38,15,0,18.6,1.1,41.1,40.9,2,1,1.00,CYCLE,S
IND,208,6592,59452,20/01/2019,14:15:51,15,1,28.3,1.0,39.3,39.2,2,1,1.00,CYCLE,N
IND,208,6592,59452,20/01/2019,14:15:55,15,1,20.4,1.0,3.9,3.8,2,1,1.00,CYCLE,N
IND,208,6592,59452,20/01/2019,14:16:32,15,1,17.5,1.1,36.9,36.8,2,1,1.00,CYCLE,N
IND,208,6592,59453,20/01/2019,14:17:01,15,0,26.6,1.0,83.3,83.1,2,1,1.00,CYCLE,S
IND,208,6592,59453,20/01/2019,14:17:02,15,0,15.4,1.1,1.1,1.0,2,1,1.00,CYCLE,S
IND,208,6592,59453,20/01/2019,14:17:18,15,0,14.0,1.1,15.7,15.5,2,1,1.00,CYCLE,S
IND,208,6592,59453,20/01/2019,14:17:20,15,0,12.0,1.1,1.7,1.4,2,1,1.00,CYCLE,S
IND,208,6592,59453,20/01/2019,14:17:21,15,0,12.2,1.1,1.2,0.9,2,1,1.00,CYCLE,S
IND,208,6592,59452,20/01/2019,14:18:30,15,1,21.2,1.0,118.3,118.1,2,1,1.00,CYCLE,N
IND,208,6592,59452,20/01/2019,14:18:35,15,1,18.3,1.0,4.7,4.5,2,1,1.00,CYCLE,N
IND,208,6592,59452,20/01/2019,14:20:57,15,1,18.1,1.0,141.9,141.7,2,1,1.00,CYCLE,N
IND,208,6592,59453,20/01/2019,14:21:30,15,0,16.7,1.0,79.0,78.6,2,1,1.00,CYCLE,S
IND,208,6592,59453,20/01/2019,14:21:30,15,0,16.7,1.0,0.0,0.0,2,1,1.00,CYCLE,S
IND,208,6592,59453,20/01/2019,14:21:32,15,0,17.1,1.0,1.7,1.2,2,1,1.00,CYCLE,S
IND,208,6592,59452,20/01/2019,14:22:59,15,1,16.8,1.1,122.1,121.9,2,1,1.00,CYCLE,N
IND,208,6592,59452,20/01/2019,14:23:01,15,1,15.8,1.0,2.2,2.0,2,1,1.00,CYCLE,N
IND,208,6592,59452,20/01/2019,14:23:02,15,1,16.0,1.1,0.8,0.6,2,1,1.00,CYCLE,N
IND,208,6592,59452,20/01/2019,14:24:53,15,1,17.7,1.1,111.2,110.9,2,1,1.00,CYCLE,N
IND,208,6592,59453,20/01/2019,14:25:11,15,0,14.2,1.1,219.9,219.7,2,1,1.00,CYCLE,S
IND,208,6592,59453,20/01/2019,14:25:13,15,0,15.5,1.1,1.1,0.8,2,1,1.00,CYCLE,S
IND,208,6592,59453,20/01/2019,14:25:23,15,0,25.0,1.0,10.0,9.7,2,1,1.00,CYCLE,S
IND,208,6592,59453,20/01/2019,14:25:59,15,0,28.3,1.1,36.2,36.1,2,1,1.00,CYCLE,S
IND,208,6592,59452,20/01/2019,14:26:20,15,1,24.7,1.0,86.9,86.7,2,1,1.00,CYCLE,N
IND,208,6592,59452,20/01/2019,14:26:22,15,1,23.0,1.1,1.7,1.6,2,1,1.00,CYCLE,N
IND,208,6592,59452,20/01/2019,14:26:25,15,1,19.7,1.0,3.0,2.8,2,1,1.00,CYCLE,N
IND,208,6592,59452,20/01/2019,14:26:43,15,1,10.8,1.0,18.4,18.3,2,1,1.00,CYCLE,N
IND,208,6592,59452,20/01/2019,14:26:43,15,1,10.8,1.0,0.0,0.0,2,1,1.00,CYCLE,N
IND,208,6592,59452,20/01/2019,14:26:56,15,1,19.2,1.1,12.8,12.1,2,1,1.00,CYCLE,N
IND,208,6592,59453,20/01/2019,14:27:23,15,0,15.8,1.1,84.0,83.9,2,1,1.00,CYCLE,S
IND,208,6592,59453,20/01/2019,14:28:03,15,0,23.3,1.1,40.2,40.0,2,1,1.00,CYCLE,S
IND,208,6592,59453,20/01/2019,14:28:07,15,0,23.3,1.1,4.2,4.0,2,1,1.00,CYCLE,S
IND,208,6592,59452,20/01/2019,14:28:23,15,1,26.8,1.0,87.0,86.7,2,1,1.00,CYCLE,N
IND,208,6592,59452,20/01/2019,14:30:49,15,1,30.8,1.0,146.0,145.9,2,1,1.00,CYCLE,N
IND,208,6592,59453,20/01/2019,14:32:27,15,0,25.6,1.0,259.7,259.5,2,1,1.00,CYCLE,S
IND,208,6592,59452,20/01/2019,14:33:56,15,1,16.8,1.0,187.4,187.3,2,1,1.00,CYCLE,N
IND,208,6592,59452,20/01/2019,14:35:13,15,1,26.3,1.0,76.5,76.3,2,1,1.00,CYCLE,N
IND,208,6592,59452,20/01/2019,14:35:13,15,1,26.3,1.0,0.0,0.0,2,1,1.00,CYCLE,N
IND,208,6592,59452,20/01/2019,14:35:14,15,1,26.3,1.0,1.3,1.0,2,1,1.00,CYCLE,N
IND,208,6592,59452,20/01/2019,14:35:20,15,1,21.1,1.1,6.2,6.0,2,1,1.00,CYCLE,N
IND,208,6592,59452,20/01/2019,14:35:23,15,1,19.3,1.0,2.4,2.2,2,1,1.00,CYCLE,N
IND,208,6592,59452,20/01/2019,14:35:23,15,1,19.3,1.0,0.0,0.0,2,1,1.00,CYCLE,N
IND,208,6592,59453,20/01/2019,14:35:25,15,0,19.9,1.0,178.5,178.4,2,1,1.00,CYCLE,S
IND,208,6592,59453,20/01/2019,14:37:02,15,0,18.1,1.0,97.1,96.9,2,1,1.00,CYCLE,S
IND,208,6592,59453,20/01/2019,14:37:03,15,0,19.3,1.1,0.9,0.7,2,1,1.00,CYCLE,S
IND,208,6592,59452,20/01/2019,14:38:28,15,1,18.2,1.0,185.5,185.2,2,1,1.00,CYCLE,N
IND,208,6592,59453,20/01/2019,14:40:41,15,0,27.1,1.1,217.4,217.2,2,1,1.00,CYCLE,S
IND,208,6592,59453,20/01/2019,14:40:53,15,0,16.5,1.1,12.0,11.9,2,1,1.00,CYCLE,S
IND,208,6592,59453,20/01/2019,14:40:54,15,0,19.2,1.1,1.7,1.4,2,1,1.00,CYCLE,S
IND,208,6592,59453,20/01/2019,14:41:01,15,0,20.6,1.0,6.8,6.6,2,1,1.00,CYCLE,S
IND,208,6592,59452,20/01/2019,14:41:51,15,1,23.7,1.0,202.9,202.7,2,1,1.00,CYCLE,N
IND,208,6592,59452,20/01/2019,14:42:49,15,1,21.6,1.2,57.8,57.7,2,1,1.00,CYCLE,N
IND,208,6592,59453,20/01/2019,14:43:09,15,0,22.3,1.0,127.7,127.5,2,1,1.00,CYCLE,S
IND,208,6592,59453,20/01/2019,14:43:09,15,0,22.7,1.0,0.5,0.4,2,1,1.00,CYCLE,S
IND,208,6592,59453,20/01/2019,14:43:13,15,0,21.1,1.0,3.2,3.1,2,1,1.00,CYCLE,S
IND,208,6592,59453,20/01/2019,14:43:14,15,0,21.8,1.0,0.9,0.7,2,1,1.00,CYCLE,S
IND,208,6592,59453,20/01/2019,14:43:19,15,0,18.4,1.0,5.4,5.3,2,1,1.00,CYCLE,S
IND,208,6592,59453,20/01/2019,14:43:20,15,0,19.3,1.1,1.2,1.0,2,1,1.00,CYCLE,S
IND,208,6592,59452,20/01/2019,14:44:30,15,1,8.4,0.8,21.3,21.1,2,1,1.00,CYCLE,N
IND,208,6592,59452,20/01/2019,14:44:41,15,1,9.1,1.0,11.3,10.9,2,1,1.00,CYCLE,N
IND,208,6592,59452,20/01/2019,14:44:51,15,1,20.1,1.0,9.8,8.8,2,1,1.00,CYCLE,N
IND,208,6592,59452,20/01/2019,14:44:51,15,1,20.1,1.0,0.0,0.0,2,1,1.00,CYCLE,N
IND,208,6592,59452,20/01/2019,14:44:55,15,1,21.7,1.1,4.6,4.4,2,1,1.00,CYCLE,N
IND,208,6592,59452,20/01/2019,14:44:57,15,1,24.5,1.0,2.0,1.8,2,1,1.00,CYCLE,N
IND,208,6592,59452,20/01/2019,14:45:00,15,1,21.8,1.1,2.3,2.1,2,1,1.00,CYCLE,N
IND,208,6592,59452,20/01/2019,14:45:01,15,1,15.3,1.1,1.8,1.6,2,1,1.00,CYCLE,N
IND,208,6592,59452,20/01/2019,14:45:04,15,1,16.8,1.0,3.0,2.8,2,1,1.00,CYCLE,N
IND,208,6592,59452,20/01/2019,14:45:12,15,1,13.4,1.1,7.4,7.2,2,1,1.00,CYCLE,N
IND,208,6592,59452,20/01/2019,14:45:12,15,1,12.8,0.9,0.8,0.5,2,1,1.00,CYCLE,N
IND,208,6592,59453,20/01/2019,14:47:52,15,0,18.8,1.0,271.8,271.6,2,1,1.00,CYCLE,S
IND,208,6592,59453,20/01/2019,14:48:26,15,0,25.6,1.0,34.3,34.1,2,1,1.00,CYCLE,S
IND,208,6592,59452,20/01/2019,14:48:45,15,1,31.8,1.0,212.8,212.4,2,1,1.00,CYCLE,N
IND,208,6592,59452,20/01/2019,14:48:51,15,1,24.4,1.0,5.4,5.3,2,1,1.00,CYCLE,N
IND,208,6592,59453,20/01/2019,14:53:53,15,0,23.2,1.0,326.6,326.5,2,1,1.00,CYCLE,S
IND,208,6592,59453,20/01/2019,14:53:57,15,0,21.6,1.1,4.6,4.4,2,1,1.00,CYCLE,S
IND,208,6592,59453,20/01/2019,14:54:00,15,0,20.8,1.1,2.1,1.8,2,1,1.00,CYCLE,S
IND,208,6592,59453,20/01/2019,14:54:07,15,0,17.7,1.0,7.1,6.9,2,1,1.00,CYCLE,S
IND,208,6592,59453,20/01/2019,14:54:07,15,0,17.7,1.0,0.0,0.0,2,1,1.00,CYCLE,S
IND,208,6592,59452,20/01/2019,14:54:24,15,1,33.6,1.0,333.9,333.7,2,1,1.00,CYCLE,N
IND,208,6592,59453,20/01/2019,14:54:53,15,0,19.8,1.1,45.9,45.5,2,1,1.00,CYCLE,S
IND,208,6592,59453,20/01/2019,14:54:54,15,0,19.7,1.1,0.7,0.5,2,1,1.00,CYCLE,S
IND,208,6592,59452,20/01/2019,14:55:29,15,1,30.0,1.0,64.4,64.3,2,1,0.33,CYCLE,N
IND,208,6592,59452,20/01/2019,14:55:39,15,1,15.5,1.0,9.9,9.6,2,1,1.00,CYCLE,N
IND,208,6592,59452,20/01/2019,14:55:48,15,1,14.2,1.0,8.8,8.4,2,1,1.00,CYCLE,N
IND,208,6592,59452,20/01/2019,14:55:48,15,1,14.2,1.0,0.0,0.0,2,1,1.00,CYCLE,N
IND,208,6592,59452,20/01/2019,14:59:02,15,1,20.0,1.1,194.2,193.7,2,1,1.00,CYCLE,N
IND,208,6592,59453,20/01/2019,15:00:21,15,0,25.7,1.0,327.3,327.1,2,1,1.00,CYCLE,S
IND,208,6592,59453,20/01/2019,15:00:25,15,0,18.4,1.1,4.1,4.0,2,1,1.00,CYCLE,S
IND,208,6592,59452,20/01/2019,15:01:51,15,1,20.8,1.0,169.3,169.1,2,1,1.00,CYCLE,N
IND,208,6592,59452,20/01/2019,15:01:52,15,1,21.3,1.1,0.6,0.5,2,1,1.00,CYCLE,N
IND,208,6592,59452,20/01/2019,15:01:52,15,1,21.7,1.1,0.5,0.4,2,1,1.00,CYCLE,N
IND,208,6592,59452,20/01/2019,15:01:54,15,1,24.6,1.0,1.6,1.4,2,1,1.00,CYCLE,N
IND,208,6592,59453,20/01/2019,15:01:58,15,0,19.2,1.0,93.5,93.3,2,1,1.00,CYCLE,S
IND,208,6592,59452,20/01/2019,15:02:59,15,1,36.9,1.1,65.3,65.2,2,1,1.00,CYCLE,N
IND,208,6592,59452,20/01/2019,15:05:40,15,1,22.4,1.0,160.7,160.6,2,1,1.00,CYCLE,N
IND,208,6592,59452,20/01/2019,15:05:49,15,1,14.8,1.0,9.0,8.8,2,1,1.00,CYCLE,N
IND,208,6592,59452,20/01/2019,15:05:49,15,1,14.8,1.0,0.0,0.0,2,1,1.00,CYCLE,N
IND,208,6592,59452,20/01/2019,15:05:49,15,1,14.8,1.0,0.0,0.0,2,1,1.00,CYCLE,N
IND,208,6592,59452,20/01/2019,15:06:22,15,1,21.9,1.0,33.2,32.1,2,1,1.00,CYCLE,N
IND,208,6592,59453,20/01/2019,15:07:11,15,0,21.3,1.1,312.9,312.7,2,1,1.00,CYCLE,S
IND,208,6592,59453,20/01/2019,15:08:26,15,0,22.9,1.0,74.4,74.2,2,1,1.00,CYCLE,S
IND,208,6592,59453,20/01/2019,15:08:27,15,0,18.9,1.0,1.1,1.0,2,1,1.00,CYCLE,S
IND,208,6592,59453,20/01/2019,15:08:30,15,0,19.7,1.0,3.1,2.9,2,1,1.00,CYCLE,S
IND,208,6592,59453,20/01/2019,15:08:31,15,0,19.1,1.0,1.0,0.8,2,1,1.00,CYCLE,S
IND,208,6592,59453,20/01/2019,15:08:40,15,0,23.4,1.1,8.8,8.6,2,1,1.00,CYCLE,S
IND,208,6592,59452,20/01/2019,15:09:12,15,1,21.4,1.1,170.5,170.3,2,1,1.00,CYCLE,N
IND,208,6592,59453,20/01/2019,15:10:23,15,0,25.0,1.0,103.5,103.3,2,1,1.00,CYCLE,S
IND,208,6592,59452,20/01/2019,15:10:29,15,1,26.4,1.0,76.7,76.6,2,1,1.00,CYCLE,N
IND,208,6592,59453,20/01/2019,15:10:53,15,0,22.2,1.1,30.3,30.1,2,1,1.00,CYCLE,S
IND,208,6592,59453,20/01/2019,15:12:22,15,0,26.5,1.0,89.0,88.8,2,1,1.00,CYCLE,S
IND,208,6592,59453,20/01/2019,15:12:54,15,0,13.6,1.1,31.1,31.0,2,1,1.00,CYCLE,S
IND,208,6592,59453,20/01/2019,15:12:56,15,0,13.4,0.9,2.1,1.8,2,1,1.00,CYCLE,S
IND,208,6592,59453,20/01/2019,15:13:05,15,0,24.6,1.1,8.3,7.9,2,1,1.00,CYCLE,S
IND,208,6592,59453,20/01/2019,15:13:17,15,0,19.3,1.0,11.8,11.6,2,1,1.00,CYCLE,S
IND,208,6592,59452,20/01/2019,15:13:19,15,1,21.1,1.0,169.8,169.7,2,1,1.00,CYCLE,N
IND,208,6592,59452,20/01/2019,15:13:20,15,1,27.1,1.0,0.9,0.7,2,1,0.50,CYCLE,N
IND,208,6592,59453,20/01/2019,15:13:20,15,0,27.1,1.0,0.0,0.0,2,1,0.50,CYCLE,S
IND,208,6592,59453,20/01/2019,15:14:01,15,0,24.1,1.0,44.5,44.3,2,1,1.00,CYCLE,S
IND,208,6592,59453,20/01/2019,15:14:26,15,0,23.0,1.1,25.0,24.9,2,1,1.00,CYCLE,S
IND,208,6592,59452,20/01/2019,15:15:16,15,1,30.8,1.1,115.8,115.5,2,1,1.00,CYCLE,N
IND,208,6592,59452,20/01/2019,15:15:21,15,1,26.3,1.1,4.9,4.8,2,1,1.00,CYCLE,N
IND,208,6592,59452,20/01/2019,15:15:49,15,1,33.2,1.1,27.8,27.7,2,1,1.00,CYCLE,N
IND,208,6592,59452,20/01/2019,15:16:11,15,1,18.6,1.1,22.5,22.4,2,1,1.00,CYCLE,N
IND,208,6592,59453,20/01/2019,15:16:20,15,0,19.6,1.1,113.6,113.4,2,1,1.00,CYCLE,S
IND,208,6592,59453,20/01/2019,15:17:50,15,0,12.6,1.0,90.4,90.2,2,1,1.00,CYCLE,S
IND,208,6592,59453,20/01/2019,15:17:50,15,0,12.6,1.0,0.0,0.0,2,1,1.00,CYCLE,S
IND,208,6592,59453,20/01/2019,15:19:42,15,0,20.5,1.1,112.2,111.8,2,1,1.00,CYCLE,S
IND,208,6592,59452,20/01/2019,15:19:43,15,1,17.4,1.1,212.4,212.2,2,1,1.00,CYCLE,N
IND,208,6592,59453,20/01/2019,15:20:20,15,0,19.8,1.0,37.9,37.7,2,1,1.00,CYCLE,S
IND,208,6592,59453,20/01/2019,15:20:44,15,0,32.0,1.1,24.1,24.0,2,1,1.00,CYCLE,S
IND,208,6592,59453,20/01/2019,15:21:45,15,0,20.1,1.1,61.0,60.9,2,1,1.00,CYCLE,S
IND,208,6592,59452,20/01/2019,15:22:33,15,1,28.3,1.0,169.8,169.6,2,1,1.00,CYCLE,N
IND,208,6592,59453,20/01/2019,15:22:58,15,0,24.2,1.0,72.8,72.6,2,1,1.00,CYCLE,S
IND,208,6592,59452,20/01/2019,15:23:31,15,1,31.7,1.0,58.0,57.8,2,1,1.00,CYCLE,N
IND,208,6592,59453,20/01/2019,15:23:32,15,0,17.8,1.0,33.9,33.8,2,1,1.00,CYCLE,S
IND,208,6592,59453,20/01/2019,15:24:00,15,0,14.4,1.0,27.8,27.6,2,1,1.00,CYCLE,S
IND,208,6592,59453,20/01/2019,15:24:02,15,0,16.8,1.0,2.7,2.4,2,1,1.00,CYCLE,S
IND,208,6592,59452,20/01/2019,15:25:22,15,1,16.2,1.1,110.8,110.7,2,1,1.00,CYCLE,N
IND,208,6592,59452,20/01/2019,15:25:24,15,1,16.4,1.0,2.5,2.2,2,1,1.00,CYCLE,N
IND,208,6592,59452,20/01/2019,15:25:26,15,1,16.8,1.1,1.8,1.5,2,1,1.00,CYCLE,N
IND,208,6592,59452,20/01/2019,15:25:27,15,1,17.0,1.0,0.7,0.5,2,1,1.00,CYCLE,N
IND,208,6592,59452,20/01/2019,15:28:03,15,1,22.6,1.1,156.4,156.1,2,1,1.00,CYCLE,N
IND,208,6592,59452,20/01/2019,15:29:39,15,1,24.9,1.1,95.8,95.6,2,1,1.00,CYCLE,N
IND,208,6592,59452,20/01/2019,15:29:40,15,1,22.7,1.1,1.4,1.3,2,1,1.00,CYCLE,N
IND,208,6592,59452,20/01/2019,15:30:33,15,1,28.5,1.0,53.1,52.9,2,1,1.00,CYCLE,N
IND,208,6592,59453,20/01/2019,15:31:05,15,0,21.0,1.0,422.9,422.7,2,1,1.00,CYCLE,S
IND,208,6592,59452,20/01/2019,15:31:35,15,1,10.7,1.0,61.4,61.4,2,1,1.00,CYCLE,N
IND,208,6592,59452,20/01/2019,15:31:35,15,1,10.7,1.0,0.0,0.0,2,1,1.00,CYCLE,N
IND,208,6592,59453,20/01/2019,15:32:03,15,0,26.1,1.0,57.5,57.3,2,1,1.00,CYCLE,S
IND,208,6592,59452,20/01/2019,15:34:25,15,1,22.4,1.1,170.3,169.7,2,1,1.00,CYCLE,N
IND,208,6592,59452,20/01/2019,15:34:30,15,1,18.1,1.1,5.0,4.9,2,1,1.00,CYCLE,N
IND,208,6592,59452,20/01/2019,15:34:34,15,1,16.4,1.0,3.8,3.6,2,1,1.00,CYCLE,N
IND,208,6592,59452,20/01/2019,15:34:40,15,1,15.0,1.0,5.9,5.7,2,1,0.86,CYCLE,N
IND,208,6592,59452,20/01/2019,15:35:32,15,1,22.6,1.0,51.8,51.5,2,1,1.00,CYCLE,N
IND,208,6592,59452,20/01/2019,15:35:38,15,1,20.2,1.0,6.2,6.1,2,1,1.00,CYCLE,N
IND,208,6592,59453,20/01/2019,15:36:45,15,0,17.5,1.1,281.6,281.5,2,1,1.00,CYCLE,S
IND,208,6592,59453,20/01/2019,15:36:45,15,0,17.6,1.0,0.4,0.2,2,1,1.00,CYCLE,S
IND,208,6592,59452,20/01/2019,15:36:48,15,1,23.0,1.0,69.7,69.5,2,1,1.00,CYCLE,N
IND,208,6592,59452,20/01/2019,15:36:50,15,1,21.6,1.1,1.9,1.7,2,1,1.00,CYCLE,N
IND,208,6592,59452,20/01/2019,15:36:58,15,1,5.5,0.8,8.5,8.5,2,1,0.80,CYCLE,N
IND,208,6592,59452,20/01/2019,15:38:01,15,1,24.8,1.1,63.0,62.4,2,1,1.00,CYCLE,N
IND,208,6592,59453,20/01/2019,15:38:03,15,0,15.2,1.1,77.7,77.5,2,1,1.00,CYCLE,S
IND,208,6592,59452,20/01/2019,15:39:13,15,1,24.4,1.1,72.0,71.8,2,1,1.00,CYCLE,N
IND,208,6592,59453,20/01/2019,15:39:21,15,0,27.5,1.1,78.8,78.6,2,1,1.00,CYCLE,S
IND,208,6592,59453,20/01/2019,15:39:28,15,0,28.2,1.0,6.1,5.9,2,1,1.00,CYCLE,S
IND,208,6592,59453,20/01/2019,15:39:45,15,0,24.1,1.0,17.8,17.7,2,1,1.00,CYCLE,S
IND,208,6592,59453,20/01/2019,15:39:45,15,0,24.1,1.0,0.0,0.0,2,1,1.00,CYCLE,S
IND,208,6592,59452,20/01/2019,15:40:25,15,1,16.5,0.9,71.9,71.8,2,1,1.00,CYCLE,N
IND,208,6592,59452,20/01/2019,15:40:26,15,1,14.6,1.1,0.7,0.5,2,1,1.00,CYCLE,N
IND,208,6592,59452,20/01/2019,15:40:33,15,1,21.2,1.2,7.6,7.3,2,1,1.00,CYCLE,N
IND,208,6592,59452,20/01/2019,15:40:34,15,1,26.0,1.1,1.2,1.0,2,1,1.00,CYCLE,N
IND,208,6592,59453,20/01/2019,15:42:20,15,0,23.7,1.0,128.0,127.6,2,1,1.00,CYCLE,S
IND,208,6592,59452,20/01/2019,15:42:24,15,1,22.8,1.1,109.4,109.3,2,1,1.00,CYCLE,N
IND,208,6592,59452,20/01/2019,15:42:31,15,1,22.6,1.1,7.0,6.8,2,1,1.00,CYCLE,N
IND,208,6592,59452,20/01/2019,15:42:33,15,1,21.4,1.1,2.3,2.1,2,1,1.00,CYCLE,N
IND,208,6592,59452,20/01/2019,15:43:42,15,1,27.0,1.1,68.7,68.5,2,1,1.00,CYCLE,N
IND,208,6592,59453,20/01/2019,15:44:08,15,0,16.9,1.0,108.3,108.2,2,1,1.00,CYCLE,S
IND,208,6592,59453,20/01/2019,15:44:17,15,0,15.0,1.1,8.9,8.7,2,1,1.00,CYCLE,S
IND,208,6592,59453,20/01/2019,15:45:22,15,0,26.0,1.1,64.6,64.3,2,1,1.00,CYCLE,S
IND,208,6592,59452,20/01/2019,15:45:25,15,1,27.7,1.0,102.9,102.8,2,1,1.00,CYCLE,N
IND,208,6592,59452,20/01/2019,15:45:26,15,1,26.6,1.1,1.2,1.1,2,1,1.00,CYCLE,N
IND,208,6592,59452,20/01/2019,15:46:31,15,1,25.3,1.0,65.1,64.9,2,1,1.00,CYCLE,N
IND,208,6592,59453,20/01/2019,15:46:43,15,0,23.5,1.0,81.5,81.4,2,1,1.00,CYCLE,S
IND,208,6592,59452,20/01/2019,15:47:24,15,1,23.7,1.1,53.4,53.2,2,1,1.00,CYCLE,N
IND,208,6592,59452,20/01/2019,15:47:42,15,1,22.4,1.1,17.6,17.5,2,1,1.00,CYCLE,N
IND,208,6592,59452,20/01/2019,15:47:42,15,1,22.0,1.0,0.4,0.2,2,1,1.00,CYCLE,N
IND,208,6592,59452,20/01/2019,15:47:44,15,1,20.8,1.0,2.2,2.0,2,1,1.00,CYCLE,N
IND,208,6592,59452,20/01/2019,15:49:04,15,1,13.0,1.1,80.0,79.8,2,1,1.00,CYCLE,N
IND,208,6592,59452,20/01/2019,15:49:09,15,1,11.6,1.0,4.4,4.1,2,1,1.00,CYCLE,N
IND,208,6592,59453,20/01/2019,15:49:20,15,0,17.1,1.1,157.1,156.9,2,1,1.00,CYCLE,S
IND,208,6592,59452,20/01/2019,15:49:32,15,1,27.7,1.0,22.8,22.4,2,1,1.00,CYCLE,N
IND,208,6592,59452,20/01/2019,15:51:15,15,1,33.3,1.1,103.1,102.9,2,1,1.00,CYCLE,N
IND,208,6592,59452,20/01/2019,15:51:45,15,1,15.9,1.1,30.5,30.4,2,1,1.00,CYCLE,N
IND,208,6592,59453,20/01/2019,15:52:18,15,0,14.7,1.0,177.3,177.1,2,1,1.00,CYCLE,S
IND,208,6592,59453,20/01/2019,15:52:19,15,0,13.8,0.9,1.3,1.0,2,1,1.00,CYCLE,S
IND,208,6592,59453,20/01/2019,15:52:20,15,0,14.3,1.0,0.8,0.6,2,1,1.00,CYCLE,S
IND,208,6592,59453,20/01/2019,15:52:35,15,0,16.3,1.1,15.3,15.0,2,1,1.00,CYCLE,S
IND,208,6592,59453,20/01/2019,15:52:39,15,0,17.3,0.7,3.8,3.6,2,1,1.00,CYCLE,S
IND,208,6592,59453,20/01/2019,15:52:41,15,0,18.0,0.9,2.7,2.5,2,1,1.00,CYCLE,S
IND,208,6592,59453,20/01/2019,15:52:44,15,0,15.1,1.1,2.5,2.4,2,1,1.00,CYCLE,S
IND,208,6592,59452,20/01/2019,15:54:28,15,1,27.6,1.1,162.7,162.4,2,1,1.00,CYCLE,N
IND,208,6592,59452,20/01/2019,15:54:34,15,1,27.3,1.0,6.3,6.2,2,1,1.00,CYCLE,N
IND,208,6592,59452,20/01/2019,15:54:37,15,1,23.0,1.0,3.1,3.0,2,1,1.00,CYCLE,N
IND,208,6592,59453,20/01/2019,15:55:03,15,0,22.9,1.1,139.1,138.9,2,1,1.00,CYCLE,S
IND,208,6592,59453,20/01/2019,15:55:08,15,0,16.1,1.0,4.7,4.5,2,1,1.00,CYCLE,S
IND,208,6592,59453,20/01/2019,15:55:08,15,0,16.1,1.0,0.0,0.0,2,1,1.00,CYCLE,S
IND,208,6592,59452,20/01/2019,15:58:56,15,1,24.5,1.0,258.9,258.7,2,1,1.00,CYCLE,N
IND,208,6592,59452,20/01/2019,16:01:55,15,1,28.3,1.0,179.2,179.0,2,1,1.00,CYCLE,N
IND,208,6592,59452,20/01/2019,16:01:59,15,1,18.8,1.1,3.4,3.3,2,1,1.00,CYCLE,N
IND,208,6592,59452,20/01/2019,16:02:00,15,1,18.1,1.0,1.5,1.3,2,1,1.00,CYCLE,N
IND,208,6592,59452,20/01/2019,16:02:02,15,1,16.7,0.9,1.4,1.2,2,1,1.00,CYCLE,N
IND,208,6592,59453,20/01/2019,16:02:50,15,0,18.1,1.0,461.9,461.6,2,1,0.86,CYCLE,S
IND,208,6592,59452,20/01/2019,16:03:29,15,1,15.6,1.0,87.1,86.9,2,1,0.86,CYCLE,N
IND,208,6592,59452,20/01/2019,16:05:16,15,1,30.7,1.0,107.5,107.2,2,1,1.00,CYCLE,N
IND,208,6592,59452,20/01/2019,16:05:57,15,1,28.8,1.0,40.5,40.3,2,1,1.00,CYCLE,N
IND,208,6592,59452,20/01/2019,16:06:04,15,1,19.4,1.0,7.5,7.4,2,1,1.00,CYCLE,N
IND,208,6592,59452,20/01/2019,16:06:04,15,1,19.4,1.0,0.0,0.0,2,1,1.00,CYCLE,N
IND,208,6592,59453,20/01/2019,16:07:52,15,0,18.9,1.1,302.8,302.6,2,1,1.00,CYCLE,S
IND,208,6592,59452,20/01/2019,16:08:35,15,1,28.9,1.0,151.3,151.0,2,1,1.00,CYCLE,N
IND,208,6592,59452,20/01/2019,16:08:45,15,1,25.8,1.0,9.4,9.3,2,1,1.00,CYCLE,N
IND,208,6592,59453,20/01/2019,16:09:09,15,0,21.2,1.0,76.3,76.1,2,1,1.00,CYCLE,S
IND,208,6592,59452,20/01/2019,16:10:08,15,1,22.5,1.0,83.1,83.0,2,1,1.00,CYCLE,N
IND,208,6592,59452,20/01/2019,16:10:10,15,1,21.1,1.0,2.4,2.2,2,1,1.00,CYCLE,N
IND,208,6592,59453,20/01/2019,16:11:54,15,0,23.8,1.0,101.4,101.4,2,1,1.00,CYCLE,S
IND,208,6592,59453,20/01/2019,16:11:54,15,0,23.8,1.0,0.0,0.0,2,1,1.00,CYCLE,S
IND,208,6592,59453,20/01/2019,16:13:03,15,0,23.3,1.0,69.1,68.9,2,1,0.50,CYCLE,S
IND,208,6592,59452,20/01/2019,16:13:03,15,1,23.3,1.0,0.0,0.0,2,1,0.50,CYCLE,N
IND,208,6592,59453,20/01/2019,16:13:18,15,0,18.3,1.0,14.9,14.5,2,1,1.00,CYCLE,S
IND,208,6592,59452,20/01/2019,16:14:12,15,1,28.5,1.0,241.7,241.5,2,1,1.00,CYCLE,N
IND,208,6592,59452,20/01/2019,16:14:17,15,1,23.6,1.0,4.5,4.4,2,1,1.00,CYCLE,N
IND,208,6592,59452,20/01/2019,16:14:20,15,1,24.6,1.1,3.8,3.7,2,1,1.00,CYCLE,N
IND,208,6592,59453,20/01/2019,16:14:30,15,0,21.4,1.1,71.7,71.5,2,1,1.00,CYCLE,S
IND,208,6592,59453,20/01/2019,16:14:36,15,0,18.3,1.1,5.9,5.8,2,1,1.00,CYCLE,S
IND,208,6592,59452,20/01/2019,16:15:53,15,1,29.5,1.0,93.0,92.8,2,1,1.00,CYCLE,N
IND,208,6592,59452,20/01/2019,16:15:59,15,1,24.5,1.0,5.2,5.1,2,1,1.00,CYCLE,N
IND,208,6592,59452,20/01/2019,16:16:57,15,1,21.4,1.0,58.8,58.6,2,1,1.00,CYCLE,N
IND,208,6592,59453,20/01/2019,16:17:16,15,0,20.8,1.0,159.6,159.4,2,1,1.00,CYCLE,S
IND,208,6592,59453,20/01/2019,16:17:51,15,0,21.9,1.0,35.1,34.9,2,1,1.00,CYCLE,S
IND,208,6592,59452,20/01/2019,16:18:26,15,1,16.8,1.1,88.6,88.4,2,1,1.00,CYCLE,N
IND,208,6592,59453,20/01/2019,16:18:47,15,0,24.2,1.1,56.2,56.1,2,1,1.00,CYCLE,S
IND,208,6592,59453,20/01/2019,16:18:49,15,0,23.7,1.1,2.3,2.1,2,1,1.00,CYCLE,S
IND,208,6592,59452,20/01/2019,16:18:55,15,1,18.2,1.1,29.3,29.1,2,1,1.00,CYCLE,N
IND,208,6592,59452,20/01/2019,16:19:00,15,1,17.7,1.0,4.9,4.7,2,1,1.00,CYCLE,N
IND,208,6592,59453,20/01/2019,16:19:28,15,0,18.3,1.0,39.3,39.1,2,1,1.00,CYCLE,S
IND,208,6592,59452,20/01/2019,16:22:34,15,1,5.0,1.0,213.9,213.9,2,1,0.80,CYCLE,N
IND,208,6592,59453,20/01/2019,16:24:13,15,0,16.2,1.0,284.1,283.9,2,1,1.00,CYCLE,S
IND,208,6592,59453,20/01/2019,16:24:19,15,0,17.6,1.0,6.0,5.8,2,1,1.00,CYCLE,S
IND,208,6592,59452,20/01/2019,16:25:06,15,1,29.0,1.0,151.4,150.3,2,1,1.00,CYCLE,N
IND,208,6592,59452,20/01/2019,16:25:16,15,1,17.6,1.0,11.0,10.9,2,1,1.00,CYCLE,N
IND,208,6592,59452,20/01/2019,16:25:16,15,1,17.6,1.0,0.0,0.0,2,1,1.00,CYCLE,N
IND,208,6592,59452,20/01/2019,16:26:42,15,1,30.1,1.1,85.1,84.6,2,1,1.00,CYCLE,N
IND,208,6592,59453,20/01/2019,16:27:30,15,0,25.6,1.0,191.0,190.8,2,1,1.00,CYCLE,S
IND,208,6592,59452,20/01/2019,16:29:31,15,1,20.7,1.0,169.3,169.2,2,1,1.00,CYCLE,N
IND,208,6592,59452,20/01/2019,16:31:07,15,1,25.4,1.1,96.6,96.4,2,1,1.00,CYCLE,N
IND,208,6592,59452,20/01/2019,16:31:13,15,1,19.7,1.0,5.7,5.5,2,1,1.00,CYCLE,N
IND,208,6592,59452,20/01/2019,16:32:00,15,1,29.4,1.1,46.5,46.3,2,1,1.00,CYCLE,N
IND,208,6592,59452,20/01/2019,16:32:02,15,1,26.7,1.1,2.7,2.6,2,1,1.00,CYCLE,N
IND,208,6592,59452,20/01/2019,16:32:08,15,1,21.8,0.8,5.3,5.1,2,1,1.00,CYCLE,N
IND,208,6592,59452,20/01/2019,16:32:13,15,1,15.7,0.8,5.3,5.2,2,1,1.00,CYCLE,N
IND,208,6592,59452,20/01/2019,16:32:16,15,1,16.5,1.1,3.4,3.3,2,1,1.00,CYCLE,N
IND,208,6592,59452,20/01/2019,16:33:31,15,1,25.5,1.0,74.4,74.2,2,1,1.00,CYCLE,N
IND,208,6592,59452,20/01/2019,16:33:37,15,1,15.7,1.1,6.3,6.1,2,1,1.00,CYCLE,N
IND,208,6592,59452,20/01/2019,16:33:50,15,1,22.5,1.1,13.1,12.9,2,1,1.00,CYCLE,N
IND,208,6592,59452,20/01/2019,16:33:51,15,1,20.4,1.0,0.8,0.6,2,1,1.00,CYCLE,N
IND,208,6592,59452,20/01/2019,16:33:55,15,1,17.5,1.0,3.7,3.6,2,1,1.00,CYCLE,N
IND,208,6592,59452,20/01/2019,16:34:12,15,1,20.9,1.1,17.7,17.5,2,1,1.00,CYCLE,N
IND,208,6592,59453,20/01/2019,16:35:59,15,0,23.1,1.1,509.2,509.0,2,1,1.00,CYCLE,S
IND,208,6592,59452,20/01/2019,16:37:29,15,1,24.6,1.1,196.5,196.3,2,1,1.00,CYCLE,N
IND,208,6592,59453,20/01/2019,16:38:42,15,0,8.9,1.0,163.3,163.2,2,1,1.00,CYCLE,S
IND,208,6592,59453,20/01/2019,16:39:00,15,0,18.5,1.0,18.1,17.7,2,1,1.00,CYCLE,S
IND,208,6592,59453,20/01/2019,16:39:00,15,0,18.5,1.0,0.0,0.0,2,1,1.00,CYCLE,S
IND,208,6592,59452,20/01/2019,16:39:20,15,1,23.4,1.0,110.9,110.8,2,1,1.00,CYCLE,N
IND,208,6592,59453,20/01/2019,16:39:27,15,0,24.4,1.0,26.7,26.3,2,1,1.00,CYCLE,S
IND,208,6592,59452,20/01/2019,16:40:18,15,1,19.6,1.1,58.3,58.1,2,1,1.00,CYCLE,N
IND,208,6592,59452,20/01/2019,16:41:25,15,1,20.0,1.1,66.7,66.5,2,1,1.00,CYCLE,N
IND,208,6592,59452,20/01/2019,16:43:24,15,1,23.5,1.1,119.3,119.1,2,1,1.00,CYCLE,N
IND,208,6592,59452,20/01/2019,16:43:35,15,1,17.9,1.1,11.4,11.3,2,1,1.00,CYCLE,N
IND,208,6592,59453,20/01/2019,16:43:40,15,0,24.9,1.1,253.3,253.1,2,1,1.00,CYCLE,S
IND,208,6592,59453,20/01/2019,16:43:48,15,0,22.4,1.1,7.8,7.6,2,1,1.00,CYCLE,S
IND,208,6592,59452,20/01/2019,16:44:16,15,1,21.0,1.1,40.8,40.6,2,1,1.00,CYCLE,N
IND,208,6592,59452,20/01/2019,16:44:21,15,1,16.7,1.0,5.2,5.0,2,1,1.00,CYCLE,N
IND,208,6592,59452,20/01/2019,16:44:39,15,1,26.4,0.9,17.3,17.0,2,1,1.00,CYCLE,N
IND,208,6592,59452,20/01/2019,16:45:02,15,1,18.2,1.0,23.6,23.5,2,1,1.00,CYCLE,N
IND,208,6592,59452,20/01/2019,16:45:03,15,1,16.2,1.1,0.6,0.4,2,1,1.00,CYCLE,N
IND,208,6592,59453,20/01/2019,16:45:21,15,0,20.2,1.1,92.6,92.4,2,1,1.00,CYCLE,S
IND,208,6592,59452,20/01/2019,16:45:52,15,1,22.1,1.1,49.4,49.1,2,1,1.00,CYCLE,N
IND,208,6592,59452,20/01/2019,16:45:53,15,1,21.9,1.1,1.2,1.0,2,1,1.00,CYCLE,N
IND,208,6592,59452,20/01/2019,16:47:35,15,1,19.6,1.0,101.9,101.7,2,1,1.00,CYCLE,N
IND,208,6592,59452,20/01/2019,16:48:58,15,1,26.8,1.0,72.9,72.4,2,1,1.00,CYCLE,N
IND,208,6592,59452,20/01/2019,16:49:05,15,1,23.4,1.0,6.8,6.7,2,1,1.00,CYCLE,N
IND,208,6592,59452,20/01/2019,16:49:06,15,1,22.5,1.0,0.7,0.6,2,1,1.00,CYCLE,N
IND,208,6592,59452,20/01/2019,16:49:06,15,1,22.6,1.0,0.6,0.5,2,1,1.00,CYCLE,N
IND,208,6592,59452,20/01/2019,16:50:34,15,1,24.5,1.1,87.5,87.4,2,1,1.00,CYCLE,N
IND,208,6592,59452,20/01/2019,16:52:34,15,1,25.4,1.1,119.7,119.5,2,1,1.00,CYCLE,N
IND,208,6592,59452,20/01/2019,16:52:36,15,1,23.7,1.0,2.0,1.8,2,1,1.00,CYCLE,N
IND,208,6592,59452,20/01/2019,16:52:42,15,1,18.5,1.0,6.0,5.8,2,1,1.00,CYCLE,N
IND,208,6592,59452,20/01/2019,16:54:00,15,1,28.7,1.0,78.6,78.3,2,1,1.00,CYCLE,N
IND,208,6592,59453,20/01/2019,16:54:07,15,0,22.9,1.1,526.6,526.4,2,1,1.00,CYCLE,S
IND,208,6592,59452,20/01/2019,16:57:40,15,1,26.3,1.1,219.8,219.7,2,1,1.00,CYCLE,N
IND,208,6592,59453,20/01/2019,16:57:58,15,0,24.5,1.0,230.4,230.3,2,1,1.00,CYCLE,S
IND,208,6592,59452,20/01/2019,17:00:58,15,1,17.8,1.0,197.6,197.5,2,1,1.00,CYCLE,N
IND,208,6592,59452,20/01/2019,17:01:00,15,1,18.1,1.0,2.0,1.8,2,1,1.00,CYCLE,N
IND,208,6592,59452,20/01/2019,17:01:01,15,1,29.5,1.0,1.6,1.4,2,1,1.00,CYCLE,N
IND,208,6592,59452,20/01/2019,17:01:20,15,1,23.7,1.0,18.4,18.3,2,1,1.00,CYCLE,N
IND,208,6592,59453,20/01/2019,17:01:31,15,0,33.4,1.0,213.1,213.0,2,1,1.00,CYCLE,S
IND,208,6592,59452,20/01/2019,17:03:16,15,1,24.6,1.0,116.7,116.5,2,1,1.00,CYCLE,N
IND,208,6592,59452,20/01/2019,17:03:20,15,1,23.7,1.1,3.3,3.2,2,1,1.00,CYCLE,N
IND,208,6592,59452,20/01/2019,17:04:47,15,1,29.0,1.0,87.4,87.3,2,1,1.00,CYCLE,N
IND,208,6592,59453,20/01/2019,17:05:06,15,0,20.6,1.1,215.4,215.3,2,1,1.00,CYCLE,S
IND,208,6592,59453,20/01/2019,17:05:15,15,0,18.5,1.1,8.7,8.6,2,1,1.00,CYCLE,S
IND,208,6592,59452,20/01/2019,17:07:37,15,1,24.0,1.1,4.4,4.2,2,1,1.00,CYCLE,N
IND,208,6592,59452,20/01/2019,17:07:38,15,1,24.8,1.1,1.1,0.9,2,1,1.00,CYCLE,N
IND,208,6592,59452,20/01/2019,17:07:41,15,1,23.1,1.1,2.3,2.1,2,1,1.00,CYCLE,N
IND,208,6592,59452,20/01/2019,17:07:55,15,1,16.8,1.0,14.5,14.4,2,1,1.00,CYCLE,N
IND,208,6592,59452,20/01/2019,17:11:31,15,1,20.2,1.0,215.9,215.7,2,1,1.00,CYCLE,N
IND,208,6592,59453,20/01/2019,17:13:18,15,0,20.1,1.1,483.5,483.3,2,1,1.00,CYCLE,S
IND,208,6592,59452,20/01/2019,17:14:37,15,1,29.0,1.0,185.6,185.4,2,1,1.00,CYCLE,N
IND,208,6592,59452,20/01/2019,17:14:43,15,1,21.8,1.0,6.1,6.0,2,1,1.00,CYCLE,N
IND,208,6592,59452,20/01/2019,17:14:51,15,1,17.8,1.1,8.8,8.6,2,1,1.00,CYCLE,N
IND,208,6592,59452,20/01/2019,17:16:28,15,1,28.0,1.1,96.9,96.6,2,1,1.00,CYCLE,N
IND,208,6592,59452,20/01/2019,17:16:36,15,1,23.7,1.0,7.6,7.5,2,1,1.00,CYCLE,N
IND,208,6592,59452,20/01/2019,17:17:42,15,1,22.6,1.0,65.8,65.6,2,1,1.00,CYCLE,N
IND,208,6592,59452,20/01/2019,17:18:16,15,1,27.0,1.1,34.7,34.6,2,1,1.00,CYCLE,N
IND,208,6592,59452,20/01/2019,17:18:34,15,1,18.1,1.1,17.8,17.7,2,1,1.00,CYCLE,N
IND,208,6592,59452,20/01/2019,17:18:35,15,1,17.0,0.9,1.2,1.0,2,1,1.00,CYCLE,N
IND,208,6592,59452,20/01/2019,17:18:38,15,1,17.1,1.0,2.1,1.9,2,1,1.00,CYCLE,N
IND,208,6592,59452,20/01/2019,17:21:45,15,1,20.8,1.1,187.7,187.3,2,1,1.00,CYCLE,N
IND,208,6592,59453,20/01/2019,17:22:47,15,0,27.3,1.0,437.8,437.6,2,1,1.00,CYCLE,S
IND,208,6592,59452,20/01/2019,17:23:17,15,1,22.6,1.1,91.8,91.6,2,1,1.00,CYCLE,N
IND,208,6592,59453,20/01/2019,17:24:47,15,0,20.3,1.0,119.9,119.7,2,1,1.00,CYCLE,S
IND,208,6592,59452,20/01/2019,17:24:47,15,1,30.3,1.0,90.1,89.9,2,1,1.00,CYCLE,N
IND,208,6592,59452,20/01/2019,17:24:54,15,1,25.9,1.0,6.8,6.7,2,1,1.00,CYCLE,N
IND,208,6592,59452,20/01/2019,17:25:02,15,1,22.4,1.0,8.2,8.1,2,1,1.00,CYCLE,N
IND,208,6592,59452,20/01/2019,17:25:04,15,1,21.3,1.1,2.2,2.1,2,1,1.00,CYCLE,N
IND,208,6592,59453,20/01/2019,17:26:11,15,0,24.9,1.1,84.5,84.3,2,1,1.00,CYCLE,S
IND,208,6592,59453,20/01/2019,17:26:12,15,0,24.5,1.0,0.6,0.4,2,1,1.00,CYCLE,S
IND,208,6592,59453,20/01/2019,17:26:14,15,0,19.7,1.1,1.9,1.8,2,1,1.00,CYCLE,S
IND,208,6592,59453,20/01/2019,17:26:19,15,0,21.3,1.0,4.7,4.5,2,1,1.00,CYCLE,S
IND,208,6592,59452,20/01/2019,17:26:58,15,1,18.2,1.0,113.7,113.5,2,1,1.00,CYCLE,N
IND,208,6592,59452,20/01/2019,17:26:58,15,1,18.2,1.0,0.0,0.0,2,1,1.00,CYCLE,N
IND,208,6592,59452,20/01/2019,17:29:53,15,1,27.1,1.1,174.9,174.6,2,1,1.00,CYCLE,N
IND,208,6592,59452,20/01/2019,17:29:58,15,1,21.7,1.0,5.3,5.2,2,1,1.00,CYCLE,N
IND,208,6592,59452,20/01/2019,17:30:52,15,1,21.2,1.0,53.7,53.5,2,1,1.00,CYCLE,N
IND,208,6592,59452,20/01/2019,17:31:44,15,1,18.5,1.1,51.7,51.5,2,1,1.00,CYCLE,N
IND,208,6592,59452,20/01/2019,17:32:16,15,1,30.7,1.1,31.8,31.6,2,1,1.00,CYCLE,N
IND,208,6592,59452,20/01/2019,17:32:19,15,1,22.6,1.0,3.0,2.9,2,1,1.00,CYCLE,N
IND,208,6592,59453,20/01/2019,17:33:46,15,0,22.6,1.0,447.7,447.6,2,1,1.00,CYCLE,S
IND,208,6592,59452,20/01/2019,17:34:54,15,1,32.3,1.0,155.2,155.0,2,1,1.00,CYCLE,N
IND,208,6592,59452,20/01/2019,17:35:53,15,1,13.0,1.0,58.5,58.5,2,1,1.00,CYCLE,N
IND,208,6592,59452,20/01/2019,17:35:54,15,1,13.7,1.1,1.2,0.9,2,1,1.00,CYCLE,N
IND,208,6592,59452,20/01/2019,17:38:37,15,1,12.6,1.1,163.1,162.8,2,1,1.00,CYCLE,N
IND,208,6592,59452,20/01/2019,17:41:37,15,1,25.6,1.1,179.5,179.1,2,1,1.00,CYCLE,N
IND,208,6592,59452,20/01/2019,17:41:39,15,1,29.8,1.0,2.2,2.0,2,1,1.00,CYCLE,N
IND,208,6592,59453,20/01/2019,17:41:53,15,0,19.9,1.1,486.9,486.7,2,1,1.00,CYCLE,S
IND,208,6592,59453,20/01/2019,17:42:55,15,0,17.9,1.1,62.3,62.2,2,1,1.00,CYCLE,S
IND,208,6592,59453,20/01/2019,17:45:24,15,0,14.9,1.0,148.8,148.6,2,1,1.00,CYCLE,S
IND,208,6592,59452,20/01/2019,17:45:28,15,1,34.2,1.1,228.8,228.7,2,1,1.00,CYCLE,N
IND,208,6592,59452,20/01/2019,17:46:31,15,1,30.4,1.0,63.1,63.0,2,1,1.00,CYCLE,N
IND,208,6592,59452,20/01/2019,17:47:30,15,1,22.4,1.1,58.8,58.7,2,1,1.00,CYCLE,N
IND,208,6592,59452,20/01/2019,17:47:40,15,1,21.1,1.1,10.6,10.4,2,1,1.00,CYCLE,N
IND,208,6592,59452,20/01/2019,17:50:08,15,1,25.0,1.1,147.4,147.2,2,1,1.00,CYCLE,N
IND,208,6592,59453,20/01/2019,17:50:22,15,0,22.0,1.0,297.7,297.4,2,1,1.00,CYCLE,S
IND,208,6592,59453,20/01/2019,17:51:26,15,0,26.2,1.0,64.4,64.2,2,1,1.00,CYCLE,S
IND,208,6592,59452,20/01/2019,17:52:50,15,1,19.9,1.1,162.1,161.9,2,1,1.00,CYCLE,N
IND,208,6592,59453,20/01/2019,17:53:16,15,0,22.0,1.1,109.2,109.0,2,1,1.00,CYCLE,S
IND,208,6592,59452,20/01/2019,17:54:13,15,1,29.4,1.0,83.8,83.6,2,1,1.00,CYCLE,N
IND,208,6592,59452,20/01/2019,17:54:13,15,1,29.4,1.0,0.0,0.0,2,1,1.00,CYCLE,N
IND,208,6592,59453,20/01/2019,17:57:33,15,0,25.7,1.1,257.0,256.8,2,1,1.00,CYCLE,S
IND,208,6592,59453,20/01/2019,17:57:45,15,0,20.9,1.0,12.6,12.5,2,1,1.00,CYCLE,S
IND,208,6592,59452,20/01/2019,17:57:51,15,1,23.0,1.0,217.2,216.7,2,1,0.57,CYCLE,N
IND,208,6592,59452,20/01/2019,18:00:13,15,1,19.1,1.1,142.1,142.0,2,1,1.00,CYCLE,N
IND,208,6592,59452,20/01/2019,18:01:22,15,1,23.9,1.0,69.2,69.0,2,1,1.00,CYCLE,N
IND,208,6592,59452,20/01/2019,18:03:43,15,1,21.5,1.1,140.5,140.4,2,1,1.00,CYCLE,N
IND,208,6592,59453,20/01/2019,18:04:56,15,0,29.9,1.0,430.9,430.7,2,1,1.00,CYCLE,S
IND,208,6592,59452,20/01/2019,18:05:24,15,1,19.5,1.1,101.9,101.8,2,1,1.00,CYCLE,N
IND,208,6592,59452,20/01/2019,18:08:57,15,1,22.5,1.1,212.9,212.6,2,1,1.00,CYCLE,N
IND,208,6592,59452,20/01/2019,18:10:37,15,1,26.5,1.0,100.1,99.9,2,1,1.00,CYCLE,N
IND,208,6592,59453,20/01/2019,18:10:43,15,0,20.9,1.1,346.5,346.4,2,1,1.00,CYCLE,S
IND,208,6592,59452,20/01/2019,18:10:45,15,1,21.3,1.1,7.8,7.7,2,1,1.00,CYCLE,N
IND,208,6592,59452,20/01/2019,18:10:46,15,1,17.7,1.0,0.6,0.4,2,1,1.00,CYCLE,N
IND,208,6592,59452,20/01/2019,18:11:06,15,1,26.9,1.1,20.4,20.2,2,1,1.00,CYCLE,N
IND,208,6592,59452,20/01/2019,18:13:26,15,1,17.8,1.0,140.3,140.2,2,1,1.00,CYCLE,N
IND,208,6592,59452,20/01/2019,18:15:05,15,1,24.7,1.0,98.5,98.3,2,1,1.00,CYCLE,N
IND,208,6592,59452,20/01/2019,18:16:40,15,1,28.6,1.0,95.2,95.0,2,1,1.00,CYCLE,N
IND,208,6592,59452,20/01/2019,18:20:02,15,1,33.9,1.0,201.5,201.4,2,1,1.00,CYCLE,N
IND,208,6592,59452,20/01/2019,18:23:12,15,1,43.0,1.1,190.5,190.4,2,1,1.00,CYCLE,N
IND,208,6592,59452,20/01/2019,18:24:01,15,1,21.0,1.0,48.8,48.7,2,1,1.00,CYCLE,N
IND,208,6592,59453,20/01/2019,18:26:26,15,0,10.7,1.1,943.8,943.6,2,1,1.00,CYCLE,S
IND,208,6592,59452,20/01/2019,18:28:33,15,1,29.2,1.1,272.3,272.2,2,1,1.00,CYCLE,N
IND,208,6592,59452,20/01/2019,18:30:17,15,1,26.9,1.0,104.2,104.0,2,1,1.00,CYCLE,N
IND,208,6592,59452,20/01/2019,18:30:20,15,1,27.9,1.1,2.5,2.3,2,1,1.00,CYCLE,N
IND,208,6592,59452,20/01/2019,18:30:20,15,1,27.6,1.0,0.6,0.5,2,1,1.00,CYCLE,N
IND,208,6592,59452,20/01/2019,18:31:05,15,1,17.5,1.1,44.1,44.0,2,1,1.00,CYCLE,N
IND,208,6592,59453,20/01/2019,18:31:34,15,0,22.9,1.1,307.3,307.0,2,1,1.00,CYCLE,S
IND,208,6592,59453,20/01/2019,18:34:31,15,0,21.5,1.0,177.0,176.8,2,1,1.00,CYCLE,S
IND,208,6592,59452,20/01/2019,18:35:29,15,1,25.4,1.0,264.8,264.5,2,1,1.00,CYCLE,N
IND,208,6592,59452,20/01/2019,18:35:55,15,1,18.6,1.1,25.4,25.3,2,1,1.00,CYCLE,N
IND,208,6592,59452,20/01/2019,18:36:42,15,1,30.5,1.0,46.9,46.6,2,1,1.00,CYCLE,N
IND,208,6592,59453,20/01/2019,18:36:52,15,0,31.6,1.0,141.4,141.2,2,1,1.00,CYCLE,S
IND,208,6592,59452,20/01/2019,18:39:32,15,1,20.5,1.0,170.4,170.3,2,1,1.00,CYCLE,N
IND,208,6592,59453,20/01/2019,18:45:13,15,0,18.0,1.0,501.4,501.3,2,1,1.00,CYCLE,S
IND,208,6592,59452,20/01/2019,18:46:33,15,1,26.5,1.1,420.6,420.5,2,1,1.00,CYCLE,N
IND,208,6592,59452,20/01/2019,18:47:04,15,1,15.9,1.1,31.5,31.4,2,1,1.00,CYCLE,N
IND,208,6592,59452,20/01/2019,18:49:02,15,1,17.8,1.1,117.5,117.3,2,1,1.00,CYCLE,N
IND,208,6592,59452,20/01/2019,18:49:03,15,1,17.6,0.9,0.8,0.6,2,1,1.00,CYCLE,N
IND,208,6592,59452,20/01/2019,18:49:06,15,1,15.1,1.0,4.0,3.8,2,1,1.00,CYCLE,N
IND,208,6592,59452,20/01/2019,18:49:07,15,1,16.0,1.0,0.4,0.1,2,1,1.00,CYCLE,N
IND,208,6592,59452,20/01/2019,18:49:08,15,1,16.9,1.0,0.7,0.5,2,1,1.00,CYCLE,N
IND,208,6592,59453,20/01/2019,18:51:21,15,0,16.5,1.0,367.2,367.0,2,1,1.00,CYCLE,S
IND,208,6592,59453,20/01/2019,18:52:04,15,0,19.1,1.0,43.3,43.1,2,1,1.00,CYCLE,S
IND,208,6592,59453,20/01/2019,18:52:04,15,0,19.1,1.0,0.0,0.0,2,1,1.00,CYCLE,S
IND,208,6592,59452,20/01/2019,18:53:10,15,1,20.8,1.0,242.7,242.5,2,1,1.00,CYCLE,N
IND,208,6592,59452,20/01/2019,18:53:10,15,1,20.8,1.0,0.0,0.0,2,1,1.00,CYCLE,N
IND,208,6592,59453,20/01/2019,18:53:43,15,0,20.2,1.1,98.9,98.6,2,1,1.00,CYCLE,S
IND,208,6592,59453,20/01/2019,18:53:51,15,0,22.2,1.0,7.6,7.5,2,1,1.00,CYCLE,S
IND,208,6592,59453,20/01/2019,18:54:11,15,0,24.4,1.0,20.5,20.3,2,1,1.00,CYCLE,S
IND,208,6592,59452,20/01/2019,18:55:26,15,1,26.3,1.0,135.6,135.3,2,1,1.00,CYCLE,N
IND,208,6592,59452,20/01/2019,18:55:32,15,1,22.1,1.1,6.2,6.1,2,1,1.00,CYCLE,N
IND,208,6592,59452,20/01/2019,18:56:26,15,1,24.0,1.2,53.7,53.5,2,1,1.00,CYCLE,N
IND,208,6592,59452,20/01/2019,18:58:36,15,1,20.1,1.1,130.3,130.2,2,1,1.00,CYCLE,N
IND,208,6592,59452,20/01/2019,18:58:38,15,1,21.0,1.0,1.9,1.7,2,1,1.00,CYCLE,N
IND,208,6592,59452,20/01/2019,19:01:08,15,1,19.7,1.1,149.6,149.4,2,1,1.00,CYCLE,N
IND,208,6592,59452,20/01/2019,19:09:59,15,1,18.6,1.0,531.4,531.2,2,1,1.00,CYCLE,N
IND,208,6592,59453,20/01/2019,19:10:42,15,0,22.6,1.1,991.3,991.2,2,1,1.00,CYCLE,S
IND,208,6592,59452,20/01/2019,19:13:27,15,1,20.5,1.0,207.4,207.2,2,1,1.00,CYCLE,N
IND,208,6592,59452,20/01/2019,19:15:02,15,1,22.7,1.1,95.9,95.8,2,1,1.00,CYCLE,N
IND,208,6592,59452,20/01/2019,19:16:49,15,1,22.1,1.0,106.8,106.6,2,1,1.00,CYCLE,N
IND,208,6592,59452,20/01/2019,19:16:49,15,1,22.1,1.0,0.0,0.0,2,1,1.00,CYCLE,N
IND,208,6592,59453,20/01/2019,19:20:13,15,0,12.9,1.0,570.8,570.7,2,1,1.00,CYCLE,S
IND,208,6592,59453,20/01/2019,19:20:14,15,0,13.5,1.1,0.7,0.4,2,1,1.00,CYCLE,S
IND,208,6592,59452,20/01/2019,19:21:24,15,1,21.0,1.0,195.5,194.8,2,1,1.00,CYCLE,N
IND,208,6592,59452,20/01/2019,19:25:31,15,1,22.5,1.0,246.7,246.5,2,1,1.00,CYCLE,N
IND,208,6592,59452,20/01/2019,19:26:49,15,1,28.3,1.1,78.4,78.3,2,1,1.00,CYCLE,N
IND,208,6592,59453,20/01/2019,19:28:17,15,0,26.3,1.0,483.2,482.9,2,1,1.00,CYCLE,S
IND,208,6592,59452,20/01/2019,19:28:20,15,1,22.0,1.1,90.6,90.5,2,1,1.00,CYCLE,N
IND,208,6592,59452,20/01/2019,19:28:21,15,1,19.7,1.0,1.5,1.4,2,1,1.00,CYCLE,N
IND,208,6592,59452,20/01/2019,19:28:21,15,1,19.7,1.0,0.0,0.0,2,1,1.00,CYCLE,N
IND,208,6592,59452,20/01/2019,19:28:23,15,1,18.6,1.1,1.9,0.5,2,1,1.00,CYCLE,N
IND,208,6592,59452,20/01/2019,19:28:35,15,1,26.1,1.0,11.7,11.5,2,1,1.00,CYCLE,N
IND,208,6592,59452,20/01/2019,19:28:53,15,1,19.8,1.0,17.6,17.5,2,1,0.80,CYCLE,N
IND,208,6592,59452,20/01/2019,19:31:03,15,1,16.1,1.0,130.1,130.0,2,1,1.00,CYCLE,N
IND,208,6592,59452,20/01/2019,19:37:04,15,1,23.3,1.1,361.5,361.3,2,1,1.00,CYCLE,N
IND,208,6592,59452,20/01/2019,19:38:42,15,1,21.9,1.1,98.3,98.1,2,1,1.00,CYCLE,N
IND,208,6592,59452,20/01/2019,19:39:30,15,1,16.3,1.0,47.1,47.0,2,1,1.00,CYCLE,N
IND,208,6592,59453,20/01/2019,19:40:38,15,0,26.2,1.0,741.3,741.2,2,1,1.00,CYCLE,S
IND,208,6592,59452,20/01/2019,19:42:45,15,1,18.6,1.0,195.0,194.8,2,1,1.00,CYCLE,N
IND,208,6592,59453,20/01/2019,19:51:59,15,0,31.3,1.0,680.5,680.3,2,1,1.00,CYCLE,S
IND,208,6592,59452,20/01/2019,20:10:35,15,1,24.2,1.1,1670.7,1670.5,2,1,1.00,CYCLE,N
IND,208,6592,59452,20/01/2019,20:12:14,15,1,24.9,0.8,98.9,98.7,2,1,1.00,CYCLE,N
IND,208,6592,59452,20/01/2019,20:15:21,15,1,29.4,1.1,186.9,186.7,2,1,1.00,CYCLE,N
IND,208,6592,59453,20/01/2019,20:16:04,15,0,19.2,1.0,1445.4,1445.3,2,1,0.75,CYCLE,S
IND,208,6592,59452,20/01/2019,20:22:32,15,1,27.5,1.0,430.6,430.5,2,1,1.00,CYCLE,N
IND,208,6592,59452,20/01/2019,20:24:39,15,1,26.9,1.0,127.8,127.6,2,1,1.00,CYCLE,N
IND,208,6592,59453,20/01/2019,20:28:44,15,0,16.3,1.0,759.2,759.0,2,1,1.00,CYCLE,S
IND,208,6592,59453,20/01/2019,20:28:44,15,0,16.3,1.0,0.0,0.0,2,1,1.00,CYCLE,S
IND,208,6592,59452,20/01/2019,20:29:34,15,1,21.0,1.1,294.3,294.2,2,1,1.00,CYCLE,N
IND,208,6592,59452,20/01/2019,20:31:58,15,1,25.2,1.1,143.8,143.6,2,1,1.00,CYCLE,N
IND,208,6592,59452,20/01/2019,20:32:02,15,1,24.8,1.0,4.6,4.4,2,1,1.00,CYCLE,N
IND,208,6592,59453,20/01/2019,20:33:45,15,0,16.0,1.0,301.7,301.4,2,1,1.00,CYCLE,S
IND,208,6592,59452,20/01/2019,20:37:14,15,1,17.2,1.0,311.9,311.8,2,1,1.00,CYCLE,N
IND,208,6592,59452,20/01/2019,20:37:14,15,1,17.2,1.0,0.0,0.0,2,1,1.00,CYCLE,N
IND,208,6592,59452,20/01/2019,20:47:17,15,1,30.5,1.0,603.4,603.0,2,1,1.00,CYCLE,N
IND,208,6592,59452,20/01/2019,20:53:54,15,1,22.5,1.0,396.3,396.2,2,1,1.00,CYCLE,N
IND,208,6592,59453,20/01/2019,20:58:01,15,0,28.6,1.0,340.4,339.7,2,1,1.00,CYCLE,S
IND,208,6592,59452,20/01/2019,21:04:08,15,1,24.3,1.0,614.1,613.9,2,1,1.00,CYCLE,N
IND,208,6592,59453,20/01/2019,21:08:15,15,0,14.8,0.9,614.7,614.5,2,1,1.00,CYCLE,S
IND,208,6592,59453,20/01/2019,21:08:17,15,0,16.4,1.0,1.3,1.1,2,1,1.00,CYCLE,S
IND,208,6592,59453,20/01/2019,21:08:17,15,0,16.4,1.0,0.0,0.0,2,1,1.00,CYCLE,S
IND,208,6592,59453,20/01/2019,21:08:19,15,0,17.3,0.9,2.0,1.7,2,1,1.00,CYCLE,S
IND,208,6592,59452,20/01/2019,21:09:31,15,1,25.9,1.0,323.2,323.1,2,1,1.00,CYCLE,N
IND,208,6592,59452,20/01/2019,21:13:33,15,1,20.3,1.1,242.0,241.9,2,1,1.00,CYCLE,N
IND,208,6592,59452,20/01/2019,21:24:35,15,1,17.6,1.0,662.2,662.0,2,1,1.00,CYCLE,N
IND,208,6592,59452,20/01/2019,21:24:38,15,1,19.4,1.2,2.9,2.7,2,1,1.00,CYCLE,N
IND,208,6592,59452,20/01/2019,21:25:55,15,1,25.0,1.1,77.0,76.8,2,1,1.00,CYCLE,N
IND,208,6592,59452,20/01/2019,21:29:21,15,1,20.8,1.1,206.1,205.9,2,1,1.00,CYCLE,N
IND,208,6592,59452,20/01/2019,21:30:22,15,1,20.9,1.1,60.5,60.3,2,1,1.00,CYCLE,N
IND,208,6592,59452,20/01/2019,21:32:12,15,1,19.6,1.0,110.2,110.0,2,1,1.00,CYCLE,N
IND,208,6592,59452,20/01/2019,21:32:12,15,1,19.6,1.0,0.0,0.0,2,1,1.00,CYCLE,N
IND,208,6592,59452,20/01/2019,21:39:16,15,1,22.3,1.0,424.0,423.7,2,1,1.00,CYCLE,N
IND,208,6592,59452,20/01/2019,21:39:17,15,1,22.0,1.1,1.4,1.2,2,1,1.00,CYCLE,N
IND,208,6592,59452,20/01/2019,21:39:18,15,1,21.5,1.0,0.4,0.3,2,1,1.00,CYCLE,N
IND,208,6592,59452,20/01/2019,21:39:21,15,1,24.6,1.1,3.2,3.0,2,1,1.00,CYCLE,N
IND,208,6592,59452,20/01/2019,21:39:24,15,1,21.8,1.1,3.2,3.0,2,1,1.00,CYCLE,N
IND,208,6592,59452,20/01/2019,21:42:46,15,1,24.2,1.0,201.8,201.6,2,1,1.00,CYCLE,N
IND,208,6592,59452,20/01/2019,21:47:02,15,1,21.4,1.1,256.6,256.5,2,1,1.00,CYCLE,N
IND,208,6592,59452,20/01/2019,21:52:29,15,1,10.7,1.0,326.3,326.2,2,1,1.00,CYCLE,N
IND,208,6592,59452,20/01/2019,21:59:05,15,1,19.8,1.1,396.2,395.8,2,1,1.00,CYCLE,N
IND,208,6592,59452,20/01/2019,22:03:18,15,1,23.8,1.0,252.9,252.7,2,1,1.00,CYCLE,N
IND,208,6592,59452,20/01/2019,22:08:59,15,1,30.2,1.0,341.4,341.2,2,1,1.00,CYCLE,N
IND,208,6592,59452,20/01/2019,22:10:16,15,1,33.1,1.0,76.5,76.4,2,1,1.00,CYCLE,N
IND,208,6592,59452,20/01/2019,22:16:49,15,1,25.5,1.0,393.8,393.7,2,1,1.00,CYCLE,N
IND,208,6592,59453,20/01/2019,22:31:14,15,0,16.2,1.0,4975.7,4975.5,2,1,1.00,CYCLE,S
IND,208,6592,59452,20/01/2019,22:36:56,15,1,16.8,1.1,1206.9,1206.8,2,1,1.00,CYCLE,N
IND,208,6592,59452,20/01/2019,22:37:26,15,1,22.0,1.0,29.2,29.0,2,1,1.00,CYCLE,N
IND,208,6592,59452,20/01/2019,22:41:40,15,1,14.6,1.0,254.1,254.0,2,1,1.00,CYCLE,N
IND,208,6592,59453,20/01/2019,22:50:26,15,0,17.6,1.1,1151.7,1151.4,2,1,1.00,CYCLE,S
IND,208,6592,59452,20/01/2019,22:55:57,15,1,19.0,1.1,856.8,856.6,2,1,1.00,CYCLE,N
IND,208,6592,59452,20/01/2019,22:56:21,15,1,18.8,1.0,24.2,24.0,2,1,1.00,CYCLE,N
IND,208,6592,59453,20/01/2019,22:56:59,15,0,17.7,1.0,392.8,392.6,2,1,1.00,CYCLE,S
IND,208,6592,59453,20/01/2019,23:20:01,15,0,16.1,1.0,1382.2,1382.0,2,1,1.00,CYCLE,S
IND,208,6592,59453,20/01/2019,23:37:06,15,0,19.1,1.1,1025.5,1025.3,2,1,1.00,CYCLE,S
IND,208,6592,59452,20/01/2019,23:47:52,15,1,25.3,1.0,3091.6,3091.4,2,1,1.00,CYCLE,N
